0 Cascadia, soil class D. Megathrust combine 3 Muncert use hazSUBXnga.test
24.6 50. .1
-125. -100. .1
760.	1	!NEHRP BC vs30
3 periods
0. PGA
../out/SUB.top.9pm.pga
3
5 0.25 1000. 0.5 0   ABsub global
2 0.25 1000. 0.5 0 Geomatrix
7 0.50 1000. 0 0 Zhao
19
.005 .007 .0098 .0137 .0192 .0269 .0376 .0527 .0738 .103 .145 .203 .284 .397 .556 .778 1.09 1.52 2.13 
1.0  sec PSA
../out/SUB.top.9pm.1hz
3
5 0.25 1000. 0.5 0   ABsub global
2 0.25 1000. 0.5 0 Geomatrix
7 0.50 1000. 0 0 Zhao
20
.0025 .00375 .00563 .00844 .0127 .0190 .0285 .0427 .0641 .0961 .144 .216 .324 .487 .730 1.09 1.64 2.46 3.69 5.54
0.2 sec PSA
../out/SUB.top.9pm.5hz
3
5 0.25 1000. 0.5 0   ABsub global
2 0.25 1000. 0.5 0 Geomatrix
7 0.50 1000. 0 0 Zhao
19
.005 .0075 0.0113 .0169 .0253 .0380 .0570 .0854 .128 .192 .288 .432 .649 .973 1.46 2.19 3.28 4.92 7.38 
5.
1. 1000.
2  2   3 Cascadia Megathrust
6.101 1. 8.8 8.8 0.1 0.2
6.3 1. 9. 9. 0.1 0.6
6.501 1. 9.2 9.2 0.1 0.2
016    top
  40.363 -124.704  0.5493E+01
  41.214 -124.977  0.4989E+01
  42.096 -125.140  0.4897E+01
  42.965 -125.219  0.4848E+01
  43.852 -125.257  0.4871E+01
  44.718 -125.313  0.4782E+01
  45.458 -125.416  0.4411E+01
  46.337 -125.623  0.4028E+01
  46.642 -125.746  0.3797E+01
  46.965 -125.874  0.3650E+01
  47.289 -126.015  0.3651E+01
  47.661 -126.240  0.3675E+01
  47.994 -126.422  0.3908E+01
  48.287 -126.660  0.4125E+01
  48.711 -127.037  0.4584E+01
  49.279 -127.605  0.4762E+01
016 bottom
  40.347 -124.254  0.1071E+02
  41.210 -124.523  0.9509E+01
  42.104 -124.696  0.9360E+01
  42.971 -124.762  0.9354E+01
  43.854 -124.767  0.9812E+01
  44.734 -124.778  0.1001E+02
  45.480 -124.769  0.1083E+02
  46.353 -124.726  0.1225E+02
  46.738 -124.694  0.1288E+02
  47.129 -124.679  0.1308E+02
  47.546 -124.751  0.1269E+02
  47.952 -125.120  0.1291E+02
  48.272 -125.625  0.1245E+02
  48.573 -126.060  0.1235E+02
  48.978 -126.591  0.1220E+02
  49.502 -127.257  0.1199E+02
