0		!cascadia less than megathrust . Moderate floating, M8.0 to M8.2
24.6 50. .1
-125. -100. .1
760.	!NEHRP BC vs30
3 periods
0. PGA
../out/SUB.older2.8082.pga
3
5 0.25 1000. 0.23755 0   ABsub global
2 0.25 1000. 0.2375 0   Geomatrix
7 0.50 1000. 0.237 0  Zhao 
19
.005 .007 .0098 .0137 .0192 .0269 .0376 .0527 .0738 .103 .145 .203 .284 .397 .556 .778 1.09 1.52 2.13 
1.0  sec PSA
../out/SUB.older2.8082.1hz
3
5 0.25 1000. 0.23755 0   ABsub global
2 0.25 1000. 0.2375 0   Geomatrix
7 0.50 1000. 0.237 0  Zhao 
20
.0025 .00375 .00563 .00844 .0127 .0190 .0285 .0427 .0641 .0961 .144 .216 .324 .487 .730 1.09 1.64 2.46 3.69 5.54
0.2 sec PSA
../out/SUB.older2.8082.5hz
3
5 0.25 1000. 0.23755 0   ABsub global
2 0.25 1000. 0.2375 0   Geomatrix
7 0.50 1000. 0.237 0  Zhao 
19
.005 .0075 0.0113 .0169 .0253 .0380 .0570 .0854 .128 .192 .288 .432 .649 .973 1.46 2.19 3.28 4.92 7.38 
5.
1. 1000.
2  2   Cascadia Megathrust
 3.8529 0.717857 8.0 8.2 0.1
016    top
  40.363 -124.704  0.5493E+01
  41.214 -124.977  0.4989E+01
  42.096 -125.140  0.4897E+01
  42.965 -125.219  0.4848E+01
  43.852 -125.257  0.4871E+01
  44.718 -125.313  0.4782E+01
  45.458 -125.416  0.4411E+01
  46.337 -125.623  0.4028E+01
  46.642 -125.746  0.3797E+01
  46.965 -125.874  0.3650E+01
  47.289 -126.015  0.3651E+01
  47.661 -126.240  0.3675E+01
  47.994 -126.422  0.3908E+01
  48.287 -126.660  0.4125E+01
  48.711 -127.037  0.4584E+01
  49.279 -127.605  0.4762E+01
016 bottom
  40.347 -123.800  0.2000E+02
  41.214 -123.800  0.2000E+02
  42.110 -123.800  0.2000E+02
  42.978 -123.800  0.2000E+02
  43.861 -123.800  0.2000E+02
  44.737 -123.800  0.2000E+02
  45.487 -123.800  0.2000E+02
  46.361 -123.800  0.2000E+02
  46.775 -123.800  0.2000E+02
  47.215 -123.800  0.2000E+02
  47.669 -123.800  0.2000E+02
  48.086 -124.298  0.2000E+02
  48.416 -124.899  0.2000E+02
  48.723 -125.435  0.2000E+02
  49.111 -126.054  0.2000E+02
  49.595 -126.784  0.2000E+02
