0		!cascadia 
24.6 50. .1
-125. -100. .1
760.	1	!vs30 may be used by hazSUBXnga
3 periods
0. PGA
../out/sub0_ch_mid.pga
4
20 0.25 1000  0.25 0 0 NAA BCHydro
21 0.25 1000  0.25 0 0 AM 09
7 0.25 1000  0.25 0 0  Zhao06
5 0.25 1000. 0.25 0 0 AB03 Global
20
.005 .007 .0098 .0137 .0192 .0269 .0376 .0527 .0738 .103 .145 .203 .284 .397 .556 .778 1.09 1.52 2.2 3.3 
1.0  sec PSA
../out/sub0_ch_mid.1hz
4
20 0.25 1000  0.25 0 0 NAA BCHydro
21 0.25 1000  0.25 0 0 AM 09
7 0.25 1000  0.25 0 0  Zhao06
5 0.25 1000. 0.25 0 0 AB03 Global
20
.0025 .00375 .00563 .00844 .0127 .0190 .0285 .0427 .0641 .0961 .144 .216 .324 .487 .730 1.09 1.64 2.46 3.69 5.54
0.2 sec PSA
../out/sub0_ch_mid.5hz
4
20 0.25 1000  0.25 0 0 NAA BCHydro
21 0.25 1000  0.25 0 0 AM 09
7 0.25 1000  0.25 0 0  Zhao06
5 0.25 1000. 0.25 0 0 AB03 Global
19
.005 .0075 0.0113 .0169 .0253 .0380 .0570 .0854 .128 .192 .288 .432 .649 .973 1.46 2.19 3.28 4.92 7.38 
5.
1. 1000.
1 2  3   Cascadia Megathrust - whole CSZ Characteristic
 9.12  0.0019   0.333   Papazachos et al. (2004)   
 8.69  0.0019   0.334   Strasser et al. (2010)
 8.82  0.0019   0.333   Murotani et al. (2008)
19 top
49.25290	-127.64473	5
48.68892	-127.08010	5
48.27786	-126.67810	5
47.99196	-126.43900	5
47.66285	-126.23375	5
47.27867	-126.04937	5
46.94307	-125.92025	5
46.62940	-125.81562	5
46.32987	-125.73574	5
46.30000	-125.72885	5
45.45161	-125.57416	5
45.00000	-125.52694	5
44.71223	-125.49976	5
43.84118	-125.42693	5
43.70000	-125.41145	5
42.95745	-125.28921	5
42.09936	-125.04685	5
41.21360	-125.08518	5
40.35467	-125.09899	6.74507
19 down dip
49.73665	-126.82846	23.69129
49.21444	-126.17539	22.97471
48.86098	-125.43884	25.03354
48.55325	-124.80386	27.84144
48.15165	-124.36144	27.86888
47.70893	-123.91646	29.32002
47.23766	-123.89909	27.91269
46.77860	-124.11635	23.94863
46.36419	-124.13849	22.90940
46.30000	-124.13677	22.92826
45.48932	-124.32961	20.20983
45.00000	-124.48830	17.45862
44.74235	-124.35632	19.36195
43.86274	-124.49237	15.98822
43.70000	-124.50873	15.27711
42.97969	-124.51445	13.66332
42.11170	-124.38969	12.12714
41.21782	-124.17259	14.83582
40.34700	-123.82900	24.01755
