0		!cascadia 
24.6 50. .1
-125. -100. .1
760.	1	!vs30 may be used by hazSUBXnga
3 periods
0. PGA
../out/sub1_GRb0_bot.pga
4
20 0.30 1000  0.25 0 0 NAA BCHydro
21 0.30 1000  0.25 0 0 AM 09
7 0.30 1000  0.25 0 0  Zhao06
5 0.10 1000. 0.25 0 0 AB03 Global
20
.005 .007 .0098 .0137 .0192 .0269 .0376 .0527 .0738 .103 .145 .203 .284 .397 .556 .778 1.09 1.52 2.2 3.3 
1.0  sec PSA
../out/sub1_GRb0_bot.1hz
4
20 0.30 1000  0.25 0 0 NAA BCHydro
21 0.30 1000  0.25 0 0 AM 09
7 0.30 1000  0.25 0 0  Zhao06
5 0.10 1000. 0.25 0 0 AB03 Global
20
.0025 .00375 .00563 .00844 .0127 .0190 .0285 .0427 .0641 .0961 .144 .216 .324 .487 .730 1.09 1.64 2.46 3.69 5.54
0.2 sec PSA
../out/sub1_GRb0_bot.5hz
4
20 0.30 1000  0.25 0 0 NAA BCHydro
21 0.30 1000  0.25 0 0 AM 09
7 0.30 1000  0.25 0 0  Zhao06
5 0.10 1000. 0.25 0 0 AB03 Global
19
.005 .0075 0.0113 .0169 .0253 .0380 .0570 .0854 .128 .192 .288 .432 .649 .973 1.46 2.19 3.28 4.92 7.38 
5.
1. 1000.
2 2 1   Cascadia floater over southern zone - Goldfinger Case B
-3.90309 0.0 8.0 8.7 0.1 1.0  
10 top
46.30000	-125.72885	5
45.45161	-125.57416	5
45.00000	-125.52694	5
44.71223	-125.49976	5
43.84118	-125.42693	5
43.70000	-125.41145	5
42.95745	-125.28921	5
42.09936	-125.04685	5
41.21360	-125.08518	5
40.35467	-125.09899	6.74507
10 down dip
46.30000	-123.41320	34.82818
45.50147	-123.59924	33.12882
45.00000	-123.70227	30.99767
44.75677	-123.73402	30.30617
43.88167	-123.76421	29.48059
43.70000	-123.78006	28.55160
42.99611	-123.80901	26.80524
42.11925	-123.66163	27.89170
41.21481	-123.32929	29.25479
40.37608	-122.94522	37.83032
