0		!cascadia 
24.6 50. .1
-125. -100. .1
760.	1	!vs30 may be used by hazSUBXnga
3 periods
0. PGA
../out/sub1_ch_top.pga
4
20 0.30 1000  0.25 0 0 NAA BCHydro
21 0.30 1000  0.25 0 0 AM 09
7 0.30 1000  0.25 0 0  Zhao06
5 0.10 1000. 0.25 0 0 AB03 Global
20
.005 .007 .0098 .0137 .0192 .0269 .0376 .0527 .0738 .103 .145 .203 .284 .397 .556 .778 1.09 1.52 2.2 3.3 
1.0  sec PSA
../out/sub1_ch_top.1hz
4
20 0.30 1000  0.25 0 0 NAA BCHydro
21 0.30 1000  0.25 0 0 AM 09
7 0.30 1000  0.25 0 0  Zhao06
5 0.10 1000. 0.25 0 0 AB03 Global
20
.0025 .00375 .00563 .00844 .0127 .0190 .0285 .0427 .0641 .0961 .144 .216 .324 .487 .730 1.09 1.64 2.46 3.69 5.54
0.2 sec PSA
../out/sub1_ch_top.0p3s
4
20 0.30 1000  0.25 0 0 NAA BCHydro
21 0.30 1000  0.25 0 0 AM 09
7 0.30 1000  0.25 0 0  Zhao06
5 0.10 1000. 0.25 0 0 AB03 Global
19
.005 .0075 0.0113 .0169 .0253 .0380 .0570 .0854 .128 .192 .288 .432 .649 .973 1.46 2.19 3.28 4.92 7.38 
5.
1. 1000.
1 2 3   Cascadia Megathrust - Goldfinger Case B Characteristic, rate based on 0.001 total and Goldfinger proportion
 8.68  0.0001739   0.333   Papazachos et al. (2004)   
 8.37  0.0001739   0.334   Strasser et al. (2010)
 8.44  0.0001739   0.333   Murotani et al. (2008)
10 top
46.30000	-125.72885	5
45.45161	-125.57416	5
45.00000	-125.52694	5
44.71223	-125.49976	5
43.84118	-125.42693	5
43.70000	-125.41145	5
42.95745	-125.28921	5
42.09936	-125.04685	5
41.21360	-125.08518	5
40.35467	-125.09899	6.74507
10 down dip
46.30000	-124.43943	18.44058
45.48466	-124.54931	16.70756
45.00000	-124.56091	16.30861
44.73817	-124.56716	15.66685
43.85837	-124.62968	13.99074
43.70000	-124.63121	13.57291
42.97534	-124.63823	11.95881
42.10785	-124.54285	9.92821
41.21391	-124.34779	12.70226
40.34700	-124.04150	22.81817
