0		!cascadia 
24.6 50. .1
-125. -100. .1
760.	1	!vs30 may be used by hazSUBXnga
3 periods
0. PGA
../out/sub3_ch_mid.pga
4
20 0.30 1000  0.3 0 0 NAA BCHydro
21 0.30 1000  0 0 0 AM 09
7 0.30 1000  0 0 0  Zhao06
5 0.1 1000. 0.1 0 0 AB03 Global
20
.005 .007 .0098 .0137 .0192 .0269 .0376 .0527 .0738 .103 .145 .203 .284 .397 .556 .778 1.09 1.52 2.2 3.3 
1.0  sec PSA
../out/sub3_ch_mid.1hz
4
20 0.30 1000  0.3 0 0 NAA BCHydro
21 0.30 1000  0 0 0 AM 09
7 0.30 1000  0 0 0  Zhao06
5 0.1 1000. 0.1 0 0 AB03 Global
20
.0025 .00375 .00563 .00844 .0127 .0190 .0285 .0427 .0641 .0961 .144 .216 .324 .487 .730 1.09 1.64 2.46 3.69 5.54
0.2 sec PSA
../out/sub3_ch_mid.5hz
4
20 0.30 1000  0.3 0 0 NAA BCHydro
21 0.30 1000  0 0 0 AM 09
7 0.30 1000  0 0 0  Zhao06
5 0.1 1000. 0.1 0 0 AB03 Global
19
.005 .0075 0.0113 .0169 .0253 .0380 .0570 .0854 .128 .192 .288 .432 .649 .973 1.46 2.19 3.28 4.92 7.38 
5.
1. 1000.
1 2 3   Cascadia Megathrust - Goldfinger Case D Characteristic, rate based on 0.001 total and Goldfinger proportion
 8.43  0.0004348   0.333   Papazachos et al. (2004)   
 8.19  0.0004348   0.334   Strasser et al. (2010)
 8.22  0.0004348   0.333   Murotani et al. (2008) 
5 top
43.70000	-125.41145	5
42.95745	-125.28921	5
42.09936	-125.04685	5
41.21360	-125.08518	5
40.35467	-125.09899	6.74507
5 down dip
43.70000	-124.50873	15.27711
42.97969	-124.51445	13.66332
42.11170	-124.38969	12.12714
41.21782	-124.17259	14.83582
40.34700	-123.82900	24.01755
