0		!cascadia 
24.6 50. .1
-125. -100. .1
760.	1	!vs30 may be used by hazSUBXnga
3 periods
0. PGA
../out/sub4_ch_top.pga
4
20 0.25 1000  0.25 0 0 NAA BCHydro
21 0.25 1000  0.25 0 0 AM 09
7 0.25 1000  0.25 0 0  Zhao06
5 0.25 1000. 0.25 0 0 AB03 Global
20
.005 .007 .0098 .0137 .0192 .0269 .0376 .0527 .0738 .103 .145 .203 .284 .397 .556 .778 1.09 1.52 2.2 3.3 
1.0  sec PSA
../out/sub4_ch_top.1hz
4
20 0.25 1000  0.25 0 0 NAA BCHydro
21 0.25 1000  0.25 0 0 AM 09
7 0.25 1000  0.25 0 0  Zhao06
5 0.25 1000. 0.25 0 0 AB03 Global
20
.0025 .00375 .00563 .00844 .0127 .0190 .0285 .0427 .0641 .0961 .144 .216 .324 .487 .730 1.09 1.64 2.46 3.69 5.54
0.2 sec PSA
../out/sub4_ch_top.5hz
4
20 0.25 1000  0.25 0 0 NAA BCHydro
21 0.25 1000  0.25 0 0 AM 09
7 0.25 1000  0.25 0 0  Zhao06
5 0.25 1000. 0.25 0 0 AB03 Global
19
.005 .0075 0.0113 .0169 .0253 .0380 .0570 .0854 .128 .192 .288 .432 .649 .973 1.46 2.19 3.28 4.92 7.38 
5.
1. 1000.
1 2  3   Cascadia Megathrust - CSZ northern zone Characteristic
 8.63  0.001   0.333   Papazachos et al. (2004)   
 8.34  0.001   0.334   Strasser et al. (2010)
 8.40  0.001   0.333   Murotani et al. (2008)
10 top
49.25290	-127.64473	5
48.68892	-127.08010	5
48.27786	-126.67810	5
47.99196	-126.43900	5
47.66285	-126.23375	5
47.27867	-126.04937	5
46.94307	-125.92025	5
46.62940	-125.81562	5
46.32987	-125.73574	5
46.30000	-125.72885	5
10 down dip
49.61933	-127.04273	19.11960
49.09622	-126.38320	18.47519
48.71699	-125.74942	19.01135
48.41262	-125.21443	21.23967
48.05182	-124.74072	22.80767
47.62747	-124.33373	24.46938
47.18333	-124.28905	23.12651
46.75830	-124.40518	19.99963
46.35860	-124.43224	18.59490
46.30000	-124.43943	18.44058
