0		!cascadia northern rupture zone
24.6 50. .1
-125. -100. .1
760.	1	!vs30 may be used by hazSUBXnga
3 periods
0. PGA
../out/ref_sub4_ch_mid.pga
1
GMPE
20
.005 .007 .0098 .0137 .0192 .0269 .0376 .0527 .0738 .103 .145 .203 .284 .397 .556 .778 1.09 1.52 2.2 3.3 
1.0  sec PSA
../out/ref_sub4_ch_mid.1hz
1
GMPE
20
.0025 .00375 .00563 .00844 .0127 .0190 .0285 .0427 .0641 .0961 .144 .216 .324 .487 .730 1.09 1.64 2.46 3.69 5.54
0.2 sec PSA
../out/ref_sub4_ch_mid.5hz
1
GMPE
19
.005 .0075 0.0113 .0169 .0253 .0380 .0570 .0854 .128 .192 .288 .432 .649 .973 1.46 2.19 3.28 4.92 7.38 
5.
1. 1000.
1 2  3   Cascadia Megathrust - CSZ northern zone Characteristic
 8.77  0.001   0.333   Papazachos et al. (2004)   
 8.43  0.001   0.334   Strasser et al. (2010)
 8.52  0.001   0.333   Murotani et al. (2008)
10 top
49.25290	-127.64473	5
48.68892	-127.08010	5
48.27786	-126.67810	5
47.99196	-126.43900	5
47.66285	-126.23375	5
47.27867	-126.04937	5
46.94307	-125.92025	5
46.62940	-125.81562	5
46.32987	-125.73574	5
46.30000	-125.72885	5
10 down dip
49.73665	-126.82846	23.69129
49.21444	-126.17539	22.97471
48.86098	-125.43884	25.03354
48.55325	-124.80386	27.84144
48.15165	-124.36144	27.86888
47.70893	-123.91646	29.32002
47.23766	-123.89909	27.91269
46.77860	-124.11635	23.94863
46.36419	-124.13849	22.90940
46.30000	-124.13677	22.92826
