 log psa(g), T, damp =   0.3000  0.05
  1.00   -1.060 -0.906 -0.764 -0.633 -0.511 -0.399 -0.294 -0.196 -0.105 -0.020  0.061  0.138  0.210  0.280  0.346  0.410  0.472  0.532  0.591  0.648
  1.10   -1.159 -1.011 -0.875 -0.748 -0.629 -0.518 -0.413 -0.315 -0.222 -0.134 -0.052  0.026  0.100  0.171  0.238  0.303  0.366  0.427  0.486  0.543
  1.20   -1.278 -1.132 -0.998 -0.872 -0.754 -0.642 -0.536 -0.436 -0.342 -0.252 -0.168 -0.088 -0.012  0.060  0.129  0.195  0.258  0.320  0.379  0.437
  1.30   -1.408 -1.263 -1.128 -1.002 -0.883 -0.770 -0.663 -0.561 -0.465 -0.374 -0.287 -0.205 -0.128 -0.054  0.017  0.084  0.149  0.211  0.272  0.330
  1.40   -1.545 -1.399 -1.264 -1.137 -1.017 -0.902 -0.794 -0.690 -0.592 -0.498 -0.410 -0.326 -0.246 -0.170 -0.098 -0.029  0.037  0.100  0.162  0.221
  1.50   -1.686 -1.540 -1.404 -1.276 -1.154 -1.039 -0.928 -0.823 -0.723 -0.627 -0.536 -0.450 -0.368 -0.290 -0.216 -0.145 -0.078 -0.013  0.050  0.110
  1.60   -1.832 -1.685 -1.548 -1.419 -1.296 -1.180 -1.068 -0.960 -0.858 -0.760 -0.667 -0.578 -0.494 -0.414 -0.338 -0.265 -0.196 -0.129 -0.065 -0.004
  1.70   -1.982 -1.834 -1.696 -1.566 -1.443 -1.325 -1.211 -1.102 -0.998 -0.898 -0.803 -0.712 -0.625 -0.542 -0.464 -0.389 -0.318 -0.250 -0.184 -0.121
  1.80   -2.135 -1.987 -1.849 -1.718 -1.594 -1.474 -1.360 -1.249 -1.143 -1.042 -0.944 -0.850 -0.761 -0.676 -0.595 -0.518 -0.445 -0.375 -0.307 -0.243
  1.90   -2.213 -2.064 -1.926 -1.795 -1.670 -1.550 -1.435 -1.325 -1.218 -1.116 -1.017 -0.923 -0.833 -0.747 -0.665 -0.587 -0.513 -0.442 -0.374 -0.309
  2.00   -2.227 -2.078 -1.940 -1.809 -1.685 -1.565 -1.450 -1.340 -1.234 -1.132 -1.034 -0.940 -0.850 -0.765 -0.684 -0.607 -0.533 -0.462 -0.395 -0.331
  2.10   -2.244 -2.096 -1.957 -1.827 -1.702 -1.583 -1.468 -1.358 -1.253 -1.151 -1.054 -0.961 -0.872 -0.788 -0.707 -0.631 -0.558 -0.488 -0.421 -0.357
  2.20   -2.342 -2.193 -2.054 -1.924 -1.799 -1.679 -1.564 -1.453 -1.347 -1.244 -1.146 -1.052 -0.962 -0.877 -0.795 -0.717 -0.643 -0.573 -0.505 -0.440
  2.30   -2.464 -2.315 -2.176 -2.045 -1.919 -1.799 -1.683 -1.571 -1.464 -1.360 -1.261 -1.165 -1.074 -0.987 -0.904 -0.824 -0.749 -0.677 -0.608 -0.542
  2.40   -2.601 -2.452 -2.312 -2.180 -2.054 -1.933 -1.816 -1.704 -1.595 -1.491 -1.390 -1.293 -1.200 -1.111 -1.026 -0.945 -0.868 -0.794 -0.724 -0.656
  2.50   -2.755 -2.605 -2.465 -2.333 -2.206 -2.084 -1.967 -1.854 -1.744 -1.638 -1.536 -1.438 -1.343 -1.252 -1.165 -1.082 -1.003 -0.928 -0.856 -0.787
  2.60   -2.931 -2.780 -2.639 -2.506 -2.379 -2.257 -2.139 -2.025 -1.914 -1.807 -1.704 -1.604 -1.507 -1.415 -1.326 -1.241 -1.160 -1.082 -1.008 -0.937
  2.70   -3.131 -2.980 -2.839 -2.706 -2.578 -2.455 -2.336 -2.221 -2.110 -2.001 -1.897 -1.795 -1.697 -1.603 -1.512 -1.425 -1.341 -1.261 -1.185 -1.112
  2.80   -3.364 -3.212 -3.070 -2.936 -2.808 -2.684 -2.565 -2.449 -2.336 -2.227 -2.121 -2.018 -1.918 -1.822 -1.729 -1.639 -1.553 -1.471 -1.393 -1.317
  2.90   -3.634 -3.482 -3.340 -3.205 -3.076 -2.951 -2.831 -2.714 -2.601 -2.490 -2.383 -2.278 -2.177 -2.078 -1.983 -1.891 -1.803 -1.718 -1.637 -1.559
  3.00   -3.952 -3.799 -3.656 -3.520 -3.390 -3.265 -3.143 -3.025 -2.911 -2.799 -2.690 -2.584 -2.480 -2.380 -2.282 -2.188 -2.097 -2.009 -1.924 -1.843
