 log psa(g), T, damp =   1.0000  0.05  AB BC
  1.00   -2.234 -2.083 -1.933 -1.782 -1.629 -1.479 -1.335 -1.197 -1.065 -0.940 -0.820 -0.705 -0.594 -0.489 -0.388 -0.291 -0.198 -0.109 -0.023  0.059
  1.10   -2.418 -2.229 -2.051 -1.883 -1.725 -1.576 -1.434 -1.299 -1.170 -1.045 -0.926 -0.811 -0.700 -0.594 -0.493 -0.395 -0.302 -0.212 -0.126 -0.044
  1.20   -2.532 -2.333 -2.149 -1.980 -1.823 -1.676 -1.538 -1.405 -1.277 -1.153 -1.034 -0.919 -0.808 -0.701 -0.599 -0.501 -0.407 -0.317 -0.230 -0.148
  1.30   -2.636 -2.435 -2.250 -2.082 -1.927 -1.782 -1.645 -1.513 -1.386 -1.263 -1.144 -1.029 -0.917 -0.810 -0.707 -0.608 -0.513 -0.422 -0.335 -0.252
  1.40   -2.745 -2.543 -2.358 -2.190 -2.036 -1.892 -1.756 -1.625 -1.499 -1.376 -1.257 -1.141 -1.029 -0.921 -0.816 -0.717 -0.621 -0.529 -0.442 -0.358
  1.50   -2.861 -2.658 -2.473 -2.305 -2.151 -2.008 -1.872 -1.742 -1.615 -1.492 -1.372 -1.256 -1.143 -1.033 -0.928 -0.827 -0.730 -0.638 -0.549 -0.465
  1.60   -2.984 -2.780 -2.595 -2.426 -2.272 -2.129 -1.993 -1.862 -1.735 -1.612 -1.491 -1.374 -1.260 -1.149 -1.043 -0.940 -0.842 -0.749 -0.659 -0.574
  1.70   -3.113 -2.908 -2.722 -2.553 -2.398 -2.254 -2.118 -1.987 -1.860 -1.735 -1.614 -1.495 -1.380 -1.268 -1.160 -1.056 -0.957 -0.862 -0.771 -0.685
  1.80   -3.247 -3.041 -2.854 -2.685 -2.529 -2.385 -2.248 -2.116 -1.988 -1.863 -1.741 -1.621 -1.504 -1.391 -1.281 -1.176 -1.075 -0.978 -0.886 -0.798
  1.90   -3.312 -3.106 -2.918 -2.748 -2.593 -2.448 -2.311 -2.179 -2.051 -1.925 -1.802 -1.682 -1.565 -1.451 -1.340 -1.234 -1.133 -1.035 -0.943 -0.854
  2.00   -3.319 -3.112 -2.924 -2.754 -2.599 -2.454 -2.317 -2.185 -2.057 -1.931 -1.809 -1.688 -1.571 -1.458 -1.348 -1.242 -1.141 -1.044 -0.952 -0.864
  2.10   -3.327 -3.120 -2.932 -2.762 -2.606 -2.461 -2.324 -2.192 -2.064 -1.939 -1.816 -1.697 -1.580 -1.467 -1.357 -1.252 -1.151 -1.055 -0.963 -0.876
  2.20   -3.403 -3.195 -3.006 -2.835 -2.679 -2.534 -2.396 -2.264 -2.135 -2.010 -1.887 -1.766 -1.649 -1.535 -1.425 -1.319 -1.217 -1.120 -1.028 -0.939
  2.30   -3.497 -3.287 -3.097 -2.926 -2.769 -2.623 -2.485 -2.353 -2.224 -2.097 -1.973 -1.852 -1.734 -1.619 -1.507 -1.400 -1.297 -1.199 -1.106 -1.016
  2.40   -3.599 -3.388 -3.197 -3.025 -2.868 -2.721 -2.583 -2.450 -2.320 -2.193 -2.068 -1.946 -1.826 -1.710 -1.598 -1.489 -1.385 -1.285 -1.191 -1.100
  2.50   -3.711 -3.499 -3.307 -3.134 -2.976 -2.829 -2.690 -2.556 -2.426 -2.298 -2.172 -2.049 -1.928 -1.811 -1.697 -1.587 -1.481 -1.380 -1.284 -1.192
  2.60   -3.834 -3.621 -3.428 -3.254 -3.096 -2.948 -2.809 -2.674 -2.543 -2.415 -2.288 -2.164 -2.042 -1.923 -1.808 -1.696 -1.589 -1.486 -1.388 -1.295
  2.70   -3.971 -3.756 -3.563 -3.388 -3.229 -3.081 -2.941 -2.806 -2.674 -2.545 -2.417 -2.292 -2.169 -2.049 -1.932 -1.819 -1.710 -1.605 -1.505 -1.410
  2.80   -4.124 -3.908 -3.714 -3.539 -3.379 -3.230 -3.090 -2.954 -2.822 -2.692 -2.563 -2.437 -2.313 -2.191 -2.073 -1.958 -1.847 -1.740 -1.639 -1.542
  2.90   -4.297 -4.080 -3.884 -3.708 -3.548 -3.399 -3.258 -3.122 -2.989 -2.858 -2.729 -2.602 -2.476 -2.353 -2.233 -2.117 -2.004 -1.895 -1.792 -1.693
  3.00   -4.493 -4.275 -4.079 -3.902 -3.741 -3.592 -3.450 -3.313 -3.180 -3.048 -2.918 -2.790 -2.664 -2.540 -2.418 -2.300 -2.185 -2.075 -1.969 -1.868
