 log psa(g), T, damp =   1.50 0.05
  1.00 -2.57 -2.42 -2.27 -2.12 -1.98 -1.84 -1.70 -1.56 -1.43 -1.30 -1.18 -1.06 -0.94 -0.83 -0.73 -0.62 -0.52 -0.43 -0.33 -0.24
  1.10 -2.78 -2.60 -2.42 -2.26 -2.10 -1.95 -1.80 -1.66 -1.53 -1.40 -1.28 -1.16 -1.05 -0.94 -0.83 -0.73 -0.63 -0.53 -0.44 -0.34
  1.20 -2.95 -2.75 -2.56 -2.38 -2.21 -2.05 -1.91 -1.77 -1.63 -1.51 -1.39 -1.27 -1.15 -1.04 -0.94 -0.83 -0.73 -0.63 -0.54 -0.45
  1.30 -3.08 -2.87 -2.67 -2.49 -2.31 -2.16 -2.01 -1.87 -1.74 -1.61 -1.49 -1.38 -1.26 -1.15 -1.04 -0.94 -0.84 -0.74 -0.64 -0.55
  1.40 -3.20 -2.98 -2.78 -2.59 -2.42 -2.26 -2.11 -1.98 -1.85 -1.72 -1.60 -1.48 -1.37 -1.26 -1.15 -1.05 -0.94 -0.85 -0.75 -0.66
  1.50 -3.31 -3.09 -2.89 -2.70 -2.53 -2.37 -2.22 -2.09 -1.96 -1.83 -1.71 -1.60 -1.48 -1.37 -1.26 -1.16 -1.05 -0.95 -0.86 -0.76
  1.60 -3.43 -3.21 -3.01 -2.82 -2.64 -2.48 -2.34 -2.20 -2.07 -1.95 -1.83 -1.71 -1.60 -1.48 -1.37 -1.27 -1.16 -1.06 -0.96 -0.87
  1.70 -3.55 -3.33 -3.13 -2.94 -2.76 -2.60 -2.46 -2.32 -2.19 -2.07 -1.95 -1.83 -1.71 -1.60 -1.49 -1.38 -1.28 -1.17 -1.08 -0.98
  1.80 -3.68 -3.46 -3.25 -3.06 -2.89 -2.73 -2.58 -2.44 -2.31 -2.19 -2.07 -1.95 -1.83 -1.72 -1.61 -1.50 -1.39 -1.29 -1.19 -1.09
  1.90 -3.75 -3.52 -3.31 -3.12 -2.95 -2.79 -2.64 -2.50 -2.37 -2.25 -2.13 -2.01 -1.89 -1.78 -1.66 -1.55 -1.45 -1.34 -1.24 -1.15
  2.00 -3.75 -3.53 -3.32 -3.13 -2.95 -2.79 -2.64 -2.51 -2.38 -2.25 -2.13 -2.01 -1.90 -1.78 -1.67 -1.56 -1.45 -1.35 -1.25 -1.15
  2.10 -3.76 -3.54 -3.33 -3.14 -2.96 -2.80 -2.65 -2.51 -2.38 -2.26 -2.14 -2.02 -1.90 -1.79 -1.68 -1.57 -1.46 -1.36 -1.26 -1.16
  2.20 -3.83 -3.61 -3.40 -3.20 -3.03 -2.87 -2.72 -2.58 -2.45 -2.32 -2.20 -2.08 -1.97 -1.85 -1.74 -1.63 -1.52 -1.42 -1.32 -1.22
  2.30 -3.92 -3.69 -3.48 -3.29 -3.11 -2.95 -2.80 -2.66 -2.53 -2.40 -2.28 -2.16 -2.05 -1.93 -1.82 -1.71 -1.60 -1.49 -1.39 -1.30
  2.40 -4.02 -3.79 -3.57 -3.38 -3.20 -3.04 -2.89 -2.75 -2.62 -2.49 -2.37 -2.25 -2.13 -2.02 -1.90 -1.79 -1.68 -1.57 -1.47 -1.37
  2.50 -4.12 -3.89 -3.68 -3.48 -3.30 -3.13 -2.99 -2.85 -2.71 -2.59 -2.46 -2.34 -2.22 -2.11 -1.99 -1.88 -1.77 -1.66 -1.56 -1.46
  2.60 -4.24 -4.00 -3.79 -3.59 -3.41 -3.24 -3.09 -2.95 -2.82 -2.69 -2.57 -2.45 -2.33 -2.21 -2.09 -1.98 -1.87 -1.76 -1.65 -1.55
  2.70 -4.36 -4.13 -3.91 -3.71 -3.53 -3.36 -3.21 -3.07 -2.94 -2.81 -2.68 -2.56 -2.44 -2.32 -2.20 -2.09 -1.98 -1.87 -1.76 -1.66
  2.80 -4.50 -4.26 -4.04 -3.84 -3.66 -3.49 -3.34 -3.20 -3.07 -2.94 -2.81 -2.69 -2.57 -2.45 -2.33 -2.21 -2.10 -1.99 -1.88 -1.77
  2.90 -4.66 -4.42 -4.20 -3.99 -3.81 -3.64 -3.49 -3.35 -3.21 -3.09 -2.96 -2.84 -2.71 -2.59 -2.47 -2.35 -2.24 -2.12 -2.01 -1.91
  3.00 -4.83 -4.59 -4.37 -4.16 -3.98 -3.81 -3.66 -3.51 -3.38 -3.25 -3.12 -3.00 -2.88 -2.75 -2.63 -2.51 -2.39 -2.28 -2.17 -2.06
