 log psa(g), T, damp =   0.5000  0.05
  1.00   -1.566 -1.398 -1.235 -1.082 -0.938 -0.803 -0.676 -0.557 -0.445 -0.340 -0.241 -0.148 -0.060  0.023  0.103  0.178  0.250  0.319  0.386  0.450
  1.10   -1.662 -1.489 -1.330 -1.182 -1.042 -0.911 -0.787 -0.669 -0.557 -0.452 -0.352 -0.258 -0.169 -0.084 -0.004  0.072  0.145  0.215  0.282  0.346
  1.20   -1.763 -1.592 -1.436 -1.291 -1.154 -1.025 -0.901 -0.784 -0.672 -0.566 -0.465 -0.369 -0.279 -0.193 -0.112 -0.035  0.039  0.109  0.177  0.242
  1.30   -1.877 -1.708 -1.553 -1.409 -1.273 -1.143 -1.020 -0.902 -0.790 -0.682 -0.580 -0.484 -0.392 -0.305 -0.222 -0.144 -0.069  0.002  0.070  0.136
  1.40   -2.000 -1.831 -1.677 -1.532 -1.396 -1.267 -1.143 -1.025 -0.911 -0.802 -0.699 -0.601 -0.507 -0.419 -0.335 -0.255 -0.179 -0.107 -0.038  0.029
  1.50   -2.131 -1.961 -1.806 -1.662 -1.525 -1.395 -1.271 -1.151 -1.036 -0.926 -0.821 -0.721 -0.626 -0.535 -0.450 -0.368 -0.291 -0.218 -0.148 -0.080
  1.60   -2.266 -2.097 -1.941 -1.796 -1.659 -1.528 -1.402 -1.282 -1.165 -1.054 -0.947 -0.845 -0.748 -0.656 -0.568 -0.485 -0.406 -0.331 -0.260 -0.192
  1.70   -2.407 -2.237 -2.080 -1.935 -1.797 -1.665 -1.539 -1.417 -1.299 -1.186 -1.077 -0.973 -0.874 -0.780 -0.690 -0.605 -0.525 -0.448 -0.375 -0.306
  1.80   -2.552 -2.381 -2.224 -2.078 -1.940 -1.807 -1.679 -1.556 -1.437 -1.322 -1.212 -1.106 -1.005 -0.908 -0.817 -0.730 -0.647 -0.569 -0.494 -0.423
  1.90   -2.623 -2.452 -2.295 -2.149 -2.010 -1.877 -1.749 -1.625 -1.506 -1.390 -1.279 -1.173 -1.071 -0.974 -0.881 -0.794 -0.710 -0.631 -0.556 -0.485
  2.00   -2.633 -2.462 -2.304 -2.158 -2.019 -1.886 -1.759 -1.635 -1.516 -1.401 -1.290 -1.184 -1.083 -0.986 -0.894 -0.807 -0.724 -0.646 -0.571 -0.500
  2.10   -2.644 -2.473 -2.315 -2.169 -2.030 -1.898 -1.770 -1.647 -1.528 -1.414 -1.304 -1.198 -1.097 -1.001 -0.910 -0.823 -0.741 -0.663 -0.589 -0.519
  2.20   -2.730 -2.559 -2.401 -2.254 -2.115 -1.982 -1.854 -1.731 -1.611 -1.496 -1.385 -1.278 -1.177 -1.080 -0.988 -0.900 -0.817 -0.738 -0.663 -0.592
  2.30   -2.838 -2.666 -2.508 -2.361 -2.221 -2.088 -1.959 -1.834 -1.714 -1.598 -1.486 -1.378 -1.275 -1.177 -1.083 -0.994 -0.909 -0.829 -0.753 -0.681
  2.40   -2.957 -2.784 -2.626 -2.478 -2.338 -2.204 -2.075 -1.949 -1.828 -1.711 -1.598 -1.489 -1.384 -1.284 -1.189 -1.098 -1.012 -0.931 -0.853 -0.779
  2.50   -3.090 -2.916 -2.757 -2.609 -2.469 -2.334 -2.204 -2.078 -1.956 -1.837 -1.723 -1.613 -1.507 -1.405 -1.308 -1.216 -1.128 -1.045 -0.966 -0.890
  2.60   -3.238 -3.065 -2.905 -2.756 -2.615 -2.480 -2.349 -2.223 -2.100 -1.980 -1.865 -1.753 -1.645 -1.542 -1.444 -1.349 -1.260 -1.174 -1.093 -1.016
  2.70   -3.406 -3.232 -3.072 -2.923 -2.781 -2.645 -2.514 -2.387 -2.263 -2.143 -2.026 -1.913 -1.804 -1.699 -1.598 -1.502 -1.410 -1.323 -1.240 -1.161
  2.80   -3.598 -3.423 -3.263 -3.113 -2.971 -2.835 -2.703 -2.575 -2.450 -2.329 -2.211 -2.097 -1.986 -1.879 -1.777 -1.679 -1.585 -1.496 -1.410 -1.329
  2.90   -3.819 -3.643 -3.482 -3.332 -3.189 -3.052 -2.920 -2.791 -2.666 -2.544 -2.425 -2.309 -2.197 -2.089 -1.985 -1.885 -1.789 -1.697 -1.609 -1.526
  3.00   -4.075 -3.899 -3.737 -3.586 -3.443 -3.305 -3.172 -3.043 -2.917 -2.794 -2.674 -2.557 -2.444 -2.334 -2.228 -2.126 -2.028 -1.933 -1.843 -1.758
