 log psa(g), T, damp =   0.1000  0.05
  1.00   -0.358 -0.256 -0.162 -0.076  0.004  0.080  0.151  0.218  0.283  0.345  0.405  0.464  0.521  0.577  0.632  0.686  0.739  0.792  0.844  0.896
  1.10   -0.511 -0.408 -0.312 -0.222 -0.138 -0.058  0.018  0.089  0.158  0.224  0.287  0.348  0.407  0.464  0.521  0.576  0.630  0.683  0.736  0.788
  1.20   -0.670 -0.564 -0.465 -0.371 -0.283 -0.199 -0.119 -0.043  0.029  0.098  0.164  0.228  0.289  0.349  0.407  0.463  0.518  0.573  0.626  0.679
  1.30   -0.829 -0.721 -0.619 -0.523 -0.431 -0.343 -0.260 -0.180 -0.104 -0.032  0.038  0.104  0.168  0.230  0.290  0.348  0.404  0.459  0.514  0.567
  1.40   -0.989 -0.880 -0.776 -0.677 -0.582 -0.491 -0.405 -0.322 -0.242 -0.166 -0.094 -0.024  0.043  0.107  0.168  0.228  0.286  0.343  0.398  0.452
  1.50   -1.151 -1.040 -0.935 -0.834 -0.737 -0.644 -0.554 -0.468 -0.385 -0.306 -0.230 -0.158 -0.088 -0.022  0.043  0.104  0.164  0.222  0.279  0.334
  1.60   -1.316 -1.204 -1.097 -0.995 -0.896 -0.801 -0.709 -0.620 -0.535 -0.452 -0.373 -0.298 -0.225 -0.156 -0.089 -0.025  0.037  0.096  0.154  0.211
  1.70   -1.485 -1.372 -1.264 -1.160 -1.060 -0.963 -0.869 -0.778 -0.690 -0.605 -0.524 -0.445 -0.369 -0.297 -0.228 -0.161 -0.097 -0.036  0.024  0.082
  1.80   -1.659 -1.546 -1.437 -1.332 -1.231 -1.132 -1.037 -0.944 -0.854 -0.766 -0.682 -0.600 -0.522 -0.447 -0.375 -0.306 -0.239 -0.175 -0.114 -0.054
  1.90   -1.756 -1.643 -1.534 -1.429 -1.327 -1.228 -1.132 -1.038 -0.947 -0.859 -0.774 -0.691 -0.612 -0.536 -0.463 -0.392 -0.325 -0.261 -0.199 -0.139
  2.00   -1.792 -1.678 -1.569 -1.464 -1.362 -1.264 -1.168 -1.075 -0.984 -0.897 -0.812 -0.730 -0.651 -0.576 -0.503 -0.434 -0.367 -0.303 -0.241 -0.182
  2.10   -1.835 -1.721 -1.612 -1.508 -1.406 -1.308 -1.213 -1.120 -1.030 -0.943 -0.859 -0.778 -0.700 -0.626 -0.554 -0.485 -0.419 -0.356 -0.295 -0.236
  2.20   -1.971 -1.857 -1.747 -1.642 -1.540 -1.441 -1.345 -1.251 -1.161 -1.072 -0.987 -0.905 -0.826 -0.750 -0.677 -0.607 -0.540 -0.475 -0.413 -0.353
  2.30   -2.141 -2.026 -1.916 -1.810 -1.707 -1.607 -1.510 -1.415 -1.323 -1.234 -1.147 -1.063 -0.982 -0.904 -0.829 -0.757 -0.688 -0.622 -0.558 -0.497
  2.40   -2.336 -2.220 -2.110 -2.003 -1.899 -1.798 -1.700 -1.604 -1.510 -1.419 -1.330 -1.245 -1.161 -1.081 -1.004 -0.930 -0.860 -0.791 -0.726 -0.663
  2.50   -2.561 -2.445 -2.333 -2.226 -2.121 -2.019 -1.919 -1.822 -1.727 -1.634 -1.543 -1.455 -1.370 -1.288 -1.208 -1.132 -1.059 -0.988 -0.921 -0.856
  2.60   -2.823 -2.706 -2.593 -2.484 -2.378 -2.275 -2.174 -2.075 -1.977 -1.883 -1.790 -1.700 -1.612 -1.527 -1.444 -1.365 -1.289 -1.216 -1.146 -1.079
  2.70   -3.128 -3.009 -2.894 -2.783 -2.675 -2.570 -2.467 -2.365 -2.266 -2.169 -2.073 -1.980 -1.889 -1.801 -1.715 -1.632 -1.553 -1.476 -1.403 -1.333
  2.80   -3.482 -3.359 -3.241 -3.126 -3.015 -2.906 -2.800 -2.695 -2.592 -2.491 -2.392 -2.295 -2.200 -2.107 -2.017 -1.930 -1.846 -1.765 -1.687 -1.612
  2.90   -3.883 -3.754 -3.629 -3.509 -3.392 -3.277 -3.165 -3.055 -2.947 -2.841 -2.735 -2.633 -2.532 -2.434 -2.338 -2.245 -2.155 -2.068 -1.984 -1.904
  3.00   -4.321 -4.179 -4.044 -3.913 -3.787 -3.664 -3.544 -3.426 -3.311 -3.197 -3.086 -2.976 -2.869 -2.764 -2.662 -2.562 -2.465 -2.371 -2.281 -2.194
