 log psa(g), T, damp =   2.0000  0.05
  1.00   -2.811 -2.651 -2.503 -2.366 -2.233 -2.099 -1.962 -1.824 -1.687 -1.556 -1.430 -1.309 -1.192 -1.079 -0.969 -0.861 -0.756 -0.654 -0.553 -0.454
  1.10   -3.035 -2.858 -2.689 -2.526 -2.368 -2.214 -2.066 -1.923 -1.787 -1.657 -1.532 -1.412 -1.296 -1.183 -1.072 -0.965 -0.859 -0.756 -0.655 -0.557
  1.20   -3.244 -3.040 -2.845 -2.659 -2.484 -2.320 -2.166 -2.023 -1.887 -1.758 -1.635 -1.516 -1.400 -1.287 -1.177 -1.069 -0.963 -0.860 -0.759 -0.660
  1.30   -3.397 -3.178 -2.969 -2.772 -2.589 -2.421 -2.266 -2.123 -1.989 -1.862 -1.739 -1.621 -1.506 -1.393 -1.282 -1.174 -1.068 -0.964 -0.863 -0.763
  1.40   -3.520 -3.294 -3.079 -2.877 -2.692 -2.522 -2.368 -2.226 -2.093 -1.967 -1.846 -1.728 -1.613 -1.500 -1.389 -1.281 -1.174 -1.070 -0.967 -0.867
  1.50   -3.633 -3.405 -3.187 -2.983 -2.797 -2.627 -2.473 -2.331 -2.200 -2.075 -1.954 -1.837 -1.722 -1.609 -1.498 -1.389 -1.282 -1.176 -1.074 -0.973
  1.60   -3.748 -3.518 -3.298 -3.093 -2.906 -2.736 -2.581 -2.441 -2.310 -2.185 -2.065 -1.948 -1.833 -1.720 -1.609 -1.499 -1.391 -1.285 -1.181 -1.080
  1.70   -3.868 -3.635 -3.414 -3.208 -3.020 -2.849 -2.695 -2.555 -2.424 -2.300 -2.180 -2.063 -1.947 -1.834 -1.722 -1.611 -1.502 -1.395 -1.291 -1.188
  1.80   -3.992 -3.758 -3.536 -3.328 -3.139 -2.968 -2.814 -2.673 -2.542 -2.418 -2.298 -2.180 -2.065 -1.950 -1.837 -1.726 -1.616 -1.508 -1.402 -1.299
  1.90   -4.054 -3.819 -3.595 -3.387 -3.197 -3.026 -2.871 -2.730 -2.599 -2.475 -2.355 -2.237 -2.121 -2.006 -1.893 -1.781 -1.671 -1.562 -1.456 -1.352
  2.00   -4.061 -3.826 -3.602 -3.393 -3.203 -3.031 -2.876 -2.735 -2.604 -2.480 -2.359 -2.242 -2.126 -2.011 -1.898 -1.786 -1.676 -1.568 -1.462 -1.358
  2.10   -4.071 -3.834 -3.609 -3.400 -3.210 -3.038 -2.883 -2.741 -2.610 -2.485 -2.365 -2.247 -2.132 -2.017 -1.904 -1.792 -1.682 -1.574 -1.469 -1.366
  2.20   -4.140 -3.902 -3.675 -3.465 -3.274 -3.101 -2.945 -2.804 -2.672 -2.548 -2.427 -2.309 -2.193 -2.078 -1.965 -1.852 -1.742 -1.633 -1.527 -1.423
  2.30   -4.225 -3.984 -3.756 -3.544 -3.352 -3.178 -3.022 -2.880 -2.748 -2.623 -2.503 -2.384 -2.268 -2.152 -2.038 -1.925 -1.814 -1.704 -1.597 -1.493
  2.40   -4.316 -4.073 -3.843 -3.630 -3.436 -3.261 -3.105 -2.963 -2.830 -2.705 -2.584 -2.465 -2.348 -2.232 -2.117 -2.003 -1.891 -1.780 -1.672 -1.567
  2.50   -4.416 -4.170 -3.938 -3.723 -3.527 -3.352 -3.195 -3.052 -2.920 -2.794 -2.672 -2.553 -2.435 -2.318 -2.202 -2.087 -1.974 -1.862 -1.753 -1.646
  2.60   -4.524 -4.276 -4.041 -3.824 -3.628 -3.451 -3.293 -3.150 -3.017 -2.891 -2.768 -2.649 -2.530 -2.412 -2.295 -2.179 -2.065 -1.952 -1.841 -1.733
  2.70   -4.643 -4.391 -4.154 -3.935 -3.737 -3.560 -3.402 -3.258 -3.124 -2.997 -2.875 -2.754 -2.635 -2.516 -2.398 -2.281 -2.165 -2.051 -1.939 -1.829
  2.80   -4.773 -4.518 -4.279 -4.058 -3.859 -3.681 -3.521 -3.377 -3.243 -3.115 -2.992 -2.871 -2.751 -2.631 -2.512 -2.394 -2.277 -2.161 -2.047 -1.936
  2.90   -4.915 -4.658 -4.416 -4.194 -3.994 -3.815 -3.655 -3.509 -3.375 -3.247 -3.123 -3.002 -2.881 -2.760 -2.640 -2.520 -2.402 -2.284 -2.169 -2.056
  3.00   -5.074 -4.814 -4.570 -4.346 -4.145 -3.965 -3.804 -3.658 -3.523 -3.395 -3.271 -3.148 -3.027 -2.906 -2.784 -2.664 -2.543 -2.425 -2.307 -2.193
