 log pga(g) AB95 BC
  1.00   -0.567 -0.494 -0.425 -0.359 -0.296 -0.235 -0.175 -0.117 -0.060 -0.003  0.052  0.107  0.161  0.214  0.267  0.320  0.372  0.423  0.475  0.526
  1.10   -0.786 -0.696 -0.611 -0.532 -0.458 -0.387 -0.319 -0.254 -0.191 -0.130 -0.071 -0.013  0.043  0.098  0.153  0.207  0.260  0.312  0.364  0.416
  1.20   -0.979 -0.881 -0.789 -0.702 -0.619 -0.541 -0.466 -0.395 -0.327 -0.262 -0.199 -0.138 -0.079 -0.021  0.035  0.091  0.145  0.198  0.251  0.303
  1.30   -1.161 -1.059 -0.962 -0.869 -0.781 -0.697 -0.617 -0.541 -0.468 -0.398 -0.331 -0.267 -0.204 -0.144 -0.086 -0.029  0.027  0.081  0.135  0.188
  1.40   -1.340 -1.235 -1.134 -1.038 -0.946 -0.857 -0.773 -0.692 -0.614 -0.540 -0.469 -0.401 -0.336 -0.273 -0.212 -0.153 -0.096 -0.040  0.015  0.069
  1.50   -1.518 -1.411 -1.308 -1.209 -1.113 -1.022 -0.933 -0.848 -0.767 -0.689 -0.614 -0.542 -0.474 -0.408 -0.344 -0.283 -0.223 -0.166 -0.110 -0.055
  1.60   -1.699 -1.589 -1.484 -1.383 -1.285 -1.191 -1.099 -1.011 -0.926 -0.844 -0.766 -0.690 -0.618 -0.549 -0.483 -0.419 -0.357 -0.298 -0.240 -0.184
  1.70   -1.883 -1.772 -1.665 -1.562 -1.462 -1.366 -1.272 -1.180 -1.092 -1.007 -0.925 -0.846 -0.771 -0.698 -0.629 -0.562 -0.498 -0.436 -0.377 -0.319
  1.80   -2.073 -1.961 -1.853 -1.748 -1.646 -1.547 -1.451 -1.357 -1.266 -1.178 -1.093 -1.011 -0.932 -0.856 -0.783 -0.714 -0.647 -0.583 -0.521 -0.461
  1.90   -2.185 -2.072 -1.963 -1.857 -1.754 -1.654 -1.557 -1.462 -1.370 -1.281 -1.194 -1.110 -1.030 -0.953 -0.879 -0.808 -0.740 -0.675 -0.612 -0.551
  2.00   -2.235 -2.120 -2.010 -1.904 -1.801 -1.700 -1.603 -1.508 -1.415 -1.326 -1.240 -1.156 -1.076 -0.999 -0.926 -0.855 -0.787 -0.722 -0.659 -0.599
  2.10   -2.291 -2.176 -2.065 -1.958 -1.854 -1.753 -1.655 -1.560 -1.468 -1.379 -1.292 -1.209 -1.130 -1.053 -0.980 -0.910 -0.842 -0.778 -0.715 -0.655
  2.20   -2.441 -2.324 -2.211 -2.102 -1.996 -1.894 -1.794 -1.697 -1.603 -1.512 -1.424 -1.339 -1.257 -1.178 -1.103 -1.031 -0.962 -0.896 -0.832 -0.770
  2.30   -2.621 -2.501 -2.386 -2.275 -2.167 -2.063 -1.961 -1.861 -1.765 -1.671 -1.580 -1.493 -1.408 -1.327 -1.249 -1.174 -1.103 -1.034 -0.968 -0.904
  2.40   -2.820 -2.697 -2.579 -2.465 -2.355 -2.248 -2.144 -2.042 -1.943 -1.846 -1.752 -1.662 -1.574 -1.490 -1.409 -1.331 -1.257 -1.185 -1.117 -1.051
  2.50   -3.038 -2.912 -2.791 -2.674 -2.561 -2.451 -2.344 -2.239 -2.137 -2.037 -1.941 -1.847 -1.756 -1.668 -1.584 -1.503 -1.425 -1.351 -1.279 -1.211
  2.60   -3.278 -3.147 -3.022 -2.902 -2.785 -2.672 -2.562 -2.454 -2.349 -2.246 -2.146 -2.049 -1.955 -1.863 -1.775 -1.690 -1.609 -1.531 -1.457 -1.385
  2.70   -3.541 -3.405 -3.275 -3.151 -3.031 -2.914 -2.800 -2.689 -2.580 -2.474 -2.370 -2.269 -2.171 -2.076 -1.984 -1.895 -1.810 -1.728 -1.649 -1.574
  2.80   -3.828 -3.686 -3.551 -3.422 -3.297 -3.176 -3.059 -2.944 -2.831 -2.721 -2.614 -2.509 -2.407 -2.307 -2.211 -2.118 -2.028 -1.942 -1.859 -1.780
  2.90   -4.141 -3.992 -3.851 -3.716 -3.587 -3.461 -3.339 -3.220 -3.103 -2.989 -2.878 -2.769 -2.662 -2.559 -2.458 -2.360 -2.265 -2.174 -2.087 -2.003
  3.00   -4.483 -4.325 -4.176 -4.035 -3.899 -3.768 -3.642 -3.518 -3.397 -3.279 -3.163 -3.050 -2.939 -2.831 -2.725 -2.622 -2.523 -2.427 -2.334 -2.245
