 log psa(g), T, damp =   0.2000  0.05 AB BC
  1.00   -0.731 -0.598 -0.477 -0.365 -0.262 -0.167 -0.078  0.005  0.083  0.157  0.227  0.294  0.359  0.421  0.481  0.540  0.597  0.653  0.709  0.763
  1.10   -0.848 -0.721 -0.603 -0.493 -0.390 -0.293 -0.203 -0.117 -0.037  0.040  0.112  0.181  0.247  0.311  0.373  0.432  0.490  0.547  0.603  0.657
  1.20   -0.983 -0.856 -0.738 -0.627 -0.523 -0.424 -0.331 -0.243 -0.160 -0.081 -0.006  0.065  0.133  0.199  0.262  0.322  0.382  0.439  0.495  0.551
  1.30   -1.125 -0.997 -0.878 -0.766 -0.660 -0.559 -0.464 -0.373 -0.287 -0.206 -0.128 -0.054  0.016  0.083  0.148  0.210  0.271  0.329  0.386  0.442
  1.40   -1.272 -1.143 -1.022 -0.908 -0.800 -0.698 -0.600 -0.507 -0.418 -0.334 -0.254 -0.177 -0.105 -0.035  0.031  0.095  0.157  0.217  0.275  0.331
  1.50   -1.421 -1.291 -1.169 -1.054 -0.945 -0.840 -0.740 -0.645 -0.553 -0.467 -0.384 -0.305 -0.230 -0.158 -0.089 -0.023  0.040  0.101  0.160  0.218
  1.60   -1.574 -1.443 -1.320 -1.204 -1.093 -0.987 -0.885 -0.787 -0.694 -0.604 -0.519 -0.437 -0.359 -0.285 -0.214 -0.146 -0.081 -0.018  0.042  0.101
  1.70   -1.731 -1.599 -1.475 -1.358 -1.246 -1.138 -1.034 -0.935 -0.839 -0.747 -0.659 -0.575 -0.494 -0.417 -0.344 -0.274 -0.206 -0.142 -0.080 -0.020
  1.80   -1.891 -1.759 -1.635 -1.516 -1.403 -1.294 -1.189 -1.088 -0.990 -0.896 -0.806 -0.719 -0.636 -0.556 -0.480 -0.407 -0.338 -0.271 -0.207 -0.146
  1.90   -1.975 -1.842 -1.718 -1.599 -1.486 -1.376 -1.271 -1.169 -1.071 -0.976 -0.885 -0.797 -0.713 -0.633 -0.556 -0.482 -0.412 -0.344 -0.280 -0.217
  2.00   -1.995 -1.863 -1.738 -1.620 -1.506 -1.397 -1.292 -1.190 -1.093 -0.998 -0.908 -0.820 -0.737 -0.657 -0.581 -0.508 -0.438 -0.371 -0.307 -0.245
  2.10   -2.019 -1.887 -1.763 -1.644 -1.531 -1.422 -1.318 -1.217 -1.119 -1.026 -0.936 -0.849 -0.767 -0.688 -0.612 -0.540 -0.471 -0.405 -0.341 -0.280
  2.20   -2.129 -1.996 -1.872 -1.753 -1.639 -1.530 -1.424 -1.323 -1.225 -1.130 -1.039 -0.951 -0.868 -0.787 -0.711 -0.637 -0.567 -0.500 -0.436 -0.373
  2.30   -2.266 -2.133 -2.008 -1.888 -1.774 -1.664 -1.558 -1.455 -1.356 -1.260 -1.167 -1.078 -0.993 -0.911 -0.832 -0.757 -0.686 -0.617 -0.551 -0.488
  2.40   -2.421 -2.287 -2.161 -2.042 -1.927 -1.816 -1.709 -1.605 -1.504 -1.407 -1.313 -1.223 -1.135 -1.052 -0.971 -0.894 -0.821 -0.750 -0.683 -0.618
  2.50   -2.597 -2.463 -2.336 -2.216 -2.100 -1.989 -1.881 -1.776 -1.675 -1.576 -1.481 -1.388 -1.299 -1.214 -1.131 -1.052 -0.977 -0.904 -0.835 -0.769
  2.60   -2.799 -2.664 -2.538 -2.417 -2.300 -2.188 -2.079 -1.974 -1.871 -1.771 -1.674 -1.580 -1.489 -1.401 -1.317 -1.236 -1.158 -1.083 -1.012 -0.944
  2.70   -3.033 -2.898 -2.771 -2.649 -2.532 -2.419 -2.309 -2.202 -2.098 -1.997 -1.899 -1.803 -1.710 -1.620 -1.533 -1.450 -1.370 -1.293 -1.219 -1.148
  2.80   -3.306 -3.170 -3.042 -2.919 -2.802 -2.688 -2.577 -2.469 -2.364 -2.261 -2.161 -2.063 -1.968 -1.876 -1.787 -1.701 -1.618 -1.538 -1.461 -1.388
  2.90   -3.627 -3.490 -3.360 -3.236 -3.117 -3.002 -2.890 -2.780 -2.673 -2.569 -2.467 -2.367 -2.270 -2.175 -2.083 -1.994 -1.908 -1.824 -1.745 -1.668
  3.00   -4.004 -3.865 -3.733 -3.608 -3.486 -3.369 -3.255 -3.143 -3.034 -2.927 -2.822 -2.719 -2.619 -2.520 -2.425 -2.331 -2.241 -2.154 -2.069 -1.988
