 log psa(g), T, damp =   1.500 0.05 interpolated jan 24 2014 from 1 and 2s tbl
  1.00 -2.77 -2.61 -2.45 -2.30 -2.15 -2.01 -1.86 -1.72 -1.58 -1.45 -1.32 -1.20 -1.09 -0.98 -0.87 -0.76 -0.66 -0.56 -0.47 -0.38
  1.10 -2.97 -2.78 -2.60 -2.43 -2.27 -2.11 -1.96 -1.82 -1.68 -1.55 -1.42 -1.31 -1.19 -1.08 -0.97 -0.87 -0.77 -0.67 -0.57 -0.48
  1.20 -3.13 -2.92 -2.72 -2.54 -2.37 -2.21 -2.06 -1.92 -1.78 -1.65 -1.53 -1.41 -1.30 -1.18 -1.08 -0.97 -0.87 -0.77 -0.68 -0.58
  1.30 -3.25 -3.04 -2.83 -2.65 -2.47 -2.31 -2.16 -2.02 -1.88 -1.76 -1.64 -1.52 -1.40 -1.29 -1.18 -1.08 -0.98 -0.88 -0.78 -0.69
  1.40 -3.37 -3.15 -2.94 -2.75 -2.57 -2.41 -2.26 -2.12 -1.99 -1.87 -1.74 -1.63 -1.51 -1.40 -1.29 -1.19 -1.08 -0.98 -0.89 -0.79
  1.50 -3.48 -3.26 -3.05 -2.86 -2.68 -2.52 -2.37 -2.23 -2.10 -1.98 -1.85 -1.74 -1.62 -1.51 -1.40 -1.29 -1.19 -1.09 -0.99 -0.90
  1.60 -3.60 -3.37 -3.16 -2.97 -2.79 -2.63 -2.48 -2.34 -2.21 -2.09 -1.97 -1.85 -1.74 -1.62 -1.51 -1.41 -1.30 -1.20 -1.10 -1.01
  1.70 -3.72 -3.49 -3.28 -3.09 -2.91 -2.75 -2.60 -2.46 -2.33 -2.21 -2.09 -1.97 -1.85 -1.74 -1.63 -1.52 -1.41 -1.31 -1.21 -1.11
  1.80 -3.85 -3.62 -3.41 -3.21 -3.03 -2.87 -2.72 -2.58 -2.45 -2.33 -2.21 -2.09 -1.97 -1.86 -1.74 -1.63 -1.53 -1.42 -1.32 -1.23
  1.90 -3.91 -3.68 -3.47 -3.27 -3.09 -2.93 -2.78 -2.64 -2.51 -2.39 -2.27 -2.15 -2.03 -1.91 -1.80 -1.69 -1.58 -1.48 -1.38 -1.28
  2.00 -3.91 -3.69 -3.47 -3.28 -3.10 -2.94 -2.79 -2.65 -2.52 -2.39 -2.27 -2.15 -2.03 -1.92 -1.81 -1.70 -1.59 -1.49 -1.39 -1.29
  2.10 -3.92 -3.69 -3.48 -3.28 -3.10 -2.94 -2.79 -2.65 -2.52 -2.40 -2.28 -2.16 -2.04 -1.93 -1.81 -1.71 -1.60 -1.49 -1.39 -1.30
  2.20 -3.99 -3.76 -3.55 -3.35 -3.17 -3.01 -2.86 -2.72 -2.59 -2.46 -2.34 -2.22 -2.10 -1.99 -1.88 -1.77 -1.66 -1.56 -1.45 -1.36
  2.30 -4.08 -3.85 -3.63 -3.43 -3.25 -3.09 -2.94 -2.80 -2.67 -2.54 -2.42 -2.30 -2.18 -2.07 -1.95 -1.84 -1.73 -1.63 -1.53 -1.43
  2.40 -4.17 -3.94 -3.72 -3.52 -3.34 -3.18 -3.03 -2.89 -2.76 -2.63 -2.51 -2.39 -2.27 -2.15 -2.04 -1.92 -1.82 -1.71 -1.61 -1.51
  2.50 -4.28 -4.04 -3.82 -3.62 -3.44 -3.27 -3.12 -2.98 -2.85 -2.72 -2.60 -2.48 -2.36 -2.24 -2.13 -2.01 -1.90 -1.80 -1.69 -1.59
  2.60 -4.39 -4.15 -3.93 -3.73 -3.54 -3.38 -3.23 -3.09 -2.96 -2.83 -2.70 -2.58 -2.46 -2.34 -2.23 -2.11 -2.00 -1.89 -1.79 -1.68
  2.70 -4.51 -4.27 -4.05 -3.85 -3.66 -3.50 -3.35 -3.20 -3.07 -2.94 -2.82 -2.70 -2.57 -2.46 -2.34 -2.22 -2.11 -2.00 -1.89 -1.79
  2.80 -4.65 -4.41 -4.18 -3.98 -3.79 -3.63 -3.48 -3.33 -3.20 -3.07 -2.95 -2.82 -2.70 -2.58 -2.46 -2.35 -2.23 -2.12 -2.01 -1.90
  2.90 -4.80 -4.56 -4.33 -4.13 -3.94 -3.77 -3.62 -3.48 -3.35 -3.22 -3.09 -2.97 -2.84 -2.72 -2.60 -2.48 -2.37 -2.25 -2.14 -2.04
  3.00 -4.97 -4.73 -4.50 -4.30 -4.11 -3.94 -3.79 -3.65 -3.51 -3.38 -3.26 -3.13 -3.01 -2.88 -2.76 -2.64 -2.53 -2.41 -2.30 -2.19
