 log psa(g), T, damp =  1.50 0.05 interpolated jan 24 2014 from 1 and 2s tbl
  1.00 -2.74 -2.51 -2.28 -2.06 -1.84 -1.63 -1.42 -1.24 -1.06 -0.91 -0.77 -0.65 -0.54 -0.44 -0.34 -0.25 -0.17 -0.09 -0.02  0.05
  1.10 -2.86 -2.62 -2.40 -2.17 -1.94 -1.73 -1.52 -1.34 -1.16 -1.01 -0.87 -0.75 -0.64 -0.54 -0.45 -0.36 -0.28 -0.19 -0.12 -0.05
  1.20 -2.98 -2.74 -2.51 -2.27 -2.04 -1.83 -1.62 -1.44 -1.26 -1.11 -0.97 -0.85 -0.74 -0.64 -0.55 -0.46 -0.38 -0.29 -0.22 -0.15
  1.30 -3.10 -2.85 -2.61 -2.38 -2.15 -1.93 -1.72 -1.54 -1.36 -1.22 -1.08 -0.96 -0.84 -0.74 -0.65 -0.56 -0.48 -0.40 -0.33 -0.25
  1.40 -3.21 -2.96 -2.72 -2.48 -2.25 -2.03 -1.83 -1.63 -1.46 -1.32 -1.18 -1.06 -0.95 -0.85 -0.75 -0.67 -0.58 -0.50 -0.43 -0.36
  1.50 -3.32 -3.07 -2.82 -2.58 -2.35 -2.13 -1.93 -1.73 -1.57 -1.42 -1.29 -1.16 -1.06 -0.95 -0.86 -0.77 -0.69 -0.61 -0.54 -0.46
  1.60 -3.43 -3.18 -2.92 -2.69 -2.45 -2.23 -2.03 -1.84 -1.67 -1.52 -1.39 -1.27 -1.16 -1.06 -0.96 -0.88 -0.79 -0.71 -0.64 -0.56
  1.70 -3.55 -3.29 -3.03 -2.79 -2.55 -2.34 -2.13 -1.95 -1.78 -1.63 -1.49 -1.38 -1.27 -1.17 -1.07 -0.99 -0.90 -0.82 -0.75 -0.67
  1.80 -3.66 -3.39 -3.14 -2.90 -2.66 -2.44 -2.24 -2.06 -1.89 -1.74 -1.61 -1.49 -1.38 -1.28 -1.19 -1.09 -1.01 -0.93 -0.85 -0.78
  1.90 -3.71 -3.45 -3.20 -2.96 -2.72 -2.50 -2.30 -2.11 -1.95 -1.80 -1.67 -1.55 -1.43 -1.33 -1.24 -1.15 -1.07 -0.99 -0.91 -0.84
  2.00 -3.74 -3.47 -3.22 -2.97 -2.73 -2.52 -2.31 -2.12 -1.96 -1.82 -1.68 -1.57 -1.46 -1.36 -1.26 -1.17 -1.08 -1.00 -0.93 -0.85
  2.10 -3.76 -3.50 -3.24 -2.99 -2.75 -2.54 -2.33 -2.15 -1.98 -1.83 -1.70 -1.58 -1.47 -1.37 -1.27 -1.19 -1.10 -1.02 -0.94 -0.87
  2.20 -3.84 -3.57 -3.31 -3.07 -2.82 -2.61 -2.40 -2.22 -2.05 -1.91 -1.78 -1.65 -1.55 -1.44 -1.35 -1.25 -1.17 -1.09 -1.01 -0.93
  2.30 -3.93 -3.67 -3.40 -3.15 -2.91 -2.69 -2.49 -2.30 -2.14 -1.99 -1.85 -1.74 -1.62 -1.52 -1.42 -1.34 -1.25 -1.16 -1.09 -1.01
  2.40 -4.03 -3.76 -3.50 -3.24 -3.01 -2.78 -2.57 -2.39 -2.22 -2.08 -1.95 -1.83 -1.71 -1.61 -1.51 -1.42 -1.34 -1.25 -1.16 -1.08
  2.50 -4.13 -3.86 -3.60 -3.35 -3.11 -2.89 -2.68 -2.49 -2.32 -2.18 -2.05 -1.92 -1.81 -1.71 -1.61 -1.52 -1.42 -1.34 -1.25 -1.18
  2.60 -4.25 -3.98 -3.72 -3.47 -3.22 -3.00 -2.79 -2.61 -2.44 -2.29 -2.15 -2.03 -1.92 -1.81 -1.71 -1.62 -1.53 -1.44 -1.35 -1.27
  2.70 -4.38 -4.11 -3.84 -3.59 -3.34 -3.12 -2.91 -2.73 -2.56 -2.41 -2.27 -2.15 -2.03 -1.93 -1.83 -1.74 -1.64 -1.55 -1.46 -1.38
  2.80 -4.53 -4.25 -3.98 -3.73 -3.49 -3.26 -3.05 -2.86 -2.70 -2.54 -2.41 -2.29 -2.17 -2.06 -1.96 -1.86 -1.77 -1.68 -1.59 -1.50
  2.90 -4.69 -4.41 -4.14 -3.88 -3.64 -3.41 -3.20 -3.02 -2.85 -2.70 -2.56 -2.43 -2.32 -2.21 -2.11 -2.01 -1.91 -1.82 -1.73 -1.64
  3.00 -4.87 -4.59 -4.32 -4.06 -3.82 -3.58 -3.38 -3.19 -3.02 -2.87 -2.73 -2.60 -2.49 -2.37 -2.27 -2.17 -2.07 -1.98 -1.89 -1.80
