 log psa(g), T, damp =  1.50 0.05   interpolated jan 24 2014 from 1 and 2s tbl
  1.00 -2.60 -2.38 -2.16 -1.94 -1.73 -1.52 -1.33 -1.15 -0.98 -0.82 -0.69 -0.56 -0.46 -0.35 -0.26 -0.17 -0.09 -0.01  0.07  0.13
  1.10 -2.72 -2.49 -2.27 -2.05 -1.84 -1.63 -1.43 -1.25 -1.08 -0.92 -0.79 -0.66 -0.56 -0.45 -0.36 -0.27 -0.20 -0.11 -0.04  0.03
  1.20 -2.85 -2.61 -2.38 -2.16 -1.94 -1.73 -1.53 -1.35 -1.18 -1.02 -0.89 -0.77 -0.66 -0.56 -0.47 -0.38 -0.30 -0.22 -0.14 -0.07
  1.30 -2.96 -2.73 -2.49 -2.26 -2.04 -1.83 -1.63 -1.45 -1.28 -1.12 -0.99 -0.87 -0.76 -0.66 -0.57 -0.48 -0.40 -0.32 -0.24 -0.17
  1.40 -3.08 -2.84 -2.60 -2.37 -2.14 -1.93 -1.73 -1.55 -1.38 -1.23 -1.10 -0.98 -0.87 -0.77 -0.68 -0.59 -0.50 -0.42 -0.35 -0.28
  1.50 -3.20 -2.95 -2.71 -2.47 -2.25 -2.03 -1.83 -1.65 -1.48 -1.33 -1.21 -1.08 -0.97 -0.87 -0.78 -0.69 -0.61 -0.53 -0.45 -0.38
  1.60 -3.31 -3.06 -2.82 -2.58 -2.35 -2.14 -1.94 -1.75 -1.59 -1.44 -1.31 -1.19 -1.07 -0.98 -0.89 -0.80 -0.71 -0.63 -0.56 -0.49
  1.70 -3.42 -3.17 -2.93 -2.68 -2.46 -2.24 -2.04 -1.86 -1.69 -1.55 -1.41 -1.30 -1.18 -1.09 -0.99 -0.91 -0.82 -0.74 -0.67 -0.59
  1.80 -3.54 -3.28 -3.04 -2.79 -2.57 -2.35 -2.15 -1.97 -1.81 -1.66 -1.52 -1.41 -1.30 -1.20 -1.10 -1.02 -0.93 -0.85 -0.78 -0.70
  1.90 -3.60 -3.34 -3.10 -2.85 -2.63 -2.41 -2.21 -2.03 -1.86 -1.71 -1.59 -1.46 -1.35 -1.26 -1.17 -1.07 -0.99 -0.91 -0.83 -0.76
  2.00 -3.62 -3.37 -3.11 -2.87 -2.64 -2.42 -2.23 -2.04 -1.88 -1.73 -1.60 -1.48 -1.37 -1.27 -1.18 -1.08 -1.00 -0.92 -0.84 -0.77
  2.10 -3.65 -3.39 -3.14 -2.90 -2.67 -2.45 -2.24 -2.06 -1.90 -1.75 -1.62 -1.50 -1.39 -1.30 -1.20 -1.11 -1.02 -0.94 -0.86 -0.79
  2.20 -3.73 -3.47 -3.21 -2.97 -2.74 -2.52 -2.32 -2.13 -1.97 -1.82 -1.69 -1.57 -1.47 -1.36 -1.26 -1.17 -1.09 -1.01 -0.93 -0.85
  2.30 -3.82 -3.56 -3.30 -3.05 -2.82 -2.60 -2.40 -2.22 -2.06 -1.91 -1.77 -1.65 -1.54 -1.44 -1.34 -1.26 -1.17 -1.08 -1.00 -0.92
  2.40 -3.92 -3.66 -3.40 -3.15 -2.92 -2.70 -2.49 -2.31 -2.14 -2.00 -1.87 -1.75 -1.63 -1.53 -1.44 -1.34 -1.25 -1.16 -1.09 -1.01
  2.50 -4.04 -3.77 -3.50 -3.26 -3.02 -2.80 -2.59 -2.41 -2.24 -2.10 -1.97 -1.84 -1.73 -1.63 -1.52 -1.43 -1.35 -1.26 -1.17 -1.10
  2.60 -4.16 -3.89 -3.62 -3.37 -3.14 -2.91 -2.70 -2.52 -2.36 -2.21 -2.07 -1.95 -1.84 -1.73 -1.63 -1.54 -1.45 -1.36 -1.27 -1.20
  2.70 -4.29 -4.02 -3.75 -3.50 -3.26 -3.04 -2.83 -2.64 -2.48 -2.33 -2.19 -2.07 -1.95 -1.85 -1.75 -1.66 -1.56 -1.47 -1.39 -1.30
  2.80 -4.43 -4.16 -3.89 -3.64 -3.40 -3.17 -2.97 -2.78 -2.61 -2.46 -2.33 -2.21 -2.09 -1.98 -1.88 -1.78 -1.69 -1.60 -1.51 -1.43
  2.90 -4.59 -4.32 -4.06 -3.80 -3.55 -3.33 -3.12 -2.93 -2.77 -2.61 -2.48 -2.35 -2.24 -2.13 -2.03 -1.93 -1.83 -1.74 -1.65 -1.56
  3.00 -4.78 -4.50 -4.23 -3.98 -3.73 -3.50 -3.30 -3.11 -2.94 -2.79 -2.65 -2.53 -2.41 -2.30 -2.20 -2.10 -2.00 -1.90 -1.81 -1.73
