0		! gridded input hazgridXnga4 use gnd epistemic Dec 07
24.6 50. 0.1     from CAmapC.in USE Mueller Oct 2007 agrid 
-125. -100. 0.1	!use  Mmax from flt model 2.1
760. 2.
2 1. 0.0 1.0 5. 1.0 0.0  2 depths
0.5 0.5 0.0
1. 200.
24.6 51. 0.1     source grid 
-126.5 -100. 0.1
0.8 5.0 7.0 0.1 3.
1 0 1 6.5	!new 6.5 Mtaper nov 14 0 1
../conf/CA/gridded/GR_DOS/fltmmaxALL21ch.out6
../conf/CA/gridded/GR_DOS/wtgrid.65plus
../conf/CA/gridded/GR_DOS/agrd_cstcal.out
1. 0
../bin/meanrjb.bin
3    periods. 
0. 1. 0. PGA with epistemic
0.375 0.210 0.245
0.230 0.225 0.23
0.400 0.360 0.31
../out/CAmap.21.ch.pga
19
.005 .007 .0098 .0137 .0192 .0269 .0376 .0527 .0738 .103 .145 .203 .284 .397 .556 .778 1.09 1.52 2.13 
3
21 0.3333 1000. 1.0 0 BAnga
22 0.3333 1000. 1.0 0 CB Mar 2008
23 0.3334 1000. 1.0 0 CYnga
1.0 1. 0 1hz
0.375 0.210 0.245
0.230 0.225 0.23
0.400 0.360 0.31
../out/CAmap.21.ch.1hz
20
.0025 .00375 .00563 .00844 .0127 .0190 .0285 .0427 .0641 .0961 .144 .216 .324 .487 .730 1.09 1.64 2.46 3.69 5.54 
3
21 0.3333 1000. 1.0 0 BAnga
22 0.3333 1000. 1.0 0 CB
23 0.3334 1000. 1.0 0 CYnga
0.2 1 0 1hz
0.375 0.210 0.245
0.230 0.225 0.23
0.400 0.360 0.31
../out/CAmap.21.ch.5hz
19
.005 .0075 .0113 .0169 .0253 .0380 .0570 .0854 .128 .192 .288 .432 .649 .973 1.46 2.19 3.28 4.92 7.38 
3
21 0.3333 1000. 1.0 0 BAnga
22 0.3333 1000. 1.0 0 CB
23 0.3334 1000. 1.0 0 CYnga
