0 		!Charleston SSC 1-branch zone(regional), Mw 7.5. Use hazgridXnga13l 
24.6  50. .1
-115.0  -65. .1
760 1
1 5 1 1         !dtor fix at 5 km
1 00 0
5. 1000. 
30 36 0.1	!ssc src box limits
-85. -77. 0.1 !longitude limits
0.0 7.5 7.5 0.1 3.0
20 0 0  0
../conf/CEUS/gridded/GR_DOS/agrid_charl_r.2013.ssc
1. 0
17.5
3
0. 0. 0. PGA
../out/CEUSchar_2014_r9.ssc75.pga
20
.005 .007 .0098 .0137 .0192 .0269 .0376 .0527 .0738 .103 .145 .203 .284 .397 .556 .778 1.09 1.52 2.2 3.3
9
2  0.11 500. 0.00 1 Toro Mw atten.
7  0.10 500. 0.00 0 somerville
6  0.06 500. 0.16 0 FEA
10 0.11 500. 0.17 0 Campbell hybrid, BC
15 0.06 500. 0.00 0 Silva
19 0.11 500. 0.17 0 TP05
35 0.08 500. 0.00 0 A08'
37 0.15 500. 0.20 0 Pez11
36 0.22 500. 0.30 0 AB06'
1.0 0. 0. 1 sec SA
../out/CEUSchar_2014_r9.ssc75.1hz
20
.0025 .00375 .00563 .00844 .0127 .0190 .0285 .0427 .0641 .0961 .144 .216 .324 .487 .730 1.09 1.64 2.46 3.69 5.54
9
2  0.11 500. 0.00 1 Toro Mw atten.
7  0.10 500. 0.00 0 somerville
6  0.06 500. 0.16 0 FEA
10 0.11 500. 0.17 0 Campbell hybrid, BC
15 0.06 500. 0.00 0 Silva
19 0.11 500. 0.17 0 TP05
35 0.08 500. 0.00 0 A08'
37 0.15 500. 0.20 0 Pez11
36 0.22 500. 0.30 0 AB06'
0.2 0. 0.   0.2 sec SA
../out/CEUSchar_2014_r9.ssc75.5hz
19
.005 .0075 0.0113 .0169 .0253 .0380 .0570 .0854 .128 .192 .288 .432 .649 .973 1.46 2.19 3.28 4.92 7.38 
9
2  0.11 500. 0.00 1 Toro Mw atten.
7  0.10 500. 0.00 0 somerville
6  0.06 500. 0.16 0 FEA
10 0.11 500. 0.17 0 Campbell hybrid, BC
15 0.06 500. 0.00 0 Silva
19 0.11 500. 0.17 0 TP05
35 0.08 500. 0.00 0 A08'
37 0.15 500. 0.20 0 Pez11
36 0.22 500. 0.30 0 AB06'
