0 		!CEUS gridded for 2014, adaptive smoothing
24.6 50 .1
-115 -65 .1
760.0 2		!firm rock
1 5.0 1 1         !dtor fix at 5 km
1 00 0
5. 1000. 		!360-km Rmax
23.0 53. 0.1 
-116. -60. 0.1 !source box
1.0 4.7 7.0 0.1 3.0
1 1 12 0
../conf/CEUS/gridded/GR_DOS/bval_CEUS_CM.out
../conf/CEUS/gridded/GR_DOS/mmax_4zone.out
1 4 6.5 0.2 7.0 0.5 7.5 0.2 8.0 0.1
2 4 6.8 0.1 7.2 0.3 7.6 0.5 8.0 0.1
3 4 6.8 0.1 7.2 0.3 7.6 0.5 8.0 0.1
4 4 6.8 0.1 7.2 0.3 7.6 0.5 8.0 0.1
5 4 6.8 0.1 7.2 0.3 7.6 0.5 8.0 0.1
6 4 6.8 0.2 7.2 0.3 7.6 0.4 8.0 0.1
7 4 6.8 0.2 7.2 0.3 7.6 0.4 8.0 0.1
8 4 6.8 0.2 7.2 0.3 7.6 0.4 8.0 0.1
9 4 6.5 0.2 7.0 0.5 7.5 0.2 8.0 0.1
10 4 6.5 0.2 7.0 0.5 7.5 0.2 8.0 0.1
11 4 6.5 0.2 7.0 0.5 7.5 0.2 8.0 0.1
12 4 6.5 0.2 7.0 0.5 7.5 0.2 8.0 0.1
../conf/CEUS/gridded/GR_DOS/agrd_CEUS_fixRSm_2zone.out
1. 0
../bin/rjbmean.bin.Aeast
3
0. 0. 0. PGA
../out/CEUS_fixRGrid_2014_4zone.pga
20
.005 .007 .0098 .0137 .0192 .0269 .0376 .0527 .0738 .103 .145 .203 .284 .397 .556 .778 1.09 1.52 2.2 3.3
8
2  0.13 500. 0.00 1 Toro Mw atten.
6  0.06 500. 0.16 0 FEA
10 0.13 500. 0.17 0 Campbell hybrid, BC
15 0.06 500. 0.00 0 Silva
19 0.13 500. 0.17 0 TP05
35 0.08 500. 0.0  0 A08'
37 0.16 500  0.20 0 Pez11
36 0.25 500. 0.30 0 AB06'
1.0 0. 0. PSA
../out/CEUS_fixRGrid_2014_4zone.1hz
20
.0025 .00375 .00563 .00844 .0127 .0190 .0285 .0427 .0641 .0961 .144 .216 .324 .487 .730 1.09 1.64 2.46 3.69 5.54
8
2  0.13 500. 0.00 1 Toro Mw atten.
6  0.06 500. 0.16 0 FEA
10 0.13 500. 0.17 0 Campbell hybrid, BC
15 0.06 500. 0.00 0 Silva
19 0.13 500. 0.17 0 TP05
35 0.08 500. 0.0  0 A08'
37 0.16 500  0.20 0 Pez11
36 0.25 500. 0.30 0 AB06'
0.2 0. 0.   0.2 sec SA
../out/CEUS_fixRGrid_2014_4zone.5hz
19
.005 .0075 0.0113 .0169 .0253 .0380 .0570 .0854 .128 .192 .288 .432 .649 .973 1.46 2.19 3.28 4.92 7.38 
8
2  0.13 500. 0.00 1 Toro Mw atten.
6  0.06 500. 0.16 0 FEA
10 0.13 500. 0.17 0 Campbell hybrid, BC
15 0.06 500. 0.00 0 Silva
19 0.13 500. 0.17 0 TP05
35 0.08 500. 0.0  0 A08'
37 0.16 500  0.20 0 Pez11
36 0.25 500. 0.30 0 AB06'
