0 		!CEUS gridded for 2014, adaptive smoothing
24.6 50 .1
-115 -65 .1
760.0 2		!firm rock
1 5.0 1 1         !dtor fix at 5 km
1 00 0
5. 1000. 		!360-km Rmax
24.6 50. 0.1 
-115. -65. 0.1 source box
1.0 4.7 7.0 0.1 3.0
1 0 5 0
../conf/CEUS/gridded/GR_DOS/mmax_2zone.out
1 4 6.5 0.3 7.0 0.5 7.5 0.1 8.0 0.1  usgs craton
2 4 6.8 0.1 7.2 0.3 7.6 0.5 8.0 0.1  usgs margin
3 4 6.5 0.3 7.0 0.5 7.5 0.1 8.0 0.1  rockyMtn
4 4 6.5 0.3 7.0 0.5 7.5 0.1 8.0 0.1  coloPlateau
5 4 6.5 0.3 7.0 0.5 7.5 0.1 8.0 0.1  other
../conf/CEUS/gridded/GR_DOS/agrd_CEUS_adaptSm.out
1. 0
../bin/meanrjb.bin
3	# 3 spectral periods
0. 0. 0. PGA
../out/CEUS_adGrid_2014_2zone.pga
20
.005 .007 .0098 .0137 .0192 .0269 .0376 .0527 .0738 .103 .145 .203 .284 .397 .556 .778 1.09 1.52 2.2 3.3
8
2  0.10 10000. 0.10 1 Toro Mw atten.
6  0.10 10000. 0.05 0 FEA
10 0.10 10000. 0.10 0 Campbell hybrid, BC
15 0.10 10000. 0.05 0 Silva
19 0.10 10000. 0.10 0 TP05
35 0.10 10000. 0.1  0 A08'
37 0.20 10000  0.10 0 Pez11
36 0.20 10000. 0.30 0 AB06'
1.0 0. 0. PSA
../out/CEUS_adGrid_2014_2zone.1hz
20
.0025 .00375 .00563 .00844 .0127 .0190 .0285 .0427 .0641 .0961 .144 .216 .324 .487 .730 1.09 1.64 2.46 3.69 5.54
8
2  0.10 10000. 0.10 1 Toro Mw atten.
6  0.10 10000. 0.05 0 FEA
10 0.10 10000. 0.10 0 Campbell hybrid, BC
15 0.10 10000. 0.05 0 Silva
19 0.10 10000. 0.10 0 TP05
35 0.10 10000. 0.1  0 A08'
37 0.20 10000  0.10 0 Pez11
36 0.20 10000. 0.30 0 AB06'
0.2 0. 0.   0.2 sec SA
../out/CEUS_adGrid_2014_2zone.5hz
19
.005 .0075 0.0113 .0169 .0253 .0380 .0570 .0854 .128 .192 .288 .432 .649 .973 1.46 2.19 3.28 4.92 7.38 
8
2  0.10 10000. 0.10 1 Toro Mw atten.
7  0.10 10000. 0.10 0 somerville
6  0.10 10000. 0.05 0 FEA
10 0.10 10000. 0.10 0 Campbell hybrid, BC
15 0.10 10000. 0.05 0 Silva
19 0.10 10000. 0.10 0 TP05
35 0.10 10000. 0.1  0 A08'
37 0.20 10000  0.10 0 Pez11
36 0.20 10000. 0.30 0 AB06'

