0 		!template for CEUS model 
24.6  50. .1
-115.0  -65. .1
760 1
1 5 1 1         !dtor fix at 5 km
1 0 0 0
5. 1000. 
45.0 48.5 0.1	ssc src box limits
-72. -66. 0.1 longitude limits
0.0 7.25 7.25 0.1 3.0  (for M 6.7)
1 0 0  0
../conf/CEUS/gridded/GR_DOS/agrid_Chlvx.out
1. 0
../bin/meanrjb.bin
3
0. 0. 0. PGA
../out/gmpe_Chlvx_2014.725.pga
20
.005 .007 .0098 .0137 .0192 .0269 .0376 .0527 .0738 .103 .145 .203 .284 .397 .556 .778 1.09 1.52 2.2 3.3
1
GMPE
1.0 0. 0. 1 sec SA
../out/gmpe_Chlvx_2014.725.1hz
20
.0025 .00375 .00563 .00844 .0127 .0190 .0285 .0427 .0641 .0961 .144 .216 .324 .487 .730 1.09 1.64 2.46 3.69 5.54
1
GMPE
0.2 0. 0.   0.2 sec SA
../out/gmpe_Chlvx_2014.725.5hz
19
.005 .0075 0.0113 .0169 .0253 .0380 .0570 .0854 .128 .192 .288 .432 .649 .973 1.46 2.19 3.28 4.92 7.38 
1
GMPE
