0 		!template for CEUS model 
24.6  50. .1
-115.0  -65. .1
760 1
1 5 1 1         !dtor fix at 5 km
1 0 0 0
5. 1000. 
45.0 48.5 0.1	ssc src box limits
-72. -66. 0.1 longitude limits
0.0 7.5 7.5 0.1 3.0  (for M 7.5)
1 0 0  0
../conf/CEUS/gridded/GR_DOS/agrid_Chlvx.out
1. 0
3
../bin/meanrjb.bin
0. 0. 0. PGA
../out/Chlvx_2014.750.pga
20
.005 .007 .0098 .0137 .0192 .0269 .0376 .0527 .0738 .103 .145 .203 .284 .397 .556 .778 1.09 1.52 2.2 3.3
9
6  0.05 10000. 0.05 0 FEA
2  0.10 10000. 0.10 1 Toro mbLg atten - converted with Johnston
15 0.05 10000. 0.05 0 Silva
7  0.10 10000. 0.10 0 somerville
10 0.10 10000. 0.10 0 Campbell hybrid, BC
19 0.10 10000. 0.10 0 TP05
35 0.10 10000. 0.10 0 A08'
36 0.20 10000. 0.20 0 AB06'
37 0.20 10000. 0.20 0 PEZ11
1.0 0. 0. 1 sec SA
../out/Chlvx_2014.750.1hz
20
.0025 .00375 .00563 .00844 .0127 .0190 .0285 .0427 .0641 .0961 .144 .216 .324 .487 .730 1.09 1.64 2.46 3.69 5.54
9
6  0.05 10000. 0.05 0 FEA
2  0.10 10000. 0.10 1 Toro Mw atten.
15 0.05 10000. 0.05 0 Silva
7  0.10 10000. 0.10 0 somerville
10 0.10 10000. 0.10 0 Campbell hybrid, BC
19 0.10 10000. 0.10 0 TP05
35 0.10 10000. 0.10 0 A08'
36 0.20 10000. 0.20 0 AB06'
37 0.20 10000. 0.20 0 PEZ11
0.2 0. 0.   0.2 sec SA
../out/Chlvx_2014.750.5hz
19
.005 .0075 0.0113 .0169 .0253 .0380 .0570 .0854 .128 .192 .288 .432 .649 .973 1.46 2.19 3.28 4.92 7.38 
9
6  0.05 10000. 0.05 0 FEA
2  0.10 10000. 0.10 1 Toro Mw atten.
15 0.05 10000. 0.05 0 Silva
7  0.10 10000. 0.10 0 somerville
10 0.10 10000. 0.10 0 Campbell hybrid, BC
19 0.10 10000. 0.10 0 TP05
35 0.10 10000. 0.10 0 A08'
36 0.20 10000. 0.20 0 AB06'
37 0.20 10000. 0.20 0 PEZ11
