0 		    Template for ceus characteristic (rlme) a-grid files
24.6 50. .1
-115. -65. .1
760 1
1 5 1 1             dtor fix at 5 km
1 00 0
5. 1000. 
36.100000 36.700000 0.100000  a-grid extents 
-89.200000 -88.600000 0.100000
0 7.400000 7.400000 0.1 3.0     Characteristic magnitude
2 0 0  0
../conf/CEUS/gridded/GR_DOS/ERM-N_RLME.xls.agrid
1. 0
37.621636     fixed-strike angle. Dont use avg distance in meanrjb.bin
3
0. 0. 0. PGA
../out/ERM-N_RLME_2014.740.pga
20
.005 .007 .0098 .0137 .0192 .0269 .0376 .0527 .0738 .103 .145 .203 .284 .397 .556 .778 1.09 1.52 2.2 3.3
8
6  0.09 10000. 0.05 0 FEA
2  0.09 10000. 0.10 0 Toro Mw atten.
20 0.09 10000. 0.05 0 Silva
7  0.10 10000. 0.10 0 somerville
10 0.09 10000. 0.10 0 Campbell hybrid, BC
19 0.09 10000. 0.10 0 TP05
26 0.25 10000. 0.20 0 AB06'
27 0.20 10000. 0.20 0 PEZ11
1.0 0. 0. 1 sec SA
../out/ERM-N_RLME_2014.740.1hz
20
.0025 .00375 .00563 .00844 .0127 .0190 .0285 .0427 .0641 .0961 .144 .216 .324 .487 .730 1.09 1.64 2.46 3.69 5.54
8
6  0.09 10000. 0.05 0 FEA
2  0.09 10000. 0.10 0 Toro Mw atten.
20 0.09 10000. 0.05 0 Silva
7  0.10 10000. 0.10 0 somerville
10 0.09 10000. 0.10 0 Campbell hybrid, BC
19 0.09 10000. 0.10 0 TP05
26 0.25 10000. 0.20 0 AB06'
27 0.20 10000. 0.20 0 PEZ11
0.2 0. 0.   0.2 sec SA
../out/ERM-N_RLME_2014.740.5hz
19
.005 .0075 0.0113 .0169 .0253 .0380 .0570 .0854 .128 .192 .288 .432 .649 .973 1.46 2.19 3.28 4.92 7.38
8
6  0.09 10000. 0.05 0 FEA
2  0.09 10000. 0.10 0 Toro Mw atten.
20 0.09 10000. 0.05 0 Silva
7  0.10 10000. 0.10 0 somerville
10 0.09 10000. 0.10 0 Campbell hybrid, BC
19 0.09 10000. 0.10 0 TP05
26 0.25 10000. 0.20 0 AB06'
27 0.20 10000. 0.20 0 PEZ11
