-50               !Use with hazFX. Characteristic-M fault file 
24.6 50. 0.05           !site grid. Using M=M(SRL) Wells and Co. except special situations 
-125. -100. 0.05
760.0 2.0          ! Vs30 and depth (km) to 2.5 km/s rock
1.0 300.
3       !3 spectral periods.  M<6.5 sources are in a separate file
0. 1. 0. PGA. 
0.370 0.220 0.220
0.250 0.230 0.230
0.400 0.360 0.330
DET/2014WUSgeo.65.pga
20
.005 .007 .0098 .0137 .0192 .0269 .0376 .0527 .0738 .103 .145 .203 .284 .397 .556 .778 1.09 1.52 2.2 3.3
5
35 0.22 1000.   0.0 0 CY2013
34 0.22 1000.   0.0 0 CB2013
33 0.22 1000.   0.0 0 BSSA2013
36 0.22 1000.   0.0 0 AS2013
37 0.12 1000.   0.0 0 ID2013
0.20 1. 0. PSA
0.370 0.220 0.220
0.250 0.230 0.230
0.400 0.360 0.330
DET/2014WUSgeo.65.5hz
19
.005 .0075 .0113 .0169 .0253 .0380 .0570 .0854 .128 .192 .288 .432 .649 .973 1.46 2.19 3.28 4.92 7.38
5
35 0.22 1000.   0.0 0 CY2013
34 0.22 1000.   0.0 0 CB2013
33 0.22 1000.   0.0 0 BSSA2013
36 0.22 1000.   0.0 0 AS2013
37 0.12 1000.   0.0 0 ID2013
1.00 1. 0. PSA
0.370 0.220 0.220
0.250 0.230 0.230
0.400 0.360 0.330
DET/2014WUSgeo.65.1hz
20
.0025 .00375 .00563 .00844 .0127 .0190 .0285 .0427 .0641 .0961 .144 .216 .324 .487 .730 1.09 1.64 2.46 3.69 5.54
5
35 0.22 1000.   0.0 0 CY2013
34 0.22 1000.   0.0 0 CB2013
33 0.22 1000.   0.0 0 BSSA2013
36 0.22 1000.   0.0 0 AS2013
37 0.12 1000.   0.0 0 ID2013
1.  1.
1               !3 branches on Magnitude epistemic variability
0.
1.
0.12 5          !M aleatory variability, sigma=0.12, 5 steps on either side of 0, each sigma*0.4
     1    3    1    1   865 Mount Hood fault                              
   6.290000      4.4446075E-04  0.6000000      1.3577945E+15
   50.00000       19.58112      0.0000000E+00   11.06647    
           5
      45.33090     -121.80624
      45.32901     -121.81756
      45.33431     -121.83058
      45.35453     -121.85808
      45.38588     -121.91854
    1    3    1    1   834 Paulina Marsh fault                           
   6.260000      8.4111799E-04  0.6000000      2.3166342E+15
   50.00000       19.58112      0.0000000E+00   10.41728    
           5
      43.23120     -121.03912
      43.18924     -121.00515
      43.17613     -120.99725
      43.15771     -120.99518
      43.14855     -120.98421
    1    2    1    1   890 ' thrust and reverse faults        
   6.290000      1.3347843E-03   1.000000      4.0776666E+15
   60.00000       17.32051      0.0000000E+00   10.96146    
           3
      43.28849     -124.29931
      43.27761     -124.31117
      43.19487     -124.33597
    1    2    1    1   885 Yaquina faults                                
   6.140000      1.6188847E-03  0.5000000      2.9458875E+15
   60.00000       17.32051      0.0000000E+00   8.183013    
           3
      44.64147     -123.98667
      44.63195     -124.03321
      44.60868     -124.07742
    1    3    1    1   1733 Eglington fault                              
   6.290000      4.6499999E-04  0.6000000      1.4205403E+15
   50.00000       19.58112      0.0000000E+00   10.99656    
           6
      36.23076     -115.22067
      36.24720     -115.21735
      36.26185     -115.20738
      36.26661     -115.18806
      36.28952     -115.15536
      36.30291     -115.14907
    1    3    1    1   1644 Peavine Peak fault zone                      
   6.360000      8.3330000E-04  0.6000000      3.2419143E+15
   50.00000       19.58112      0.0000000E+00   12.67924    
           7
      39.58701     -119.91092
      39.59420     -119.91056
      39.60579     -119.91846
      39.62573     -119.94335
      39.63319     -119.96375
      39.63238     -119.97444
      39.66849     -119.99798
      1    3    1    1   648a Red Rock Hills fault                         
   6.270000      4.8975786E-04  0.6000000      1.3963084E+15
   50.00000       19.58112      0.0000000E+00   10.71093    
           3
      44.94772     -112.79269
      44.90801     -112.75200
      44.87360     -112.70627

