-50               !Use with hazFX. Characteristic-M fault file 
24.6 50. 0.05           !site grid. Using M=M(SRL) Wells and Co. except special situations 
-125. -100. 0.05
760.0 2.0          ! Vs30 and depth (km) to 2.5 km/s rock
1.0 300.
3       !3 spectral periods.  M<6.5 sources are in a separate file
0. 1. 0. PGA. 
0.370 0.220 0.220
0.250 0.230 0.230
0.400 0.360 0.330
DET/2014WUSgeo.char.pga
20
.005 .007 .0098 .0137 .0192 .0269 .0376 .0527 .0738 .103 .145 .203 .284 .397 .556 .778 1.09 1.52 2.2 3.3
5
35 0.22 1000.   0.0 0 CY2013
34 0.22 1000.   0.0 0 CB2013
33 0.22 1000.   0.0 0 BSSA2013
36 0.22 1000.   0.0 0 AS2013
37 0.12 1000.   0.0 0 ID2013
0.20 1. 0. PSA
0.370 0.220 0.220
0.250 0.230 0.230
0.400 0.360 0.330
DET/2014WUSgeo.char.5hz
19
.005 .0075 .0113 .0169 .0253 .0380 .0570 .0854 .128 .192 .288 .432 .649 .973 1.46 2.19 3.28 4.92 7.38
5
35 0.22 1000.   0.0 0 CY2013
34 0.22 1000.   0.0 0 CB2013
33 0.22 1000.   0.0 0 BSSA2013
36 0.22 1000.   0.0 0 AS2013
37 0.12 1000.   0.0 0 ID2013
1.00 1. 0. PSA
0.370 0.220 0.220
0.250 0.230 0.230
0.400 0.360 0.330
DET/2014WUSgeo.char.1hz
20
.0025 .00375 .00563 .00844 .0127 .0190 .0285 .0427 .0641 .0961 .144 .216 .324 .487 .730 1.09 1.64 2.46 3.69 5.54
5
35 0.22 1000.   0.0 0 CY2013
34 0.22 1000.   0.0 0 CB2013
33 0.22 1000.   0.0 0 BSSA2013
36 0.22 1000.   0.0 0 AS2013
37 0.12 1000.   0.0 0 ID2013
1.  1.
1               !3 branches on Magnitude epistemic variability
0.
1.
0.12 5          !M aleatory variability, sigma=0.12, 5 steps on either side of 0, each sigma*0.4
    1    3    1    1   829ab Abert Rim fault                             
 7.000 0.0004917 0.4500 0.17445E+17
   50.00000       19.58112      0.0000000E+00   45.49925    
          13
      42.76402     -120.06280
      42.71873     -120.11734
      42.70633     -120.12506
      42.67569     -120.16298
      42.63796     -120.17638
      42.60346     -120.18063
      42.58361     -120.18283
      42.56798     -120.17618
      42.54215     -120.20663
      42.50819     -120.23264
      42.47050     -120.24379
      42.45245     -120.23848
    1    1    1    1   797 Alvin Canyon fault                            
 7.230 0.0026126 0.0375 0.20515E+18
   90.00000       15.00000      0.0000000E+00   71.23322    
           7
      44.60938     -125.42388
      44.57013     -125.30664
      44.47598     -124.90369
      44.45927     -124.86291
      44.42908     -124.76057
      44.40995     -124.64665
      44.39154     -124.58188
    1    3    1    1   895 Beaver Creek fault zone                       
 6.520 0.0003960 0.4500 0.26770E+16
   50.00000       19.58112      0.0000000E+00   17.45503    
           7
      42.76508     -124.49048
      42.78395     -124.45787
      42.79634     -124.45014
      42.81297     -124.42211
      42.82671     -124.39058
      42.83471     -124.35410
      42.85528     -124.32140
    1    2    1    0   newwa3 Boulder Creek fault, Kendall scarp         
 6.800 0.0003240 0.7500 0.57616E+16
   60.00000       17.32051      0.0000000E+00   10.84858    
           4
      48.91836     -121.98997
      48.92453     -122.01945
      48.91293     -122.08378
      48.90817     -122.13407
    1    2    1    1   894 Cape Blanco anticline                         
 7.020 0.0015648 0.3750 0.59491E+17
   45.00000       21.21322      0.0000000E+00   47.21467    
           8
      43.02085     -124.95758
      42.99381     -124.87744
      42.97818     -124.79838
      42.96255     -124.75633
      42.89508     -124.68419
      42.86597     -124.64610
      42.85276     -124.60404
      42.82949     -124.46290
    1    3    1    1   839a Chemult graben fault system (west)           
 7.210 0.0003128 0.4500 0.22926E+17
   50.00000       19.58112      0.0000000E+00   67.94707    
          12
      42.98620     -121.67888
      43.02761     -121.71338
      43.06804     -121.77806
      43.09760     -121.77510
      43.20496     -121.79980
      43.28976     -121.79999
      43.32453     -121.80960
      43.37115     -121.77924
      43.40924     -121.76711
      43.42506     -121.65696
      43.45992     -121.63199
      43.48956     -121.62516
    1    2    1    1   893 Coquille anticline                            
 6.780 0.0002537 0.7500 0.42107E+16
   60.00000       17.32051      0.0000000E+00   29.24076    
           7
      43.30915     -124.55213
      43.26072     -124.54377
      43.23728     -124.52248
      43.15615     -124.49292
      43.13495     -124.47225
      43.12120     -124.41916
      43.09838     -124.38286
    1    1    1    1   798 Daisy Bank fault                              
 7.300 0.0020830 0.0375 0.20830E+18
   90.00000       15.00000      0.0000000E+00   81.20971    
          12
      44.87548     -125.51526
      44.85374     -125.43584
      44.84296     -125.33997
      44.81332     -125.19685
      44.76562     -125.06559
      44.72896     -125.02606
      44.70956     -124.99066
      44.68333     -124.91654
      44.65817     -124.86434
      44.61730     -124.71709
      44.57957     -124.63866
      44.56681     -124.60173
    1    3    1    1   843bc Klamath graben fault system (east)          
 7.360 0.0001151 0.4500 0.14160E+17
   50.00000       19.58112      0.0000000E+00   92.32883    
          17
      42.78936     -121.99062
      42.77481     -121.98846
      42.71902     -121.95082
      42.67625     -121.94821
      42.63852     -121.92603
      42.62289     -121.92917
      42.60816     -121.91659
      42.48104     -121.86619
      42.44789     -121.86340
      42.38923     -121.80419
      42.31313     -121.74921
      42.19248     -121.70374
      42.13058     -121.66933
      42.08908     -121.63591
      42.07498     -121.63483
      42.06204     -121.62144
      42.03761     -121.57841
    1    3    1    1   843a Klamath graben fault system (west)           
 7.060 0.0001424 0.4500 0.62161E+16
   50.00000       19.58112      0.0000000E+00   50.66303    
          12
      42.29974     -122.02556
      42.34987     -122.03518
      42.38742     -122.09438
      42.43657     -122.11208
      42.45804     -122.11334
      42.47493     -122.08801
      42.55120     -122.09753
      42.58704     -122.08953
      42.60070     -122.09393
      42.65748     -122.09492
      42.70437     -122.08388
      42.71992     -122.09744
    1    2    1    1   newWA1 Lake Creek-Boundary Creek fault            
 6.790 0.0004458 0.7500 0.76588E+16
   60.00000       17.32051      0.0000000E+00   29.68525    
           7
      48.02582     -123.29797
      48.02541     -123.34356
      48.03072     -123.36143
      48.03357     -123.39780
      48.05117     -123.48440
      48.07483     -123.67229
      48.07669     -123.68792
    1    2    1    1   562ab Saddle Mountain fault                       
 7.350 0.0000239 0.5625 0.28374E+16
   60.00000       17.32051      0.0000000E+00   90.94239    
          22
      46.90812     -120.29073
      46.88719     -120.20502
      46.87075     -120.17393
      46.85979     -120.14294
      46.85252     -120.10646
      46.84883     -120.05354
      46.85063     -120.02254
      46.84524     -119.99335
      46.81964     -119.94591
      46.81236     -119.91859
      46.81604     -119.88940
      46.81416     -119.82184
      46.82153     -119.73433
      46.81416     -119.63209
      46.81784     -119.59929
      46.81057     -119.52634
      46.79781     -119.47522
      46.79781     -119.43874
      46.77589     -119.32563
      46.75397     -119.25816
      46.75217     -119.23076
      46.71570     -119.16876
    1    3    1    1   844 Sky Lakes fault zone                          
 7.080 0.0002453 0.4500 0.11473E+17
   50.00000       19.58112      0.0000000E+00   53.43209    
          11
      42.14711     -122.04892
      42.19778     -122.10345
      42.25725     -122.14757
      42.33667     -122.18854
      42.34924     -122.21046
      42.37718     -122.21234
      42.41770     -122.22636
      42.48445     -122.23202
      42.51661     -122.24100
      42.54509     -122.24262
      42.58920     -122.23688
    1    3    1    1   835 Southeast Newberry fault zone                 
 7.200 0.0003742 0.4500 0.26489E+17
   50.00000       19.58112      0.0000000E+00   67.73103    
          13
      43.67346     -120.96698
      43.66205     -120.95440
      43.64256     -120.92035
      43.62513     -120.90643
      43.60797     -120.88387
      43.46468     -120.80274
      43.43567     -120.77040
      43.40459     -120.72682
      43.35347     -120.69457
      43.33128     -120.66169
      43.25689     -120.58820
      43.22473     -120.59241
      43.15834     -120.56241
    1    2    1    0   572 Southern Whidbey Island fault-middle          
 7.440 0.0000677 0.3750 0.10976E+17
   60.00000       17.32051      0.0000000E+00   91.46448    
          85
      47.71552     -122.01735
      47.78009     -122.09944
      47.78632     -122.10884
      47.79255     -122.11836
      47.79871     -122.12764
      47.80530     -122.13643
      47.81153     -122.14613
      47.81733     -122.15614
      47.82312     -122.16634
      47.82850     -122.17665
      47.83374     -122.18715
      47.83893     -122.19796
      47.84455     -122.20815
      47.85035     -122.21835
      47.85614     -122.22866
      47.86133     -122.23952
      47.86670     -122.25033
      47.87189     -122.26125
      47.87714     -122.27206
      47.88251     -122.28292
      47.88849     -122.29263
      47.89514     -122.30172
      47.90173     -122.31075
      47.90833     -122.31985
      47.91492     -122.32907
      47.92133     -122.33847
      47.92731     -122.34824
      47.93353     -122.35806
      47.93970     -122.36777
      47.94629     -122.37686
      47.95294     -122.38596
      47.95953     -122.39505
      47.96594     -122.40396
      47.97253     -122.41324
      47.97913     -122.42227
      47.98572     -122.43143
      47.99231     -122.44016
      47.99854     -122.44975
      48.00494     -122.45927
      48.01111     -122.46885
      48.01752     -122.47837
      48.02374     -122.48777
      48.02991     -122.49747
      48.03632     -122.50694
      48.04254     -122.51664
      48.04871     -122.52617
      48.05511     -122.53575
      48.06134     -122.54527
      48.06750     -122.55486
      48.07312     -122.56535
      48.07831     -122.57628
      48.08374     -122.58714
      48.08911     -122.59795
      48.09430     -122.60876
      48.09949     -122.61968
      48.10492     -122.63049
      48.11029     -122.64135
      48.11633     -122.65136
      48.12231     -122.66119
      48.12830     -122.67126
      48.13330     -122.68218
      48.13812     -122.69360
      48.14313     -122.70477
      48.14789     -122.71600
      48.15289     -122.72717
      48.15729     -122.73877
      48.16132     -122.75079
      48.16534     -122.76288
      48.16931     -122.77496
      48.17334     -122.78699
      48.17749     -122.79907
      48.18134     -122.81116
      48.18573     -122.82288
      48.19092     -122.83368
      48.19611     -122.84448
      48.20093     -122.85559
      48.20593     -122.86688
      48.21094     -122.87799
      48.21613     -122.88928
      48.22113     -122.90039
      48.22632     -122.91156
      48.23132     -122.92268
      48.23615     -122.93409
      48.24091     -122.94556
      48.24292     -122.94978
    1    2    1    0   572n Southern Whidbey Island fault-northern       
 7.420 0.0000685 0.3750 0.10373E+17
   60.00000       17.32051      0.0000000E+00   86.44016    
          83
      47.76551     -122.00124
      47.81055     -122.05196
      47.81513     -122.06325
      47.81995     -122.07472
      47.82489     -122.08595
      47.83094     -122.09584
      47.83631     -122.10646
      47.84095     -122.11794
      47.84534     -122.12965
      47.84912     -122.14174
      47.85291     -122.15395
      47.85669     -122.16616
      47.86170     -122.17715
      47.86713     -122.18795
      47.87232     -122.19875
      47.87775     -122.20956
      47.88312     -122.22024
      47.88849     -122.23092
      47.89410     -122.24154
      47.89954     -122.25204
      47.90649     -122.26046
      47.91351     -122.26882
      47.92053     -122.27737
      47.92749     -122.28573
      47.93451     -122.29427
      47.94110     -122.30338
      47.94690     -122.31345
      47.95294     -122.32358
      47.95892     -122.33365
      47.96472     -122.34378
      47.97070     -122.35385
      47.97675     -122.36386
      47.98273     -122.37405
      47.98853     -122.38406
      47.99451     -122.39426
      48.00049     -122.40433
      48.00690     -122.41355
      48.01392     -122.42204
      48.02094     -122.43058
      48.02771     -122.43906
      48.03473     -122.44749
      48.04169     -122.45597
      48.04871     -122.46445
      48.05573     -122.47294
      48.06274     -122.48148
      48.06970     -122.48997
      48.07672     -122.49845
      48.08374     -122.50706
      48.09070     -122.51555
      48.09595     -122.52629
      48.10071     -122.53764
      48.10553     -122.54906
      48.11029     -122.56035
      48.11511     -122.57176
      48.11993     -122.58318
      48.12469     -122.59460
      48.12970     -122.60577
      48.13611     -122.61517
      48.14270     -122.62457
      48.14911     -122.63396
      48.15314     -122.64568
      48.15692     -122.65795
      48.16089     -122.67010
      48.16473     -122.68219
      48.16870     -122.69446
      48.17255     -122.70660
      48.17652     -122.71881
      48.18030     -122.73096
      48.18433     -122.74310
      48.18811     -122.75531
      48.19214     -122.76740
      48.19593     -122.77966
      48.19971     -122.79181
      48.20374     -122.80389
      48.20752     -122.81616
      48.21155     -122.82837
      48.21631     -122.83966
      48.22132     -122.85077
      48.22651     -122.86188
      48.23169     -122.87299
      48.23670     -122.88409
      48.24170     -122.89460
      48.24292     -122.89729
    1    2    1    0   572s Southern Whidbey Island fault-southern       
 7.420 0.0000710 0.3750 0.10753E+17
   60.00000       17.32051      0.0000000E+00   89.60448    
          85
      47.70813     -122.08455
      47.75592     -122.13753
      47.76313     -122.14534
      47.77051     -122.15321
      47.77771     -122.16103
      47.78492     -122.16896
      47.79169     -122.17781
      47.79834     -122.18672
      47.80512     -122.19563
      47.81189     -122.20454
      47.81830     -122.21376
      47.82453     -122.22347
      47.83069     -122.23306
      47.83710     -122.24276
      47.84314     -122.25253
      47.84833     -122.26357
      47.85334     -122.27456
      47.85852     -122.28555
      47.86371     -122.29665
      47.86890     -122.30764
      47.87390     -122.31844
      47.88031     -122.32803
      47.88654     -122.33767
      47.89294     -122.34725
      47.89911     -122.35696
      47.90552     -122.36655
      47.91174     -122.37613
      47.91791     -122.38577
      47.92432     -122.39505
      47.93152     -122.40335
      47.93854     -122.41165
      47.94574     -122.41995
      47.95270     -122.42813
      47.95972     -122.43643
      47.96692     -122.44473
      47.97394     -122.45304
      47.98071     -122.46146
      47.98633     -122.47184
      47.99213     -122.48228
      47.99774     -122.49265
      48.00354     -122.50297
      48.00933     -122.51347
      48.01489     -122.52384
      48.02069     -122.53428
      48.02631     -122.54478
      48.03210     -122.55516
      48.03772     -122.56548
      48.04352     -122.57597
      48.04913     -122.58635
      48.05493     -122.59679
      48.06055     -122.60716
      48.06635     -122.61766
      48.07190     -122.62798
      48.07770     -122.63848
      48.08331     -122.64898
      48.08893     -122.65936
      48.09473     -122.66979
      48.10034     -122.68029
      48.10614     -122.69067
      48.11169     -122.70116
      48.11749     -122.71160
      48.12311     -122.72211
      48.12891     -122.73248
      48.13452     -122.74298
      48.14014     -122.75336
      48.14514     -122.76447
      48.14929     -122.77649
      48.15332     -122.78839
      48.15753     -122.80048
      48.16150     -122.81250
      48.16571     -122.82446
      48.16974     -122.83649
      48.17450     -122.84790
      48.18073     -122.85760
      48.18689     -122.86719
      48.19250     -122.87756
      48.19751     -122.88879
      48.20270     -122.89996
      48.20770     -122.91119
      48.21271     -122.92236
      48.21771     -122.93360
      48.22272     -122.94477
      48.22791     -122.95600
      48.23291     -122.96717
      48.23792     -122.97840
    2    3    1    0   856abcdef Steens fault zone                       
 2.39197  0.80  7.500  7.500 0.1000 0.45000 0.49201E+17
   50.00000       19.58112      0.0000000E+00   213.8683    
          47
      41.75230     -118.75646
      41.77997     -118.77677
      41.80638     -118.77686
      41.82992     -118.77129
      41.89999     -118.74191
      41.91679     -118.73212
      41.92398     -118.71864
      41.93494     -118.71693
      41.96216     -118.67669
      41.97258     -118.67265
      42.02184     -118.63092
      42.06458     -118.60445
      42.09710     -118.58161
      42.12824     -118.60757
      42.16976     -118.60886
      42.20090     -118.64260
      42.25151     -118.66596
      42.29420     -118.67292
      42.31074     -118.66475
      42.33535     -118.66744
      42.37767     -118.65145
      42.40201     -118.63699
      42.48538     -118.62432
      42.52033     -118.61390
      42.53282     -118.60564
      42.55330     -118.53727
      42.58816     -118.53323
      42.61457     -118.51759
      42.66245     -118.49828
      42.73262     -118.49801
      42.74735     -118.48867
      42.76388     -118.48489
      42.79730     -118.45794
      42.82245     -118.44851
      42.83647     -118.43270
      42.88543     -118.38904
      42.94503     -118.34158
      43.01893     -118.27152
      43.04696     -118.24053
      43.09358     -118.15968
      43.12009     -118.13686
      43.14704     -118.09732
      43.15198     -118.08385
      43.26823     -117.95663
      43.31873     -117.89651
      43.34597     -117.84461
      43.38826     -117.82277
    1    2    1    1   newWA2 Stonewall anticline                        
 6.800 0.0005122 0.7500 0.91077E+16
   60.00000       17.32051      0.0000000E+00   30.35910    
           4
      44.49168     -124.41664
      44.60195     -124.50040
      44.66642     -124.53324
      44.74394     -124.55499
    1    1    1    1   571 Strawberry Point fault                        
 6.730 0.0002112 0.7500 0.29491E+16
   90.00000       15.00000      0.0000000E+00   26.21421    
           4
      48.34588     -122.80319
      48.34157     -122.72646
      48.31821     -122.61614
      48.29701     -122.45757
    1    2    1    1   581 Tacoma fault zone                             
 6.870 0.0002293 0.7500 0.51925E+16
   60.00000       17.32051      0.0000000E+00   34.61671    
          15
      47.37620     -122.50719
      47.38110     -122.61616
      47.38037     -122.63713
      47.37423     -122.67172
      47.37238     -122.68620
      47.36787     -122.74178
      47.36738     -122.75375
      47.36681     -122.77297
      47.36654     -122.78112
      47.36650     -122.78480
      47.36569     -122.79224
      47.36497     -122.80721
      47.36705     -122.85613
      47.37390     -122.90364
      47.37341     -122.96342
    1    1    1    1   799 Wecoma fault                                  
 7.340 0.0029465 0.0375 0.33830E+18
   90.00000       15.00000      0.0000000E+00   88.44572    
          12
      45.21058     -125.63556
      45.17743     -125.50682
      45.13431     -125.41527
      45.11679     -125.36100
      45.10260     -125.33261
      45.07394     -125.21761
      45.01456     -125.06901
      45.00270     -125.02292
      44.95814     -124.93578
      44.92086     -124.80029
      44.89391     -124.67918
      44.87540     -124.62249
    1    1    1    1   897 Whaleshead fault zone                         
 7.010 0.0014481 0.7500 0.53186E+17
   90.00000       15.00000      0.0000000E+00   46.34967    
          11
      42.12390     -124.37019
      42.16235     -124.33595
      42.18661     -124.32589
      42.26737     -124.31502
      42.30178     -124.33379
      42.31723     -124.35132
      42.37410     -124.36317
      42.40707     -124.37737
      42.46008     -124.41457
      42.49054     -124.41780
      42.50940     -124.43909
    1    3    1    1   831abc Winter Rim fault system                    
 7.190 0.0003179 0.4500 0.21739E+17
   50.00000       19.58112      0.0000000E+00   65.92747    
          18
      42.56142     -120.49791
      42.60213     -120.52299
      42.67124     -120.53516
      42.70897     -120.58394
      42.71777     -120.61170
      42.71660     -120.63183
      42.70032     -120.66471
      42.70636     -120.69741
      42.72433     -120.71880
      42.72595     -120.73497
      42.73520     -120.75572
      42.75236     -120.77531
      42.78365     -120.79794
      42.83672     -120.80711
      42.88577     -120.82310
      42.90832     -120.82401
      42.97048     -120.78255
      42.99861     -120.77831
    1    1    1    1   1320 Benton Spring fault, southern section        
 7.320 0.0001793 1.0000 0.19218E+17
   90.00000       15.00000      0.0000000E+00   85.41166    
          26
      38.90766     -118.47002
      38.88924     -118.45663
      38.85582     -118.40982
      38.78377     -118.32797
      38.76392     -118.31881
      38.73103     -118.31162
      38.65036     -118.23750
      38.62754     -118.21334
      38.62179     -118.19914
      38.60822     -118.18297
      38.55684     -118.15548
      38.53492     -118.13400
      38.52153     -118.13275
      38.51425     -118.12556
      38.49583     -118.12367
      38.46745     -118.09492
      38.43825     -118.07561
      38.41687     -118.07372
      38.40797     -118.08208
      38.39656     -118.07848
      38.38749     -118.07408
      38.38201     -118.06213
      38.34203     -118.04587
      38.31499     -118.02367
      38.27924     -118.02224
      38.26262     -118.03311
    1    1    1    1   1326 Bettles Well-Petrified Springs fault         
 7.230 0.0005293 1.0000 0.41560E+17
   90.00000       15.00000      0.0000000E+00   71.04255    
          22
      38.31580     -117.86097
      38.37653     -117.86484
      38.42513     -117.89197
      38.43133     -117.90517
      38.47086     -117.94283
      38.49386     -117.94659
      38.50257     -117.95316
      38.51443     -117.97391
      38.51263     -118.00158
      38.51740     -118.01029
      38.53734     -118.01649
      38.54938     -118.02628
      38.55729     -118.04111
      38.57139     -118.04587
      38.67524     -118.12350
      38.68890     -118.12916
      38.70786     -118.14892
      38.78072     -118.19977
      38.79536     -118.23589
      38.81261     -118.26060
      38.81719     -118.25951
      38.82716     -118.26922
    1    3    1    1   1485 Black Rock fault zone                        
 7.290 0.0001205 0.6000 0.11638E+17
   50.00000       19.58112      0.0000000E+00   79.87918    
          36
      41.34847     -119.14584
      41.33913     -119.15240
      41.32727     -119.15249
      41.31811     -119.14943
      41.30571     -119.13515
      41.29268     -119.13371
      41.23240     -119.08447
      41.22378     -119.05959
      41.21515     -119.05276
      41.19719     -119.04279
      41.17230     -119.04324
      41.12415     -119.00397
      41.10843     -119.00056
      41.09477     -118.98987
      41.09037     -118.99895
      41.07887     -119.01017
      41.07438     -119.00954
      41.06099     -119.02661
      41.04742     -119.01862
      41.03530     -119.02042
      41.02766     -119.01476
      41.01221     -119.01709
      40.99289     -119.00864
      40.97816     -119.00964
      40.95669     -119.00262
      40.94258     -119.00999
      40.92273     -118.99921
      40.90269     -119.00172
      40.87718     -119.01952
      40.85086     -119.05051
      40.82741     -119.06049
      40.81124     -119.08555
      40.80288     -119.08645
      40.79273     -119.09642
      40.75185     -119.14565
      40.73128     -119.15652
    1    3    1    1   1601 Bonham Ranch fault zone                      
 7.110 0.0001659 0.6000 0.86061E+16
   50.00000       19.58112      0.0000000E+00   56.11423    
          17
      40.25873     -119.81291
      40.28011     -119.81902
      40.34677     -119.82306
      40.36187     -119.83231
      40.41307     -119.83286
      40.44461     -119.84813
      40.45233     -119.84292
      40.47021     -119.84391
      40.48306     -119.83169
      40.49779     -119.82881
      40.52438     -119.81237
      40.57406     -119.80896
      40.59940     -119.79404
      40.61539     -119.79207
      40.64800     -119.77824
      40.70235     -119.77338
      40.74628     -119.78910
    1    3    1    1   1118 California Wash fault                        
 6.870 0.0003316 0.6000 0.75090E+16
   50.00000       19.58112      0.0000000E+00   34.97192    
          12
      36.61717     -114.65359
      36.54512     -114.64066
      36.48232     -114.67265
      36.45887     -114.67246
      36.42258     -114.68369
      36.41306     -114.69852
      36.39553     -114.70094
      36.37838     -114.70975
      36.37514     -114.73059
      36.36481     -114.73580
      36.35502     -114.75072
      36.33948     -114.76150
    1    3    1    1   1285_1654 Carson Range-Kings Canyon fault         
 7.230 0.0013814 0.4500 0.10847E+18
   50.00000       19.58112      0.0000000E+00   70.72832    
          27
      38.66867     -119.80903
      38.78249     -119.81900
      38.82166     -119.79600
      38.85724     -119.80202
      38.88563     -119.83697
      38.89983     -119.84505
      38.91195     -119.84047
      38.93136     -119.84811
      38.95418     -119.83787
      38.97161     -119.84101
      38.98122     -119.83167
      38.98976     -119.83445
      38.99569     -119.84550
      39.00682     -119.84882
      39.02686     -119.84370
      39.04366     -119.83131
      39.06118     -119.84442
      39.08481     -119.84613
      39.09711     -119.85512
      39.11241     -119.85699
      39.12471     -119.83734
      39.13552     -119.83860
      39.14551     -119.81911
      39.15594     -119.81538
      39.18032     -119.79421
      39.18999     -119.79363
      39.22811     -119.73547
    1    3    1    1   1190 Clan Alpine fault zone                       
 6.870 0.0001783 0.6000 0.40381E+16
   50.00000       19.58112      0.0000000E+00   35.10554    
          12
      39.45801     -117.86242
      39.48433     -117.85811
      39.51317     -117.84400
      39.53159     -117.84248
      39.58199     -117.81059
      39.59241     -117.79926
      39.61702     -117.75722
      39.64523     -117.74518
      39.66177     -117.72604
      39.66976     -117.71140
      39.67830     -117.68076
      39.70605     -117.64555
    2    3    1    0   1687ab Dixie Valley fault zone                    
 2.48824  0.80  7.000  7.000 0.1000 0.60000 0.27431E+17
   50.00000       19.58112      0.0000000E+00   119.2373    
          49
      39.36081     -118.27893
      39.37177     -118.25890
      39.39773     -118.23608
      39.42702     -118.22808
      39.44741     -118.21092
      39.47346     -118.20876
      39.47975     -118.20274
      39.53491     -118.20221
      39.54317     -118.20895
      39.54668     -118.20364
      39.55477     -118.20508
      39.56052     -118.19862
      39.57390     -118.19825
      39.59277     -118.18451
      39.60795     -118.18280
      39.61846     -118.17292
      39.63993     -118.17723
      39.65709     -118.18649
      39.66509     -118.18541
      39.68683     -118.20095
      39.72070     -118.20248
      39.73345     -118.19143
      39.73121     -118.16645
      39.73669     -118.15576
      39.73624     -118.14507
      39.75573     -118.11515
      39.77828     -118.09916
      39.78215     -118.10114
      39.79176     -118.08802
      39.81170     -118.07374
      39.81979     -118.04733
      39.82931     -118.03133
      39.84000     -118.02863
      39.85321     -118.01597
      39.87378     -118.01732
      39.88474     -118.02459
      39.89660     -118.01489
      39.91008     -117.98803
      39.92876     -117.97491
      39.93990     -117.96126
      39.94853     -117.94149
      39.96056     -117.89234
      40.01133     -117.83466
      40.04034     -117.82038
      40.06586     -117.80125
      40.14842     -117.78229
      40.16827     -117.77339
      40.20780     -117.74150
      40.22676     -117.73710
    1    3    1    1   1329 Emigrant Peak fault zone                     
 6.780 0.0010340 0.6000 0.17159E+17
   50.00000       19.58112      0.0000000E+00   29.44307    
          15
      38.00559     -117.89520
      38.00038     -117.90669
      37.97882     -117.91218
      37.96939     -117.90948
      37.94962     -117.91344
      37.93021     -117.90921
      37.91360     -117.91631
      37.87056     -117.91999
      37.85259     -117.92844
      37.84496     -117.92763
      37.83543     -117.93553
      37.82888     -117.95287
      37.81890     -117.95062
      37.80561     -117.96913
      37.76788     -117.95664
    1    3    1    1   1622 Granite Springs Valley fault zone            
 7.050 0.0001799 0.6000 0.75883E+16
   50.00000       19.58112      0.0000000E+00   49.47762    
          16
      39.97278     -119.03191
      39.98410     -119.02714
      40.00584     -119.00800
      40.05588     -119.01438
      40.06612     -119.01870
      40.07888     -119.03693
      40.09307     -119.03586
      40.13287     -119.05373
      40.14491     -119.05365
      40.16449     -119.06210
      40.20699     -119.03918
      40.23061     -119.01951
      40.27895     -119.01358
      40.31344     -118.98330
      40.33222     -118.95590
      40.37058     -118.92302
    1    3    1    1   1355 Kawich-Hot Creek Ranges fault zone           
 7.490 0.0000961 0.6000 0.18516E+17
   50.00000       19.58112      0.0000000E+00   120.7323    
          39
      37.75423     -116.28325
      37.77067     -116.29977
      37.79466     -116.30840
      37.84245     -116.33877
      37.91756     -116.36510
      37.94532     -116.38271
      37.99967     -116.37830
      38.02024     -116.38638
      38.04189     -116.37929
      38.05420     -116.38190
      38.06121     -116.37507
      38.09094     -116.36671
      38.12903     -116.37381
      38.16281     -116.38792
      38.17925     -116.38126
      38.24070     -116.37714
      38.24960     -116.36429
      38.28158     -116.34695
      38.32111     -116.35054
      38.34510     -116.36564
      38.35884     -116.36051
      38.36998     -116.37183
      38.38840     -116.37183
      38.39271     -116.35503
      38.42883     -116.34210
      38.47662     -116.36231
      38.48713     -116.36124
      38.50977     -116.35333
      38.51884     -116.34425
      38.54409     -116.33321
      38.56089     -116.29233
      38.59799     -116.25073
      38.64148     -116.24705
      38.66735     -116.25271
      38.68208     -116.24471
      38.68154     -116.24130
      38.69825     -116.22575
      38.71847     -116.23286
      38.74120     -116.22648
    1    1    1    1   1325 Monte Cristo Valley fault zone               
 6.780 0.0003168 1.0000 0.52583E+16
   90.00000       15.00000      0.0000000E+00   29.21262    
          11
      38.31463     -117.80060
      38.39153     -117.83681
      38.40519     -117.83833
      38.41893     -117.84966
      38.43502     -117.85181
      38.45774     -117.87688
      38.46484     -117.87823
      38.46700     -117.88461
      38.49593     -117.89386
      38.51865     -117.91399
      38.55235     -117.90527
    1    3    1    1   1647 Mount Rose fault zone                        
 6.890 0.0017068 0.6000 0.41417E+17
   50.00000       19.58112      0.0000000E+00   36.00628    
          16
      39.19270     -119.81999
      39.20564     -119.80867
      39.21507     -119.81622
      39.22855     -119.81657
      39.24778     -119.84766
      39.25658     -119.84254
      39.28012     -119.84299
      39.29853     -119.83320
      39.31264     -119.83509
      39.32261     -119.84299
      39.34022     -119.84497
      39.37885     -119.83680
      39.41074     -119.84371
      39.43096     -119.84111
      39.46950     -119.84938
      39.48468     -119.87552
    1    1    1    1   1669 Pyramid Lake fault zone                      
 7.270 0.0007710 1.0000 0.69508E+17
   90.00000       15.00000      0.0000000E+00   77.23122    
          10
      40.09972     -119.70402
      40.06648     -119.68901
      40.01662     -119.62199
      39.94717     -119.60106
      39.92894     -119.58498
      39.87907     -119.49297
      39.81161     -119.39899
      39.78052     -119.36899
      39.63292     -119.27097
      39.53221     -119.23296
    1    3    1    1   1573N Ruby Mountains fault zone, north            
 6.900 0.0003185 0.6000 0.79998E+16
   50.00000       19.58112      0.0000000E+00   37.25782    
          16
      41.09237     -115.05128
      41.09120     -115.07689
      41.09506     -115.08632
      41.09246     -115.09674
      41.07916     -115.11085
      41.06496     -115.14813
      41.04125     -115.17185
      41.03136     -115.17500
      41.01852     -115.23249
      41.00720     -115.23501
      40.98177     -115.25288
      40.97737     -115.26151
      40.96318     -115.27301
      40.95842     -115.29107
      40.90703     -115.31120
      40.87415     -115.30849
    1    3    1    1   1573S Ruby Mountains fault zone, south            
 7.080 0.0002450 0.6000 0.11457E+17
   50.00000       19.58112      0.0000000E+00   53.36132    
          21
      40.94485     -115.23456
      40.91332     -115.24489
      40.89131     -115.24372
      40.85879     -115.26762
      40.85384     -115.28065
      40.84585     -115.28918
      40.83363     -115.28828
      40.81836     -115.29538
      40.80039     -115.31218
      40.78162     -115.36528
      40.77578     -115.36402
      40.76176     -115.38729
      40.75988     -115.40481
      40.72502     -115.40193
      40.71621     -115.41442
      40.70022     -115.47874
      40.67947     -115.51037
      40.65540     -115.52995
      40.64362     -115.57766
      40.62862     -115.59482
      40.62305     -115.61045
    1    3    1    1   1613 San Emidio fault zone                        
 6.860 0.0002377 0.6000 0.52000E+16
   50.00000       19.58112      0.0000000E+00   33.90564    
          13
      40.45710     -119.35983
      40.44524     -119.37025
      40.40751     -119.38634
      40.35315     -119.37627
      40.34345     -119.38715
      40.33905     -119.39945
      40.31344     -119.41042
      40.30661     -119.41886
      40.27805     -119.42488
      40.25729     -119.43665
      40.21749     -119.43288
      40.19162     -119.46252
      40.18102     -119.46531
    1    3    1    1   1178 Simpson Park Mountains fault zone            
 7.240 0.0001507 0.6000 0.12248E+17
   50.00000       19.58112      0.0000000E+00   72.60036    
          20
      40.19936     -116.61380
      40.12327     -116.58218
      40.09488     -116.58945
      40.07395     -116.58370
      40.05436     -116.57552
      40.03954     -116.56295
      40.02247     -116.55765
      39.99310     -116.55827
      39.93497     -116.57750
      39.86346     -116.57966
      39.82276     -116.59888
      39.81000     -116.61218
      39.80677     -116.62466
      39.76284     -116.64057
      39.74685     -116.65333
      39.72654     -116.65683
      39.69843     -116.67525
      39.65405     -116.72340
      39.62368     -116.73921
      39.60724     -116.77093
    1    3    1    1   1291abc Smith Valley fault                        
 7.370 0.0001420 0.6000 0.18080E+17
   50.00000       19.58112      0.0000000E+00   94.31060    
          35
      38.40788     -119.23996
      38.45612     -119.24140
      38.46708     -119.23646
      38.47858     -119.23978
      38.50005     -119.25775
      38.55278     -119.27275
      38.56249     -119.25623
      38.57417     -119.25029
      38.59321     -119.25757
      38.60148     -119.25478
      38.62870     -119.26197
      38.63562     -119.26592
      38.67658     -119.33942
      38.71171     -119.33699
      38.73767     -119.35505
      38.75348     -119.38506
      38.76291     -119.38865
      38.76965     -119.40213
      38.79427     -119.39530
      38.81394     -119.40599
      38.82149     -119.40456
      38.86210     -119.43510
      38.86830     -119.43600
      38.88465     -119.41758
      38.90073     -119.41174
      38.90810     -119.41776
      38.92849     -119.41794
      38.94790     -119.42917
      38.96775     -119.41920
      39.00099     -119.44839
      39.03935     -119.45244
      39.05175     -119.45055
      39.05669     -119.44489
      39.14734     -119.44732
      39.15821     -119.45469
    1    1    1    1   1605 Warm Springs Valley fault zone               
 6.920 0.0003198 1.0000 0.86089E+16
   90.00000       15.00000      0.0000000E+00   38.26159    
           8
      40.06738     -119.99798
      40.03503     -119.92162
      40.01832     -119.89835
      39.99640     -119.85414
      39.91096     -119.75056
      39.90630     -119.75082
      39.85859     -119.69917
      39.84018     -119.66969
    1    3    1    1   1300 Wassuk Range fault zone                      
 7.490 0.0003326 0.6000 0.64114E+17
   50.00000       19.58112      0.0000000E+00   119.4400    
          46
      38.14304     -118.66757
      38.16325     -118.65922
      38.18032     -118.64556
      38.21752     -118.65949
      38.22785     -118.65077
      38.23252     -118.62921
      38.24510     -118.62625
      38.26675     -118.61205
      38.30035     -118.62140
      38.32065     -118.61304
      38.32038     -118.60711
      38.34221     -118.59840
      38.35191     -118.58672
      38.37294     -118.58699
      38.37949     -118.58259
      38.39189     -118.58627
      38.40995     -118.60082
      38.42756     -118.62724
      38.44310     -118.63999
      38.45253     -118.66353
      38.46879     -118.66272
      38.48065     -118.67054
      38.50014     -118.66093
      38.51578     -118.67233
      38.52665     -118.67458
      38.54066     -118.69138
      38.56546     -118.70207
      38.58882     -118.72067
      38.61002     -118.74547
      38.69141     -118.77656
      38.71055     -118.76461
      38.72842     -118.77637
      38.73750     -118.77754
      38.75035     -118.77314
      38.77487     -118.75311
      38.80955     -118.78024
      38.82491     -118.77512
      38.84540     -118.78195
      38.85833     -118.79605
      38.89921     -118.80109
      38.92562     -118.82948
      38.95015     -118.83810
      38.95985     -118.84987
      38.99992     -118.86928
      39.02013     -118.88455
      39.07323     -118.93764
    1    3    1    1   1610 Western Granite Range fault                  
 6.760 0.0002768 0.6000 0.42870E+16
   50.00000       19.58112      0.0000000E+00   27.95212    
          14
      40.87628     -119.50107
      40.86622     -119.50646
      40.84304     -119.50475
      40.81214     -119.48193
      40.81295     -119.47484
      40.80198     -119.46289
      40.78761     -119.45849
      40.77674     -119.46055
      40.75599     -119.43998
      40.73981     -119.43369
      40.72886     -119.41482
      40.70927     -119.39497
      40.68960     -119.38419
      40.65995     -119.38625
    1    3    1    1   2352abc East Cache fault zone                     
 7.310 0.0001231 0.6000 0.12745E+17
   50.00000       19.58112      0.0000000E+00   83.09881    
          19
      42.13217     -111.69703
      42.04943     -111.73072
      42.00056     -111.73710
      41.97504     -111.76334
      41.93282     -111.78822
      41.91404     -111.79459
      41.90937     -111.79037
      41.89482     -111.79190
      41.88008     -111.80313
      41.87568     -111.81535
      41.83112     -111.79145
      41.78019     -111.77608
      41.74353     -111.79172
      41.64067     -111.80637
      41.61722     -111.79980
      41.59422     -111.78444
      41.49989     -111.77608
      41.44752     -111.76036
      41.42079     -111.76464
    1    3    1    1   2369c Great Salt Lake fault zone, Antelope Island 
 6.930 0.0002380 0.6000 0.66310E+16
   50.00000       19.58112      0.0000000E+00   39.45502    
          12
      41.03435     -112.31972
      41.01216     -112.30193
      40.98907     -112.26563
      40.96607     -112.27228
      40.94442     -112.26994
      40.87022     -112.23724
      40.85449     -112.21703
      40.81910     -112.18441
      40.79385     -112.19564
      40.75046     -112.20426
      40.73402     -112.21451
      40.72387     -112.23050
    1    3    1    1   2369b Great Salt Lake fault zone, Fremont Island s
 6.830 0.0002380 0.6000 0.46944E+16
   50.00000       19.58112      0.0000000E+00   31.99558    
          11
      41.20998     -112.52186
      41.19920     -112.52016
      41.17826     -112.49221
      41.17126     -112.45268
      41.16156     -112.44091
      41.15150     -112.41405
      41.09319     -112.36455
      41.06013     -112.35448
      41.02599     -112.32735
      41.00362     -112.31918
      40.99266     -112.30606
    1    3    1    1   2369a Great Salt Lake fault zone, Promontory secti
 7.090 0.0002380 0.6000 0.11523E+17
   50.00000       19.58112      0.0000000E+00   53.80378    
          13
      41.53411     -112.83632
      41.49341     -112.80398
      41.46736     -112.77558
      41.43565     -112.70497
      41.39819     -112.65528
      41.38813     -112.57631
      41.37555     -112.54738
      41.34644     -112.53372
      41.32443     -112.51351
      41.26307     -112.51260
      41.23693     -112.50291
      41.21492     -112.49023
      41.19183     -112.45879
    1    3    1    1   998ab Hurricane fault zone (northern)             
 7.020 0.0001887 0.6000 0.71752E+16
   50.00000       19.58112      0.0000000E+00   46.78428    
          12
      37.66074     -113.05540
      37.61565     -113.09241
      37.58941     -113.10599
      37.56920     -113.12862
      37.56533     -113.14587
      37.55204     -113.16474
      37.50119     -113.19816
      37.48880     -113.21514
      37.42384     -113.23104
      37.40372     -113.22852
      37.33481     -113.26698
      37.29699     -113.28306
    1    3    1    1   2361 North Promontory fault                       
 6.730 0.0002918 0.6000 0.40750E+16
   50.00000       19.58112      0.0000000E+00   26.57005    
           7
      41.90146     -112.55062
      41.87918     -112.55017
      41.85447     -112.55709
      41.78889     -112.55556
      41.76598     -112.56033
      41.69914     -112.59438
      41.67354     -112.61810
    1    3    1    1   2398_2399 Oquirrh-Southern Oquirrh Mountains fault
 7.170 0.0001525 0.6000 0.97352E+16
   50.00000       19.58112      0.0000000E+00   63.47580    
          18
      40.69467     -112.25404
      40.68613     -112.24739
      40.65290     -112.24487
      40.64957     -112.25529
      40.64112     -112.25700
      40.63789     -112.26383
      40.63142     -112.25961
      40.60456     -112.25781
      40.55542     -112.20112
      40.54428     -112.20112
      40.53521     -112.23984
      40.51769     -112.25861
      40.50072     -112.30508
      40.45984     -112.34554
      40.40189     -112.31769
      40.30905     -112.27556
      40.27047     -112.25903
      40.22883     -112.22392
    1    3    1    1   2534 Paragonah fault                              
 6.750 0.0006472 0.6000 0.96839E+16
   50.00000       19.58112      0.0000000E+00   27.45295    
           7
      37.97832     -112.70242
      37.94949     -112.71571
      37.91238     -112.74824
      37.88992     -112.75273
      37.83781     -112.78893
      37.80251     -112.84373
      37.77682     -112.87006
    1    3    1    1   2395 Stansbury fault zone                         
 7.090 0.0003426 0.6000 0.16588E+17
   50.00000       19.58112      0.0000000E+00   54.07771    
          11
      40.68946     -112.66022
      40.59396     -112.68420
      40.54221     -112.67199
      40.53484     -112.66507
      40.50160     -112.68528
      40.47546     -112.69310
      40.43099     -112.67953
      40.42443     -112.68106
      40.39460     -112.66579
      40.27611     -112.54620
      40.25014     -112.52599
    1    3    1    1   2521a West Cache fault, Clarkston section         
 6.660 0.0006485 0.6000 0.71102E+16
   50.00000       19.58112      0.0000000E+00   23.18025    
          19
      41.89618     -112.06735
      41.89811     -112.07092
      41.91275     -112.08149
      41.92101     -112.09007
      41.92996     -112.09294
      41.93912     -112.09914
      41.94935     -112.10383
      41.95304     -112.10270
      41.97075     -112.11127
      41.98226     -112.11015
      41.99070     -112.11059
      41.99508     -112.10746
      41.99978     -112.09651
      42.00863     -112.09432
      42.01313     -112.09182
      42.03043     -112.09144
      42.05117     -112.08487
      42.07551     -112.08156
      42.08934     -112.07899
    1    3    1    1   2521b West Cache fault zone, Junction Hills fault 
 6.700 0.0003034 0.6000 0.38200E+16
   50.00000       19.58112      0.0000000E+00   24.90743    
          14
      41.69395     -111.95033
      41.71392     -111.96810
      41.75059     -111.98090
      41.77139     -111.98941
      41.78530     -111.99424
      41.79061     -111.99619
      41.79405     -111.99590
      41.79414     -111.99593
      41.79781     -111.99839
      41.81655     -112.01749
      41.84968     -112.04518
      41.87923     -112.04980
      41.88940     -112.05688
      41.89580     -112.06554
    1    3    1    1   944 Algodones fault zone                          
 6.730 0.0002190 0.6000 0.30584E+16
   50.00000       19.58112      0.0000000E+00   26.58850    
          10
      32.41335     -114.42386
      32.46637     -114.47977
      32.47049     -114.49546
      32.50035     -114.52657
      32.52462     -114.54138
      32.54425     -114.55780
      32.55294     -114.56958
      32.56816     -114.58625
      32.57780     -114.59451
      32.58958     -114.60970
    1    3    1    1   730 Bear River fault zone                         
 6.900 0.0004350 0.6000 0.10927E+17
   50.00000       19.58112      0.0000000E+00   37.30161    
          14
      41.16031     -110.75232
      41.13426     -110.76418
      41.08323     -110.77290
      41.07389     -110.79455
      41.05151     -110.79392
      41.03130     -110.79949
      41.00067     -110.79158
      40.98980     -110.79832
      40.96482     -110.80119
      40.92565     -110.79338
      40.91739     -110.79967
      40.90076     -110.80119
      40.86025     -110.79005
      40.84452     -110.80452
    1    3    1    1   643abcd Centennial fault                          
 7.170 0.0005370 0.6000 0.34277E+17
   50.00000       19.58112      0.0000000E+00   63.85537    
          15
      44.60184     -111.38970
      44.59610     -111.40255
      44.59268     -111.46194
      44.58648     -111.48925
      44.57660     -111.63676
      44.59591     -111.74323
      44.60750     -111.88464
      44.60570     -111.90549
      44.59465     -111.92247
      44.58989     -111.94160
      44.58306     -112.04412
      44.58611     -112.08428
      44.59402     -112.10746
      44.59393     -112.13963
      44.60157     -112.17512
    1    3    1    1   757abc Eagle Bay fault                            
 6.820 0.0006131 0.6000 0.11683E+17
   50.00000       19.58112      0.0000000E+00   31.74049    
           7
      44.25239     -110.38652
      44.26587     -110.39101
      44.29488     -110.41231
      44.33513     -110.41402
      44.37978     -110.39506
      44.47421     -110.40350
      44.53044     -110.38841
    1    3    1    1   2364abc Eastern Bear Lake fault                   
 7.290 0.0003848 0.6000 0.37174E+17
   50.00000       19.58112      0.0000000E+00   80.79507    
          22
      42.49440     -111.33299
      42.46538     -111.31197
      42.41822     -111.29974
      42.39890     -111.28115
      42.37276     -111.26776
      42.34725     -111.26938
      42.32038     -111.29067
      42.28463     -111.29139
      42.26639     -111.28914
      42.20395     -111.26543
      42.17853     -111.27081
      42.15374     -111.26308
      42.11106     -111.26165
      42.06848     -111.24916
      42.00029     -111.25896
      41.94783     -111.27791
      41.89644     -111.28321
      41.87560     -111.29471
      41.84928     -111.29247
      41.83364     -111.30882
      41.82053     -111.31430
      41.79690     -111.30828
    1    3    1    1   766 East Mount Sheridan faults                    
 6.640 0.0023200 0.6000 0.23740E+17
   50.00000       19.58112      0.0000000E+00   22.11338    
           6
      44.13326     -110.53046
      44.17701     -110.53863
      44.25068     -110.50539
      44.27637     -110.51096
      44.30108     -110.52452
      44.32579     -110.52245
    1    3    1    1   642ab Emigrant fault                              
 7.120 0.0002028 0.6000 0.10890E+17
   50.00000       19.58112      0.0000000E+00   56.80293    
          20
      45.57545     -110.50601
      45.56125     -110.50269
      45.53053     -110.53719
      45.49675     -110.55219
      45.46045     -110.57798
      45.41625     -110.59109
      45.38229     -110.58067
      45.37187     -110.58795
      45.36477     -110.59613
      45.35031     -110.63000
      45.33998     -110.67375
      45.33054     -110.69711
      45.30638     -110.73053
      45.29434     -110.73754
      45.28553     -110.75075
      45.26191     -110.81220
      45.25247     -110.82693
      45.22884     -110.84364
      45.22615     -110.86673
      45.20055     -110.90240
    1    3    1    1   726c Grand Valley fault                           
 7.100 0.0006773 0.6000 0.33944E+17
   50.00000       19.58112      0.0000000E+00   55.33062    
          11
      43.00019     -110.96375
      42.96605     -110.93661
      42.88403     -110.88343
      42.79761     -110.88513
      42.77829     -110.88989
      42.71029     -110.92556
      42.63500     -110.91469
      42.61901     -110.89671
      42.59377     -110.88971
      42.58505     -110.87991
      42.53025     -110.87856
    1    3    1    1   728 Greys River fault                             
 7.050 0.0005637 0.6000 0.23771E+17
   50.00000       19.58112      0.0000000E+00   49.99867    
          11
      43.00074     -110.69071
      42.94621     -110.68172
      42.92680     -110.68334
      42.86787     -110.66357
      42.84343     -110.66897
      42.76994     -110.66025
      42.71307     -110.66258
      42.68513     -110.65647
      42.65890     -110.65809
      42.62476     -110.64614
      42.55541     -110.64641
    1    3    1    0   656 Hebgen-Red Canyon fault                       
 7.300 0.0000971 0.6000 0.97071E+16
   50.00000       19.58112      0.0000000E+00   25.31725    
          11
      44.88008     -111.35314
      44.87056     -111.33337
      44.86095     -111.32484
      44.84145     -111.29384
      44.82896     -111.26455
      44.81314     -111.24193
      44.80764     -111.22701
      44.80503     -111.16054
      44.79848     -111.12520
      44.77100     -111.10688
      44.76708     -111.09746
    1    3    1    1   998cd Hurricane fault zone (central)              
 7.440 0.0001021 0.6000 0.16558E+17
   50.00000       19.58112      0.0000000E+00   107.9609    
          30
      37.29699     -113.28306
      37.26995     -113.27264
      37.25557     -113.28180
      37.24237     -113.28342
      37.21218     -113.26266
      37.19601     -113.26653
      37.18056     -113.28000
      37.12890     -113.30597
      37.07877     -113.30695
      37.02110     -113.28925
      37.00546     -113.29761
      37.00025     -113.30507
      36.95201     -113.33103
      36.92838     -113.35385
      36.90808     -113.35942
      36.87259     -113.34792
      36.87142     -113.33957
      36.85184     -113.32456
      36.79434     -113.29240
      36.76640     -113.28458
      36.70855     -113.25098
      36.66623     -113.24074
      36.62634     -113.24649
      36.60361     -113.25718
      36.59032     -113.27020
      36.57603     -113.30066
      36.51691     -113.32195
      36.50757     -113.32249
      36.44127     -113.30290
      36.40794     -113.28413
    2    3    1    0   602abcdef Lemhi fault                             
 2.44544  0.80  7.000  7.000 0.1000 0.60000 0.24857E+17
   50.00000       19.58112      0.0000000E+00   147.3372    
          39
      44.69474     -114.04285
      44.68558     -114.02371
      44.68073     -114.00071
      44.65620     -113.95831
      44.64848     -113.93001
      44.64713     -113.90916
      44.61209     -113.83351
      44.60921     -113.81573
      44.59277     -113.78500
      44.54031     -113.73342
      44.48883     -113.66047
      44.47984     -113.65786
      44.44984     -113.63019
      44.38380     -113.60638
      44.37132     -113.59137
      44.36736     -113.54878
      44.31974     -113.46110
      44.30636     -113.42543
      44.30716     -113.34969
      44.31031     -113.33317
      44.28381     -113.31645
      44.27087     -113.29462
      44.23206     -113.26875
      44.21588     -113.24835
      44.19971     -113.21430
      44.18983     -113.20433
      44.16180     -113.20181
      44.07806     -113.14476
      44.02937     -113.13353
      44.00404     -113.10182
      43.99891     -113.06364
      43.97646     -113.04261
      43.95660     -113.03300
      43.91330     -113.03372
      43.88626     -113.00730
      43.86712     -112.94486
      43.85005     -112.90668
      43.83029     -112.88907
      43.81573     -112.86562
    2    3    1    0   601abcdef Lost River fault                        
 2.25945  0.80  7.000  7.000 0.1000 0.60000 0.16198E+17
   50.00000       19.58112      0.0000000E+00   140.8176    
          45
      44.58657     -114.18785
      44.53761     -114.17626
      44.51695     -114.16566
      44.45226     -114.11588
      44.40618     -114.07024
      44.38075     -114.03295
      44.33287     -114.00114
      44.32927     -113.99324
      44.31939     -113.98705
      44.30618     -113.96458
      44.28543     -113.95128
      44.27914     -113.93871
      44.26782     -113.92918
      44.24096     -113.91615
      44.21697     -113.89603
      44.19775     -113.88830
      44.18391     -113.87159
      44.15561     -113.85991
      44.13351     -113.83395
      44.10117     -113.82622
      44.09039     -113.82855
      44.03954     -113.77860
      44.03181     -113.74860
      44.03531     -113.73673
      44.03189     -113.70852
      44.01986     -113.67142
      43.99776     -113.64931
      43.98769     -113.63063
      43.97628     -113.61212
      43.96847     -113.59245
      43.96784     -113.58103
      43.94053     -113.54015
      43.92399     -113.49694
      43.92067     -113.48293
      43.92884     -113.45624
      43.93657     -113.40548
      43.93298     -113.39587
      43.91204     -113.38123
      43.87548     -113.37566
      43.81438     -113.31663
      43.77890     -113.31842
      43.75042     -113.31078
      43.72005     -113.32579
      43.66301     -113.31151
      43.64405     -113.30000
    1    3    1    1   655abc Madison fault                              
 7.450 0.0002022 0.6000 0.33946E+17
   50.00000       19.58112      0.0000000E+00   110.6685    
          39
      45.43826     -111.62231
      45.39882     -111.59060
      45.36988     -111.59877
      45.35965     -111.58862
      45.32568     -111.58368
      45.28310     -111.61279
      45.25175     -111.61566
      45.23504     -111.60065
      45.18428     -111.58224
      45.16352     -111.55430
      45.15517     -111.55025
      45.14493     -111.55295
      45.12283     -111.57649
      45.09417     -111.56194
      45.03739     -111.58835
      45.02805     -111.58799
      45.01017     -111.57774
      44.99633     -111.55492
      44.98115     -111.55511
      44.96920     -111.53678
      44.94908     -111.52608
      44.87729     -111.51755
      44.86463     -111.49536
      44.85349     -111.49976
      44.84361     -111.47254
      44.82087     -111.43741
      44.81108     -111.42870
      44.79815     -111.42950
      44.79123     -111.43624
      44.77371     -111.44038
      44.75349     -111.43669
      44.73130     -111.45628
      44.71558     -111.45376
      44.70615     -111.44531
      44.67524     -111.39617
      44.65728     -111.34882
      44.64182     -111.33364
      44.62556     -111.32636
      44.59035     -111.27875
    1    3    1    1   699ab Mission fault                               
 7.360 0.0001843 0.6000 0.22669E+17
   50.00000       19.58112      0.0000000E+00   92.38155    
          24
      48.05772     -114.06734
      48.00786     -114.05107
      47.99034     -114.03760
      47.92844     -114.02475
      47.84030     -113.99573
      47.80481     -113.99618
      47.78289     -114.00453
      47.76780     -114.00193
      47.71677     -114.01280
      47.68388     -114.00229
      47.65172     -114.00750
      47.63007     -114.00282
      47.58155     -114.01118
      47.57122     -114.02421
      47.50240     -114.00840
      47.46431     -114.00480
      47.45533     -114.01163
      47.41643     -114.00588
      47.40017     -114.01100
      47.35866     -114.00867
      47.34725     -113.99977
      47.31643     -113.98907
      47.28598     -113.94496
      47.25831     -113.92897
    1    3    1    1   2052ab Organ Mountains fault                      
 6.790 0.0001981 0.6000 0.34040E+16
   50.00000       19.58112      0.0000000E+00   29.59349    
          11
      32.19091     -106.49080
      32.22416     -106.48604
      32.28776     -106.49251
      32.30878     -106.47588
      32.33636     -106.46322
      32.35981     -106.48011
      32.37508     -106.50841
      32.38882     -106.51920
      32.40086     -106.50671
      32.41066     -106.50356
      32.41703     -106.48685
    1    3    1    1   641bc Red Rock fault                              
 6.730 0.0007291 0.6000 0.10181E+17
   50.00000       19.58112      0.0000000E+00   26.55440    
          12
      44.61082     -112.61570
      44.61001     -112.62657
      44.62097     -112.64445
      44.62160     -112.65182
      44.63041     -112.65918
      44.65736     -112.70141
      44.66975     -112.70312
      44.68134     -112.71147
      44.72007     -112.76933
      44.74379     -112.79431
      44.77172     -112.81084
      44.78475     -112.82494
    1    3    1    1   729 Rock Creek fault                              
 6.950 0.0006537 0.6000 0.19514E+17
   50.00000       19.58112      0.0000000E+00   41.04386    
           9
      42.14395     -110.80273
      42.12383     -110.80282
      42.07891     -110.81324
      42.01468     -110.80803
      41.94433     -110.82636
      41.86950     -110.82744
      41.84174     -110.81873
      41.79934     -110.82124
      41.77858     -110.82932
    1    3    1    1   640 Sawtooth fault                                
 7.160 0.0003083 0.6000 0.19011E+17
   50.00000       19.58112      0.0000000E+00   61.97876    
          22
      43.85070     -114.75296
      43.89444     -114.80477
      43.92294     -114.84789
      43.94617     -114.86598
      43.98652     -114.88577
      44.00530     -114.89796
      44.01297     -114.90812
      44.02895     -114.92161
      44.05614     -114.92698
      44.08528     -114.94740
      44.13204     -114.96553
      44.15138     -114.97432
      44.16497     -114.98936
      44.17744     -115.01449
      44.19561     -115.03745
      44.20921     -115.05296
      44.22012     -115.06271
      44.23467     -115.08277
      44.24434     -115.09916
      44.25998     -115.12755
      44.28189     -115.15269
      44.30568     -115.16471
    1    3    1    1   768abcdef Teton fault                             
 7.160 0.0005363 0.6000 0.33068E+17
   50.00000       19.58112      0.0000000E+00   61.60333    
          18
      43.54480     -110.86718
      43.57364     -110.85451
      43.59386     -110.83789
      43.60832     -110.81561
      43.65683     -110.80393
      43.68603     -110.76485
      43.71856     -110.76099
      43.74560     -110.74599
      43.83418     -110.73583
      43.84649     -110.74095
      43.85134     -110.74877
      43.87272     -110.75587
      43.89168     -110.73170
      43.92061     -110.71580
      43.94100     -110.71265
      43.95223     -110.70430
      43.98413     -110.70142
      44.05223     -110.66252
    1    3    1    1   761 Upper Yellowstone Valley faults               
 6.540 0.0007064 0.6000 0.51175E+16
   50.00000       19.58112      0.0000000E+00   18.03641    
           6
      44.08817     -110.12274
      44.16965     -110.12994
      44.18052     -110.13029
      44.19436     -110.12347
      44.23101     -110.13065
      44.24898     -110.12939
    2    2    1    1   572_alt2 Southern Whidbey Island fault-middle     
 1.94373  0.80  7.500  7.500 0.1000 0.37500 0.17528E+17
   60.00000       17.32051      0.0000000E+00   146.0659    
          20
      47.32607     -121.59682
      47.33715     -121.61982
      47.34685     -121.64933
      47.36029     -121.69020
      47.37349     -121.71664
      47.54837     -121.86780
      47.60302     -121.91504
      47.62913     -121.93857
      47.65822     -121.96479
      47.69855     -122.00114
      47.71552     -122.01735
      47.83374     -122.18715
      47.88849     -122.29263
      47.95294     -122.38596
      48.01752     -122.47837
      48.07831     -122.57628
      48.13330     -122.68218
      48.17749     -122.79907
      48.22632     -122.91156
      48.24292     -122.94978
    2    2    1    1   572n_alt2 Southern Whidbey Island fault-northern  
 1.93066  0.80  7.500  7.500 0.1000 0.37500 0.17008E+17
   60.00000       17.32051      0.0000000E+00   141.7350    
          21
      47.35933     -121.60865
      47.37357     -121.65596
      47.38852     -121.70329
      47.40611     -121.73149
      47.44031     -121.75985
      47.48289     -121.78569
      47.54876     -121.81314
      47.63258     -121.88779
      47.65242     -121.89780
      47.66163     -121.90297
      47.69415     -121.93547
      47.71975     -121.96774
      47.76551     -122.00124
      47.85291     -122.15395
      47.90649     -122.26046
      47.97070     -122.35385
      48.03473     -122.44749
      48.10071     -122.53764
      48.15314     -122.64568
      48.19214     -122.76740
      48.24292     -122.89729
    2    2    1    1   572s_alt2 Southern Whidbey Island fault-southern  
 1.91792  0.80  7.500  7.500 0.1000 0.37500 0.16516E+17
   60.00000       17.32051      0.0000000E+00   137.6371    
          24
      47.34333     -121.75900
      47.43547     -121.82210
      47.47768     -121.83974
      47.49956     -121.84995
      47.51365     -121.85925
      47.51701     -121.86681
      47.52686     -121.89050
      47.54125     -121.90974
      47.55383     -121.92101
      47.57999     -121.94596
      47.58443     -121.94967
      47.60305     -121.96523
      47.61285     -121.97017
      47.61727     -121.97153
      47.70813     -122.08455
      47.81830     -122.21376
      47.87390     -122.31844
      47.93854     -122.41165
      48.00354     -122.50297
      48.06055     -122.60716
      48.11749     -122.71160
      48.16571     -122.82446
      48.21771     -122.93360
      48.23792     -122.97840
    1    3    1    1   2351d Wasatch fault, Brigham City section         
 6.950 0.0009090 0.6480 0.27137E+17
   50.00000       19.58112      0.0000000E+00   40.81434    
          15
      41.65207     -112.04831
      41.64040     -112.06071
      41.63060     -112.05531
      41.61641     -112.05612
      41.61057     -112.04202
      41.56017     -112.01794
      41.55415     -112.01991
      41.52352     -111.99871
      41.49917     -111.98865
      41.44356     -112.02935
      41.42766     -112.02898
      41.41661     -112.02171
      41.38068     -112.02539
      41.35894     -111.98856
      41.33334     -111.96143
    1    3    1    1   2351i Wasatch fault, Levan section                
 6.830 0.0003790 0.6480 0.74749E+16
   50.00000       19.58112      0.0000000E+00   32.49228    
          14
      39.64339     -111.82755
      39.62407     -111.82063
      39.57403     -111.82162
      39.55040     -111.83205
      39.52713     -111.86205
      39.50566     -111.85999
      39.48877     -111.87166
      39.47925     -111.88415
      39.45715     -111.88514
      39.43352     -111.91326
      39.42112     -111.91479
      39.41816     -111.92062
      39.38636     -111.91919
      39.38070     -111.92260
    1    3    1    1   2351h Wasatch fault, Nephi section                
 7.010 0.0011100 0.6480 0.40768E+17
   50.00000       19.58112      0.0000000E+00   46.46653    
          17
      40.08449     -111.73385
      40.06725     -111.73537
      40.02753     -111.72190
      40.01208     -111.73241
      40.00023     -111.73403
      39.99223     -111.75191
      39.97668     -111.76296
      39.94434     -111.75784
      39.93132     -111.78587
      39.88235     -111.79171
      39.86726     -111.80465
      39.82854     -111.80716
      39.82252     -111.81246
      39.75065     -111.82854
      39.73277     -111.82836
      39.70663     -111.81651
      39.70007     -111.82027
    1    3    1    1   2351g Wasatch fault, Provo section                
 7.270 0.0007690 0.6480 0.69331E+17
   50.00000       19.58112      0.0000000E+00   77.13140    
          38
      40.49505     -111.82172
      40.48571     -111.75380
      40.48122     -111.74670
      40.47601     -111.74454
      40.46020     -111.75056
      40.45535     -111.74625
      40.44484     -111.75326
      40.43432     -111.75307
      40.41519     -111.74175
      40.41096     -111.74355
      40.39767     -111.72747
      40.38455     -111.72064
      40.35383     -111.69162
      40.34179     -111.67608
      40.31313     -111.65694
      40.31187     -111.63844
      40.28771     -111.63206
      40.27801     -111.63529
      40.23444     -111.63161
      40.21215     -111.62397
      40.20919     -111.61696
      40.19464     -111.60923
      40.18952     -111.59908
      40.17263     -111.59711
      40.16706     -111.58156
      40.14891     -111.55578
      40.13301     -111.55083
      40.12726     -111.55829
      40.12124     -111.55586
      40.10049     -111.57168
      40.08422     -111.57267
      40.08360     -111.59666
      40.07156     -111.61876
      40.04856     -111.63529
      40.03248     -111.63142
      40.00624     -111.64365
      39.98648     -111.68929
      39.97157     -111.69333
    1    3    1    1   2351e Wasatch fault, Weber section                
 7.160 0.0007690 0.6480 0.47416E+17
   50.00000       19.58112      0.0000000E+00   62.61081    
          37
      41.33334     -111.96143
      41.33675     -111.94122
      41.30683     -111.93070
      41.29488     -111.94193
      41.27719     -111.94912
      41.26281     -111.94723
      41.25976     -111.93977
      41.25006     -111.93825
      41.24062     -111.92773
      41.22284     -111.92962
      41.21484     -111.92423
      41.20846     -111.93285
      41.18681     -111.93959
      41.17962     -111.93699
      41.17675     -111.92899
      41.16462     -111.92477
      41.15088     -111.90689
      41.14270     -111.90833
      41.13138     -111.89827
      41.10371     -111.91084
      41.08520     -111.90437
      41.06804     -111.91075
      41.05564     -111.90392
      41.03920     -111.90725
      41.02914     -111.89970
      41.00452     -111.89593
      40.99923     -111.88515
      40.99168     -111.88551
      40.97704     -111.87473
      40.96365     -111.87212
      40.96077     -111.87949
      40.95449     -111.88102
      40.94595     -111.87428
      40.90480     -111.86530
      40.89052     -111.85262
      40.86609     -111.85676
      40.84938     -111.88703
    1    2    1    0   570m Seattle fault zone-middle                    
 7.200 0.0000001 0.7500 0.70794E+13
   45.00000       21.21322      0.0000000E+00   64.29441    
          12
      47.59212     -122.84099
      47.59913     -122.78654
      47.60273     -122.68295
      47.59366     -122.50057
      47.58845     -122.45035
      47.56113     -122.43660
      47.55709     -122.38117
      47.55530     -122.22170
      47.53104     -122.12377
      47.52727     -122.09062
      47.52763     -122.04786
      47.53302     -122.02369
    1    2    1    0   570n Seattle fault zone-northern                  
 7.230 0.0002000 0.7500 0.15705E+17
   45.00000       21.21322      0.0000000E+00   70.87910    
          15
      47.59311     -122.86264
      47.60398     -122.80299
      47.60910     -122.69454
      47.62159     -122.59706
      47.60480     -122.46589
      47.58387     -122.44064
      47.58261     -122.40300
      47.57407     -122.34748
      47.57767     -122.30561
      47.57255     -122.26150
      47.58405     -122.17085
      47.58009     -122.03564
      47.58917     -121.98811
      47.58773     -121.96224
      47.58288     -121.94643
    1    2    1    0   570s Seattle fault zone-southern                  
 7.200 0.0000001 0.7500 0.70794E+13
   45.00000       21.21322      0.0000000E+00   55.65915    
          14
      47.55448     -122.83901
      47.55898     -122.76777
      47.57029     -122.75950
      47.55826     -122.68574
      47.56086     -122.63704
      47.55718     -122.53812
      47.54496     -122.40714
      47.51846     -122.34756
      47.51631     -122.33526
      47.51819     -122.29950
      47.53167     -122.26653
      47.53751     -122.23418
      47.53311     -122.20310
      47.51397     -122.13743
           1           3           1           1    2351f_alt3 Wasatch Flt SLC through Virginia St flt
 7.050 0.0007690 0.216 0.32428E+17
   50.000000       19.581120       0.0000000       50.320091    
         195
      40.84938     -111.88703
      40.84183     -111.89871
      40.83033     -111.91354
      40.81461     -111.91794
      40.80912     -111.91292
      40.79265     -111.90028
      40.78126     -111.89137
      40.78065     -111.89108
      40.78017     -111.89083
      40.77498     -111.84132
      40.77392     -111.84270
      40.77274     -111.84419
      40.77148     -111.84632
      40.77055     -111.84756
      40.76967     -111.84875
      40.76905     -111.84975
      40.76830     -111.85050
      40.76767     -111.85150
      40.76699     -111.85269
      40.76599     -111.85463
      40.76505     -111.85638
      40.76424     -111.85769
      40.76330     -111.85887
      40.76268     -111.85956
      40.76180     -111.86094
      40.76080     -111.86187
      40.75999     -111.86275
      40.75880     -111.86343
      40.75762     -111.86369
      40.75662     -111.86362
      40.75568     -111.86343
      40.75474     -111.86294
      40.75387     -111.86225
      40.75299     -111.86175
      40.75212     -111.86075
      40.75143     -111.86012
      40.75068     -111.85950
      40.75006     -111.85900
      40.74771     -111.85744
      40.74562     -111.85692
      40.74432     -111.85639
      40.74301     -111.85587
      40.74144     -111.85483
      40.73962     -111.85457
      40.73727     -111.85457
      40.73544     -111.85561
      40.73388     -111.85744
      40.73257     -111.85874
      40.73179     -111.85979
      40.73022     -111.86031
      40.72866     -111.85979
      40.72683     -111.85979
      40.72501     -111.86005
      40.72318     -111.86005
      40.72109     -111.86005
      40.71894     -111.86022
      40.71722     -111.86108
      40.71564     -111.86195
      40.71421     -111.86237
      40.71292     -111.86237
      40.71134     -111.86208
      40.71034     -111.86137
      40.70948     -111.86066
      40.70819     -111.85950
      40.70719     -111.85836
      40.70604     -111.85735
      40.70461     -111.85635
      40.70346     -111.85549
      40.70217     -111.85378
      40.70074     -111.85220
      40.69859     -111.85120
      40.69656     -111.85091
      40.69448     -111.84883
      40.69265     -111.84753
      40.69082     -111.84570
      40.68900     -111.84518
      40.68639     -111.84413
      40.68639     -111.84309
      40.68325     -111.84178
      40.68143     -111.84074
      40.67986     -111.83943
      40.67882     -111.83813
      40.67778     -111.83682
      40.67699     -111.83604
      40.67543     -111.83526
      40.67386     -111.83421
      40.67260     -111.83145
      40.67182     -111.82910
      40.67104     -111.82649
      40.67051     -111.82414
      40.66973     -111.82180
      40.66921     -111.81997
      40.66869     -111.81789
      40.66816     -111.81580
      40.66764     -111.81371
      40.66712     -111.81188
      40.66660     -111.81032
      40.66608     -111.80927
      40.66582     -111.80771
      40.66582     -111.80718
      40.66347     -111.80666
      40.66190     -111.80640
      40.66060     -111.80640
      40.65877     -111.80666
      40.65720     -111.80718
      40.65538     -111.80745
      40.65434     -111.80823
      40.65381     -111.80849
      40.65225     -111.80849
      40.65042     -111.80849
      40.64859     -111.80692
      40.64781     -111.80588
      40.64729     -111.80484
      40.64546     -111.80353
      40.64363     -111.80222
      40.64129     -111.80066
      40.63972     -111.79935
      40.63868     -111.79858
      40.63581     -111.79935
      40.63398     -111.79961
      40.63189     -111.79910
      40.62981     -111.79779
      40.62850     -111.79649
      40.62667     -111.79544
      40.62563     -111.79440
      40.62433     -111.79388
      40.62198     -111.79362
      40.62067     -111.79205
      40.61963     -111.79075
      40.61911     -111.78944
      40.61832     -111.78787
      40.61624     -111.78709
      40.61441     -111.78761
      40.61206     -111.78892
      40.60998     -111.79048
      40.60815     -111.79127
      40.60658     -111.79257
      40.60502     -111.79309
      40.60241     -111.79309
      40.60058     -111.79362
      40.59902     -111.79362
      40.59771     -111.79283
      40.59510     -111.79205
      40.59380     -111.79101
      40.59275     -111.78996
      40.59119     -111.78918
      40.58936     -111.78892
      40.58727     -111.79022
      40.58571     -111.79179
      40.58336     -111.79336
      40.58205     -111.79492
      40.57913     -111.79533
      40.57656     -111.79533
      40.57501     -111.79559
      40.57296     -111.79559
      40.57115     -111.79585
      40.56961     -111.79585
      40.56806     -111.79507
      40.56600     -111.79430
      40.56420     -111.79430
      40.56240     -111.79482
      40.56086     -111.79765
      40.55931     -111.79816
      40.55777     -111.79816
      40.55622     -111.79945
      40.55442     -111.79945
      40.55262     -111.79971
      40.55107     -111.80074
      40.54824     -111.80202
      40.54670     -111.80383
      40.54464     -111.80614
      40.54335     -111.80769
      40.54232     -111.80923
      40.54129     -111.81078
      40.53897     -111.81232
      40.53717     -111.81361
      40.53537     -111.81490
      40.53279     -111.81902
      40.53099     -111.82108
      40.52996     -111.82417
      40.52790     -111.82648
      40.52481     -111.82906
      40.52250     -111.83163
      40.52069     -111.83369
      40.51838     -111.83549
      40.51657     -111.83652
      40.51426     -111.83781
      40.51220     -111.83910
      40.50937     -111.83884
      40.50705     -111.83884
      40.50473     -111.83807
      40.50267     -111.83730
      40.50113     -111.83627
      40.50010     -111.83524
      40.49853     -111.83362
    2    3    1    0   2321 Northern Sangre de Cristo fault              
 2.10823  0.80  7.500  7.500 0.1000 0.60000 0.25599E+17
   50.00000       19.58112      0.0000000E+00   185.4597    
          73
      38.39349     -105.99446
      38.38163     -105.98359
      38.35477     -105.97236
      38.26907     -105.85826
      38.24319     -105.84793
      38.22451     -105.82996
      38.19917     -105.81612
      38.17833     -105.81657
      38.15865     -105.80328
      38.14680     -105.80328
      38.12443     -105.78756
      38.10233     -105.78001
      38.09765     -105.76617
      38.07897     -105.76726
      38.06316     -105.75261
      38.05767     -105.75207
      38.05866     -105.75468
      38.04510     -105.74785
      38.04124     -105.74030
      38.04231     -105.72593
      38.03369     -105.72045
      38.02632     -105.70356
      38.00683     -105.69466
      37.98212     -105.66628
      37.95589     -105.66915
      37.94080     -105.65190
      37.90127     -105.63286
      37.88231     -105.61839
      37.86282     -105.60007
      37.85733     -105.58551
      37.84350     -105.58173
      37.82940     -105.57050
      37.81960     -105.55766
      37.80586     -105.52648
      37.77774     -105.49522
      37.71476     -105.51445
      37.70578     -105.52541
      37.65331     -105.55479
      37.62142     -105.55335
      37.61307     -105.56062
      37.59366     -105.55676
      37.58126     -105.56808
      37.55476     -105.56180
      37.53688     -105.54670
      37.53679     -105.52065
      37.52943     -105.50555
      37.52871     -105.49216
      37.51263     -105.49908
      37.47481     -105.48255
      37.46178     -105.48642
      37.45486     -105.48328
      37.43995     -105.46881
      37.44453     -105.46441
      37.41300     -105.42524
      37.38892     -105.40574
      37.36709     -105.40062
      37.34975     -105.38292
      37.32819     -105.37349
      37.25821     -105.35759
      37.25156     -105.35840
      37.23063     -105.37906
      37.22363     -105.37987
      37.18499     -105.37133
      37.15670     -105.35426
      37.13280     -105.35381
      37.12534     -105.34869
      37.12220     -105.35265
      37.10980     -105.34977
      37.09138     -105.35291
      37.07018     -105.36881
      37.04117     -105.38184
      37.02329     -105.37987
      37.00577     -105.36980

