0               !Use with hazFX. Characteristic-M fault file 
24.6 50. 0.05           !site grid. Using M=M(SRL) Wells and Co. except special situations 
-125. -100. 0.05
760.0 2.0          ! Vs30 and depth (km) to 2.5 km/s rock
1.0 300.
3       !3 spectral periods.  M<6.5 sources are in a separate file
0. 1. 0. PGA. 
0.375 0.210 0.245
0.230 0.225 0.23
0.400 0.360 0.31
../out/AWS_6gmpes.IMW.65.pga
20
.005 .007 .0098 .0137 .0192 .0269 .0376 .0527 .0738 .103 .145 .203 .284 .397 .556 .778 1.09 1.52 2.2 3.3
6
35 0.20 1000.   0.0 0 CY2013
34 0.20 1000.   0.0 0 CB2013
33 0.20 1000.   0.0 0 BSSA2013
16 0.20 1000.   0.0 0 AS2008
37 0.10 1000.   0.0 0 ID2013
38 0.10 1000.   0.0 0 GK2013
0.20 1. 0. PSA
0.375 0.210 0.245
0.230 0.225 0.23
0.400 0.360 0.31
../out/AWS_6gmpes.IMW.65.5hz
19
.005 .0075 .0113 .0169 .0253 .0380 .0570 .0854 .128 .192 .288 .432 .649 .973 1.46 2.19 3.28 4.92 7.38
6
35 0.20 1000.   0.0 0 CY2013
34 0.20 1000.   0.0 0 CB2013
33 0.20 1000.   0.0 0 BSSA2013
16 0.20 1000.   0.0 0 AS2008
37 0.10 1000.   0.0 0 ID2013
38 0.10 1000.   0.0 0 GK2013
1.00 1. 0. PSA
0.375 0.210 0.245
0.230 0.225 0.23
0.400 0.360 0.31
../out/AWS_6gmpes.IMW.65.1hz
20
.0025 .00375 .00563 .00844 .0127 .0190 .0285 .0427 .0641 .0961 .144 .216 .324 .487 .730 1.09 1.64 2.46 3.69 5.54
6
35 0.20 1000.   0.0 0 CY2013
34 0.20 1000.   0.0 0 CB2013
33 0.20 1000.   0.0 0 BSSA2013
16 0.20 1000.   0.0 0 AS2008
37 0.10 1000.   0.0 0 ID2013
38 0.10 1000.   0.0 0 GK2013
1.  1.
3               !3 branches on Magnitude epistemic variability
-.2 0. .2           ! -dM, 0, + dM epistemic mag variability. Branches have same moment rate
.2 .6 .2          !Weights assigned to epistemic mag variability branches
0.12 5          !M aleatory variability, sigma=0.12, 5 steps on either side of 0, each sigma*0.4
 1 3 1 1    903 Acala fault                                   
 6.09 3.2741145E-4 0.6 5.0129717E+14
 50.0 19.58112 0.0E+0 7.4286093
 2
      31.41141     -105.93845
      31.36011     -105.88831
 1 3 1 1    903 Acala fault                                   
 6.09 3.2741145E-4 0.2 6.6951144E+14
 35.0 26.15172 0.0E+0 7.4286093
 2
      31.41141     -105.93845
      31.36011     -105.88831
 1 3 1 1    903 Acala fault                                   
 6.09 3.2741145E-4 0.2 4.237146E+14
 65.0 16.550674 0.0E+0 7.4286093
 2
      31.41141     -105.93845
      31.36011     -105.88831
 1 3 1 1    904 Arroyo Diablo fault                           
 6.41 3.0296098E-5 0.6 1.4008371E+14
 50.0 19.58112 0.0E+0 14.052034
 3
      31.30621     -105.72004
      31.28537     -105.69515
      31.20227     -105.63757
 1 3 1 1    904 Arroyo Diablo fault                           
 6.41 3.0296098E-5 0.2 1.8708992E+14
 35.0 26.15172 0.0E+0 14.052034
 3
      31.30621     -105.72004
      31.28537     -105.69515
      31.20227     -105.63757
 1 3 1 1    904 Arroyo Diablo fault                           
 6.41 3.0296098E-5 0.2 1.1840385E+14
 65.0 16.550674 0.0E+0 14.052034
 3
      31.30621     -105.72004
      31.28537     -105.69515
      31.20227     -105.63757
 1 3 1 1    1003 Dutchman Draw fault                          
 6.49 1.553013E-4 0.6 9.466184E+14
 50.0 19.58112 0.0E+0 16.459196
 5
      37.00043     -113.34864
      36.98705     -113.36535
      36.95165     -113.42887
      36.93988     -113.46777
      36.91886     -113.50119
 1 3 1 1    1003 Dutchman Draw fault                          
 6.49 1.553013E-4 0.2 1.2642636E+15
 35.0 26.15172 0.0E+0 16.459196
 5
      37.00043     -113.34864
      36.98705     -113.36535
      36.95165     -113.42887
      36.93988     -113.46777
      36.91886     -113.50119
 1 3 1 1    1003 Dutchman Draw fault                          
 6.49 1.553013E-4 0.2 8.001163E+14
 65.0 16.550674 0.0E+0 16.459196
 5
      37.00043     -113.34864
      36.98705     -113.36535
      36.95165     -113.42887
      36.93988     -113.46777
      36.91886     -113.50119
 1 3 1 1    2040 East Paradise fault zone                     
 6.38 2.3280287E-5 0.6 9.704815E+13
 50.0 19.58112 0.0E+0 13.182899
 3
      35.26396     -106.67746
      35.21196     -106.68338
      35.14574     -106.68790
 1 3 1 1    2040 East Paradise fault zone                     
 6.38 2.3280287E-5 0.2 1.2961343E+14
 35.0 26.15172 0.0E+0 13.182899
 3
      35.26396     -106.67746
      35.21196     -106.68338
      35.14574     -106.68790
 1 3 1 1    2040 East Paradise fault zone                     
 6.38 2.3280287E-5 0.2 8.202862E+13
 65.0 16.550674 0.0E+0 13.182899
 3
      35.26396     -106.67746
      35.21196     -106.68338
      35.14574     -106.68790
 1 3 1 1    667 Georgia Gulch fault                           
 6.42 7.1403213E-5 0.6 3.4175752E+14
 50.0 19.58112 0.0E+0 14.376439
 5
      45.62593     -112.26820
      45.58343     -112.25507
      45.56088     -112.26118
      45.53770     -112.24834
      45.50015     -112.24016
 1 3 1 1    667 Georgia Gulch fault                           
 6.42 7.1403213E-5 0.2 4.5643697E+14
 35.0 26.15172 0.0E+0 14.376439
 5
      45.62593     -112.26820
      45.58343     -112.25507
      45.56088     -112.26118
      45.53770     -112.24834
      45.50015     -112.24016
 1 3 1 1    667 Georgia Gulch fault                           
 6.42 7.1403213E-5 0.2 2.8886587E+14
 65.0 16.550674 0.0E+0 14.376439
 5
      45.62593     -112.26820
      45.58343     -112.25507
      45.56088     -112.26118
      45.53770     -112.24834
      45.50015     -112.24016
 1 3 1 1    698 Jocko fault                                   
 6.47 1.715528E-4 0.6 9.7588555E+14
 50.0 19.58112 0.0E+0 15.90757
 4
      47.14798     -113.97453
      47.12525     -113.98396
      47.05608     -114.04640
      47.01825     -114.05458
 1 3 1 1    698 Jocko fault                                   
 6.47 1.715528E-4 0.2 1.3033517E+15
 35.0 26.15172 0.0E+0 15.90757
 4
      47.14798     -113.97453
      47.12525     -113.98396
      47.05608     -114.04640
      47.01825     -114.05458
 1 3 1 1    698 Jocko fault                                   
 6.47 1.715528E-4 0.2 8.24854E+14
 65.0 16.550674 0.0E+0 15.90757
 4
      47.14798     -113.97453
      47.12525     -113.98396
      47.05608     -114.04640
      47.01825     -114.05458
 1 3 1 1    2005 La Canada del Amagre fault zone              
 6.5 2.4412426E-5 0.6 1.5403172E+14
 50.0 19.58112 0.0E+0 16.738781
 4
      36.02293     -106.24306
      36.06929     -106.23102
      36.10531     -106.23363
      36.17009     -106.21206
 1 3 1 1    2005 La Canada del Amagre fault zone              
 6.5 2.4412426E-5 0.2 2.0571828E+14
 35.0 26.15172 0.0E+0 16.738781
 4
      36.02293     -106.24306
      36.06929     -106.23102
      36.10531     -106.23363
      36.17009     -106.21206
 1 3 1 1    2005 La Canada del Amagre fault zone              
 6.5 2.4412426E-5 0.2 1.3019321E+14
 65.0 16.550674 0.0E+0 16.738781
 4
      36.02293     -106.24306
      36.06929     -106.23102
      36.10531     -106.23363
      36.17009     -106.21206
 1 3 1 1    648a Red Rock Hills fault                         
 6.27 4.897668E-4 0.6 1.3963339E+15
 50.0 19.58112 0.0E+0 10.71113
 3
      44.94772     -112.79269
      44.90801     -112.75200
      44.87360     -112.70627
 1 3 1 1    648a Red Rock Hills fault                         
 6.27 4.897668E-4 0.2 1.8648847E+15
 35.0 26.15172 0.0E+0 10.71113
 3
      44.94772     -112.79269
      44.90801     -112.75200
      44.87360     -112.70627
 1 3 1 1    648a Red Rock Hills fault                         
 6.27 4.897668E-4 0.2 1.1802322E+15
 65.0 16.550674 0.0E+0 10.71113
 3
      44.94772     -112.79269
      44.90801     -112.75200
      44.87360     -112.70627
 1 3 1 1    2028 Sawyer Canyon fault                          
 6.15 8.2422426E-5 0.6 1.5525547E+14
 50.0 19.58112 0.0E+0 8.4358835
 4
      35.90830     -106.25455
      35.93336     -106.25429
      35.94711     -106.26614
      35.97873     -106.28169
 1 3 1 1    2028 Sawyer Canyon fault                          
 6.15 8.2422426E-5 0.2 2.0735267E+14
 35.0 26.15172 0.0E+0 8.4358835
 4
      35.90830     -106.25455
      35.93336     -106.25429
      35.94711     -106.26614
      35.97873     -106.28169
 1 3 1 1    2028 Sawyer Canyon fault                          
 6.15 8.2422426E-5 0.2 1.3122757E+14
 65.0 16.550674 0.0E+0 8.4358835
 4
      35.90830     -106.25455
      35.93336     -106.25429
      35.94711     -106.26614
      35.97873     -106.28169
 1 3 1 1    645 Sweetwater fault                              
 6.38 9.635465E-5 0.6 4.0167205E+14
 50.0 19.58112 0.0E+0 13.095034
 2
      45.03990     -112.27483
      45.11096     -112.40781
 1 3 1 1    645 Sweetwater fault                              
 6.38 9.635465E-5 0.2 5.364563E+14
 35.0 26.15172 0.0E+0 13.095034
 2
      45.03990     -112.27483
      45.11096     -112.40781
 1 3 1 1    645 Sweetwater fault                              
 6.38 9.635465E-5 0.2 3.3950783E+14
 65.0 16.550674 0.0E+0 13.095034
 2
      45.03990     -112.27483
      45.11096     -112.40781
 1 3 1 1    696 Thompson Valley fault                         
 6.22 2.4481807E-4 0.6 5.872791E+14
 50.0 19.58112 0.0E+0 9.573033
 2
      47.76645     -114.97842
      47.68272     -114.94868
 1 3 1 1    696 Thompson Valley fault                         
 6.22 2.4481807E-4 0.2 7.843453E+14
 35.0 26.15172 0.0E+0 9.573033
 2
      47.76645     -114.97842
      47.68272     -114.94868
 1 3 1 1    696 Thompson Valley fault                         
 6.22 2.4481807E-4 0.2 4.9638967E+14
 65.0 16.550674 0.0E+0 9.573033
 2
      47.76645     -114.97842
      47.68272     -114.94868
