 0               !Use with hazFX. Characteristic-M fault file 
24.6 50. 0.05           !site grid. Using M=M(SRL) Wells and Co. except special situations 
-125. -100. 0.05
760.0 2.0          ! Vs30 and depth (km) to 2.5 km/s rock
1. 200.
3       !3 spectral periods.  M<6.5 sources are in a separate file
0. 1. 0. PGA. 
0.375 0.210 0.245
0.230 0.225 0.23
0.400 0.360 0.31
../out/d1AWS.IMW.all.65.pga
20
.005 .007 .0098 .0137 .0192 .0269 .0376 .0527 .0738 .103 .145 .203 .284 .397 .556 .778 1.09 1.52 2.2 3.3
6
35 0.20 1000.   0.0 0 CY2013
34 0.20 1000.   0.0 0 CB2013
33 0.20 1000.   0.0 0 BSSA2013
16 0.20 1000.   0.0 0 AS2008
37 0.10 1000.   0.0 0 ID2013
38 0.10 1000.   0.0 0 GK2013
0.20 1. 0. PSA
0.375 0.210 0.245
0.230 0.225 0.23
0.400 0.360 0.31
../out/d1AWS.IMW.all.65.5hz
19
.005 .0075 .0113 .0169 .0253 .0380 .0570 .0854 .128 .192 .288 .432 .649 .973 1.46 2.19 3.28 4.92 7.38
6
35 0.20 1000.   0.0 0 CY2013
34 0.20 1000.   0.0 0 CB2013
33 0.20 1000.   0.0 0 BSSA2013
16 0.20 1000.   0.0 0 AS2008
37 0.10 1000.   0.0 0 ID2013
38 0.10 1000.   0.0 0 GK2013
1.00 1. 0. PSA
0.375 0.210 0.245
0.230 0.225 0.23
0.400 0.360 0.31
../out/d1AWS.IMW.all.65.1hz
20
.0025 .00375 .00563 .00844 .0127 .0190 .0285 .0427 .0641 .0961 .144 .216 .324 .487 .730 1.09 1.64 2.46 3.69 5.54
6
35 0.20 1000.   0.0 0 CY2013
34 0.20 1000.   0.0 0 CB2013
33 0.20 1000.   0.0 0 BSSA2013
16 0.20 1000.   0.0 0 AS2008
37 0.10 1000.   0.0 0 ID2013
38 0.10 1000.   0.0 0 GK2013
1.  1.
3               !3 branches on Magnitude epistemic variability
-.2 0. .2           ! -dM, 0, + dM epistemic mag variability. Branches have same moment rate
.2 .6 .2          !Weights assigned to epistemic mag variability branches
0.12 5          !M aleatory variability, sigma=0.12, 5 steps on either side of 0, each sigma*0.4
          1           3           1           0    903 Acala fault                                   
   6.3200002      1.13337555E-04   .6      3.84038292E+14
   50.000000       19.581120       0.0000000       7.4290462    
           2
      31.41141     -105.93845
      31.36011     -105.88831
           1           3           1           0    648a Red Rock Hills fault                         
   6.4499998      2.01485833E-04   .6      1.06965322E+15
   50.000000       19.581120       0.0000000       10.711130    
           3
      44.94772     -112.79269
      44.90801     -112.75200
      44.87360     -112.70627
           1           3           1           0    2028 Sawyer Canyon fault                          
   6.4899998      1.95120338E-05   .6      1.18933005E+14
   50.000000       19.581120       0.0000000       8.4359179    
           4
      35.90830     -106.25455
      35.93336     -106.25429
      35.94711     -106.26614
      35.97873     -106.28169
           1           3           1           0    696 Thompson Valley fault                         
   6.4499998      8.47422270E-05   .6      4.49881718E+14
   50.000000       19.581120       0.0000000       9.5730333    
           2
      47.76645     -114.97842
      47.68272     -114.94868
           1           3           1           0    903 Acala fault                                   
   6.3400002      8.94028562E-05   .2      3.24603159E+14
   65.000000       16.550676       0.0000000       7.4290462    
           2
      31.41141     -105.93845
      31.36011     -105.88831
           1           3           1           0    648a Red Rock Hills fault                         
   6.4699998      1.58935218E-04   .2      9.04109876E+14
   65.000000       16.550676       0.0000000       10.711130    
           3
      44.94772     -112.79269
      44.90801     -112.75200
      44.87360     -112.70627
           1           3           1           0    696 Thompson Valley fault                         
   6.4699998      6.68460052E-05   .2      3.80256406E+14
   65.000000       16.550676       0.0000000       9.5730333    
           2
      47.76645     -114.97842
      47.68272     -114.94868
           1           3           1           0    903 Acala fault                                   
   6.2900000      1.67894599E-04   .2      5.12905464E+14
   35.000000       26.151720       0.0000000       7.4290462    
           2
      31.41141     -105.93845
      31.36011     -105.88831
           1           3           1           0    648a Red Rock Hills fault                         
   6.4200001      2.98473286E-04   .2      1.42858397E+15
   35.000000       26.151720       0.0000000       10.711130    
           3
      44.94772     -112.79269
      44.90801     -112.75200
      44.87360     -112.70627
           1           3           1           0    2028 Sawyer Canyon fault                          
   6.4600000      2.89043674E-05   .2      1.58841933E+14
   35.000000       26.151720       0.0000000       8.4359179    
           4
      35.90830     -106.25455
      35.93336     -106.25429
      35.94711     -106.26614
      35.97873     -106.28169
           1           3           1           0    696 Thompson Valley fault                         
   6.4200001      1.25533828E-04   .2      6.00843108E+14
   35.000000       26.151720       0.0000000       9.5730333    
           2
      47.76645     -114.97842
      47.68272     -114.94868
           1           1           1           0    1660 Spanish Springs Peak fault                   
   6.1199999      1.30146684E-04   1.0000000      2.21020544E+14
   90.000000       15.000000       0.0000000       4.9115667    
           3
      39.60579     -119.61211
      39.59096     -119.63663
      39.57470     -119.65208
