0               !Use with hazFX. Characteristic-M fault file - floating ruptures
24.6 50. 0.05           !site grid. Using M=M(SRL) Wells and Co. except special situations 
-125. -100. 0.05
760.0 2.0          ! Vs30 and depth (km) to 2.5 km/s rock
1. 200.
3       !3 spectral periods.  M<6.5 sources are in a separate file
0. 1. 0. PGA. 
0.375 0.210 0.245
0.230 0.225 0.23
0.400 0.360 0.31
../out/d1AWS.NV.3dip.65.pga
20
.005 .007 .0098 .0137 .0192 .0269 .0376 .0527 .0738 .103 .145 .203 .284 .397 .556 .778 1.09 1.52 2.2 3.3
6
35 0.20 1000.   0.0 0 CY2013
34 0.20 1000.   0.0 0 CB2013
33 0.20 1000.   0.0 0 BSSA2013
16 0.20 1000.   0.0 0 AS2008
37 0.10 1000.   0.0 0 ID2013
38 0.10 1000.   0.0 0 GK2013
0.20 1. 0. PSA
0.375 0.210 0.245
0.230 0.225 0.23
0.400 0.360 0.31
../out/d1AWS.NV.3dip.65.5hz
19
.005 .0075 .0113 .0169 .0253 .0380 .0570 .0854 .128 .192 .288 .432 .649 .973 1.46 2.19 3.28 4.92 7.38
6
35 0.20 1000.   0.0 0 CY2013
34 0.20 1000.   0.0 0 CB2013
33 0.20 1000.   0.0 0 BSSA2013
16 0.20 1000.   0.0 0 AS2008
37 0.10 1000.   0.0 0 ID2013
38 0.10 1000.   0.0 0 GK2013
1.00 1. 0. PSA
0.375 0.210 0.245
0.230 0.225 0.23
0.400 0.360 0.31
../out/d1AWS.NV.3dip.65.1hz
20
.0025 .00375 .00563 .00844 .0127 .0190 .0285 .0427 .0641 .0961 .144 .216 .324 .487 .730 1.09 1.64 2.46 3.69 5.54
6
35 0.20 1000.   0.0 0 CY2013
34 0.20 1000.   0.0 0 CB2013
33 0.20 1000.   0.0 0 BSSA2013
16 0.20 1000.   0.0 0 AS2008
37 0.10 1000.   0.0 0 ID2013
38 0.10 1000.   0.0 0 GK2013
1.  1.
3               !3 branches on Magnitude epistemic variability
-.2 0. .2           ! -dM, 0, + dM epistemic mag variability. Branches have same moment rate
.2 .6 .2          !Weights assigned to epistemic mag variability branches
0.0 1          !M aleatory variability - none in floating rupture branches
           1           3           1           0    1116 Black Hills fault                            
   6.3899999      1.19726501E-04   1.0000000      5.16642958E+14
   50.000000       19.581120       0.0000000       8.7949162    
           3
      35.89002     -114.96812
      35.92281     -114.94853
      35.95794     -114.91862

           1           3           1           0    1495a Eastern Pine Forest Range fault zone        
   6.4699998      1.05330953E-04   1.0000000      5.99179680E+14
   50.000000       19.581120       0.0000000       10.199955    
           3
      41.81042     -118.59017
      41.83307     -118.62431
      41.86586     -118.68800
           1           3           1           0    1634 Eugene Mountains fault                       
   6.4600000      1.07550455E-04   1.0000000      5.91036020E+14
   50.000000       19.581120       0.0000000       10.061324    
           4
      40.87107     -118.23421
      40.84826     -118.23402
      40.82095     -118.24409
      40.78168     -118.24660
           1           3           1           0    1652 Indian Hill fault                            
   6.3499999      1.26323881E-04   1.0000000      4.74773201E+14
   50.000000       19.581120       0.0000000       8.0821590    
           6
      39.04941     -119.82870
      39.05893     -119.81972
      39.06379     -119.80175
      39.06334     -119.78711
      39.08346     -119.78989
      39.09487     -119.77839
           1           3           1           0    1116 Black Hills fault                            
   6.4099998      9.44425628E-05   1.0000000      4.36685431E+14
   65.000000       16.550676       0.0000000       8.7949162    
           3
      35.89002     -114.96812
      35.92281     -114.94853
      35.95794     -114.91862
           1           3           1           0    1495a Eastern Pine Forest Range fault zone        
   6.4899998      8.30874487E-05   1.0000000      5.06448484E+14
   65.000000       16.550676       0.0000000       10.199955    
           3
      41.81042     -118.59017
      41.83307     -118.62431
      41.86586     -118.68800
           1           3           1           0    1634 Eugene Mountains fault                       
   6.4800000      8.48382551E-05   1.0000000      4.99565229E+14
   65.000000       16.550676       0.0000000       10.061324    
           4
      40.87107     -118.23421
      40.84826     -118.23402
      40.82095     -118.24409
      40.78168     -118.24660
           1           3           1           0    1652 Indian Hill fault                            
   6.3699999      9.96471499E-05   1.0000000      4.01295639E+14
   65.000000       16.550676       0.0000000       8.0821590    
           6
      39.04941     -119.82870
      39.05893     -119.81972
      39.06379     -119.80175
      39.06334     -119.78711
      39.08346     -119.78989
      39.09487     -119.77839
           1           3           1           0    1116 Black Hills fault                            
   6.3600001      1.77358947E-04   1.0000000      6.90006629E+14
   35.000000       26.151720       0.0000000       8.7949162    
           3
      35.89002     -114.96812
      35.92281     -114.94853
      35.95794     -114.91862
           1           3           1           0    1495a Eastern Pine Forest Range fault zone        
   6.4400001      1.56034541E-04   1.0000000      8.00239246E+14
   35.000000       26.151720       0.0000000       10.199955    
           3
      41.81042     -118.59017
      41.83307     -118.62431
      41.86586     -118.68800
           1           3           1           0    1634 Eugene Mountains fault                       
   6.4299998      1.59322473E-04   1.0000000      7.89362913E+14
   35.000000       26.151720       0.0000000       10.061324    
           4
      40.87107     -118.23421
      40.84826     -118.23402
      40.82095     -118.24409
      40.78168     -118.24660
           1           3           1           0    1652 Indian Hill fault                            
   6.3200002      1.87132100E-04   1.0000000      6.34087161E+14
   35.000000       26.151720       0.0000000       8.0821590    
           6
      39.04941     -119.82870
      39.05893     -119.81972
      39.06379     -119.80175
      39.06334     -119.78711
      39.08346     -119.78989
      39.09487     -119.77839
