0               !Good to go with hazFXnga7c. (B&R - NV -UT 6.5 and smaller, 3 flt dips)
24.6 50. 0.05           Using M=M(SRL) Wells and Co. except special situations 
-125. -100. 0.05		!Some states (CO, ID, WY) have no 6.5-
760 2
1. 200.
3       3 spectral periods. Smaller M,   for extensional faults
0. 1. 0. PGA
0.375 0.210 0.245
0.230 0.225 0.23
0.400 0.360 0.31
../out/brange.3dip.65_14gmm.pga
19
.005 .007 .0098 .0137 .0192 .0269 .0376 .0527 .0738 .103 .145 .203 .284 .397 .556 .778 1.09 1.52 2.13
6
35 0.18 1000.   0.0 0 CY2013
34 0.18 1000.   0.0 0 CB2013
33 0.18 1000.   0.0 0 BSSA2013
36 0.18 1000.   0.0 0 AS2013
37 0.18 1000.   0.0 0 ID2013
38 0.10 1000.   0.0 0 GK2013
0.20 1. 0. PSA
0.375 0.210 0.245
0.230 0.225 0.23
0.400 0.360 0.31
../out/brange.3dip.65_14gmm.5hz
19
.005 .0075 .0113 .0169 .0253 .0380 .0570 .0854 .128 .192 .288 .432 .649 .973 1.46 2.19 3.28 4.92 7.38
6
35 0.18 1000.   0.0 0 CY2013
34 0.18 1000.   0.0 0 CB2013
33 0.18 1000.   0.0 0 BSSA2013
36 0.18 1000.   0.0 0 AS2013
37 0.18 1000.   0.0 0 ID2013
38 0.10 1000.   0.0 0 GK2013
1.00 1. 0. PSA
0.375 0.210 0.245
0.230 0.225 0.23
0.400 0.360 0.31
../out/brange.3dip.65_14gmm.1hz
20
.0025 .00375 .00563 .00844 .0127 .0190 .0285 .0427 .0641 .0961 .144 .216 .324 .487 .730 1.09 1.64 2.46 3.69 5.54
6
35 0.18 1000.   0.0 0 CY2013
34 0.18 1000.   0.0 0 CB2013
33 0.18 1000.   0.0 0 BSSA2013
36 0.18 1000.   0.0 0 AS2013
37 0.18 1000.   0.0 0 ID2013
38 0.10 1000.   0.0 0 GK2013
1.  1.
3
-.2 0. .2 
.2 .6 .2
0.12 5
 1 3 1 1    2005 La Canada del Amagre fault zone              
 6.5 2.4412719E-5 0.6  
 50.0 19.58112 0.0E+0 16.738981
 4
      36.02291     -106.24248
      36.06927     -106.23044
      36.10529     -106.23304
      36.17007     -106.21148
 1 3 1 1    2028 Sawyer Canyon fault                          
 6.15 8.242325E-5 0.6  
 50.0 19.58112 0.0E+0 8.435968
 4
      35.90828     -106.25397
      35.93334     -106.25371
      35.94709     -106.26556
      35.97871     -106.28111
 1 3 1 1    2040 East Paradise fault zone                     
 6.38 2.3289194E-5 0.6  
 50.0 19.58112 0.0E+0 13.187943
 3
      35.26388     -106.67687
      35.21187     -106.68279
      35.14561     -106.68733
 1 3 1 1    1003 Dutchman Draw fault                          
 6.49 1.5530067E-4 0.6  
 50.0 19.58112 0.0E+0 16.45913
 5
      37.00045     -113.34785
      36.98706     -113.36457
      36.95167     -113.42809
      36.93990     -113.46699
      36.91888     -113.50040
 1 3 1 1    903 Acala fault                                   
 6.09 3.2741902E-4 0.6  
 50.0 19.58112 0.0E+0 7.428781
 2
      31.41128     -105.93792
      31.35999     -105.88779
 1 3 1 1    904 Arroyo Diablo fault                           
 6.41 3.0296116E-5 0.6  
 50.0 19.58112 0.0E+0 14.052043
 3
      31.30608     -105.71952
      31.28524     -105.69463
      31.20214     -105.63705
 1 3 1 1    645 Sweetwater fault                              
 6.38 9.6351424E-5 0.6  
 50.0 19.58112 0.0E+0 13.094595
 2
      45.03998     -112.27401
      45.11104     -112.40697
 1 3 1 1    648a Red Rock Hills fault                         
 6.27 4.8975803E-4 0.6  
 50.0 19.58112 0.0E+0 10.7109375
 3
      44.94780     -112.79184
      44.90810     -112.75114
      44.87369     -112.70541
 1 3 1 1    667 Georgia Gulch fault                           
 6.42 7.139801E-5 0.6  
 50.0 19.58112 0.0E+0 14.375392
 5
      45.62600     -112.26736
      45.58350     -112.25424
      45.56096     -112.26035
      45.53778     -112.24751
      45.50023     -112.23933
 1 3 1 1    696 Thompson Valley fault                         
 6.22 2.4480256E-4 0.6  
 50.0 19.58112 0.0E+0 9.572426
 2
      47.76651     -114.97745
      47.68278     -114.94772
 1 3 1 1    698 Jocko fault                                   
 6.47 1.7153856E-4 0.6  
 50.0 19.58112 0.0E+0 15.90625
 4
      47.14806     -113.97359
      47.12532     -113.98302
      47.05615     -114.04546
      47.01833     -114.05363
 1 3 1 1    903 Acala fault                                   
 6.09 4.6502563E-4 0.2 7.119972E+14
 40.0 23.33587 0.0E+0 7.428781
 2
      31.41128     -105.93792
      31.35999     -105.88779
 1 3 1 1    904 Arroyo Diablo fault                           
 6.41 4.3028874E-5 0.2 1.9895778E+14
 40.0 23.33587 0.0E+0 14.052043
 3
      31.30608     -105.71952
      31.28524     -105.69463
      31.20214     -105.63705
 1 3 1 1    2005 La Canada del Amagre fault zone              
 6.5 3.4672815E-5 0.2 2.1877028E+14
 40.0 23.33587 0.0E+0 16.738981
 4
      36.02291     -106.24248
      36.06927     -106.23044
      36.10529     -106.23304
      36.17007     -106.21148
 1 3 1 1    2028 Sawyer Canyon fault                          
 6.15 1.1706383E-4 0.2 2.2050795E+14
 40.0 23.33587 0.0E+0 8.435968
 4
      35.90828     -106.25397
      35.93334     -106.25371
      35.94709     -106.26556
      35.97871     -106.28111
 1 3 1 1    2040 East Paradise fault zone                     
 6.38 3.3077103E-5 0.2 1.3788798E+14
 40.0 23.33587 0.0E+0 13.187943
 3
      35.26388     -106.67687
      35.21187     -106.68279
      35.14561     -106.68733
 1 3 1 1    645 Sweetwater fault                              
 6.38 1.3684569E-4 0.2 5.704664E+14
 40.0 23.33587 0.0E+0 13.094595
 2
      45.03998     -112.27401
      45.11104     -112.40697
 1 3 1 1    648a Red Rock Hills fault                         
 6.27 6.955919E-4 0.2 1.9831449E+15
 40.0 23.33587 0.0E+0 10.7109375
 3
      44.94780     -112.79184
      44.90810     -112.75114
      44.87369     -112.70541
 1 3 1 1    667 Georgia Gulch fault                           
 6.42 1.0140494E-4 0.2 4.8535492E+14
 40.0 23.33587 0.0E+0 14.375392
 5
      45.62600     -112.26736
      45.58350     -112.25424
      45.56096     -112.26035
      45.53778     -112.24751
      45.50023     -112.23933
 1 3 1 1    696 Thompson Valley fault                         
 6.22 3.476874E-4 0.2 8.340461E+14
 40.0 23.33587 0.0E+0 9.572426
 2
      47.76651     -114.97745
      47.68278     -114.94772
 1 3 1 1    698 Jocko fault                                   
 6.47 2.4363224E-4 0.2 1.3859125E+15
 40.0 23.33587 0.0E+0 15.90625
 4
      47.14806     -113.97359
      47.12532     -113.98302
      47.05615     -114.04546
      47.01833     -114.05363
 1 3 1 1    0.23 Dutchman Draw fault                          
 6.49 2.2056996E-4 0.2 1.3444548E+15
 40.0 23.33587 0.0E+0 16.45913
 5
      37.00045     -113.34785
      36.98706     -113.36457
      36.95167     -113.42809
      36.93990     -113.46699
      36.91888     -113.50040
 1 3 1 1    645 Sweetwater fault                              
 6.38 7.538844E-5 0.2 3.1427054E+14
 60.0 17.320515 0.0E+0 13.094595
 2
      45.03998     -112.27401
      45.11104     -112.40697
 1 3 1 1    648a Red Rock Hills fault                         
 6.27 3.832023E-4 0.2 1.0925166E+15
 60.0 17.320515 0.0E+0 10.7109375
 3
      44.94780     -112.79184
      44.90810     -112.75114
      44.87369     -112.70541
 1 3 1 1    667 Georgia Gulch fault                           
 6.42 5.5864085E-5 0.2 2.6738252E+14
 60.0 17.320515 0.0E+0 14.375392
 5
      45.62600     -112.26736
      45.58350     -112.25424
      45.56096     -112.26035
      45.53778     -112.24751
      45.50023     -112.23933
 1 3 1 1    696 Thompson Valley fault                         
 6.22 1.9154136E-4 0.2 4.5947684E+14
 60.0 17.320515 0.0E+0 9.572426
 2
      47.76651     -114.97745
      47.68278     -114.94772
 1 3 1 1    698 Jocko fault                                   
 6.47 1.3421726E-4 0.2 7.635007E+14
 60.0 17.320515 0.0E+0 15.90625
 4
      47.14806     -113.97359
      47.12532     -113.98302
      47.05615     -114.04546
      47.01833     -114.05363
 1 3 1 1     Dutchman Draw fault                          
 6.49 1.215122E-4 0.2 7.406615E+14
 60.0 17.320515 0.0E+0 16.45913
 5
      37.00045     -113.34785
      36.98706     -113.36457
      36.95167     -113.42809
      36.93990     -113.46699
      36.91888     -113.50040
 1 3 1 1    2005 La Canada del Amagre fault zone              
 6.5 1.910129E-5 0.2 1.20520775E+14
 60.0 17.320515 0.0E+0 16.738981
 4
      36.02291     -106.24248
      36.06927     -106.23044
      36.10529     -106.23304
      36.17007     -106.21148
 1 3 1 1    2028 Sawyer Canyon fault                          
 6.15 6.449059E-5 0.2 1.2147806E+14
 60.0 17.320515 0.0E+0 8.435968
 4
      35.90828     -106.25397
      35.93334     -106.25371
      35.94709     -106.26556
      35.97871     -106.28111
 1 3 1 1    2040 East Paradise fault zone                     
 6.38 1.822221E-5 0.2 7.596263E+13
 60.0 17.320515 0.0E+0 13.187943
 3
      35.26388     -106.67687
      35.21187     -106.68279
      35.14561     -106.68733
 1 3 1 1    903 Acala fault                                   
 6.09 2.5618312E-4 0.2 3.9224E+14
 60.0 17.320515 0.0E+0 7.428781
 2
      31.41128     -105.93792
      31.35999     -105.88779
 1 3 1 1    904 Arroyo Diablo fault                           
 6.41 2.3704648E-5 0.2 1.0960603E+14
 60.0 17.320515 0.0E+0 14.052043
 3
      31.30608     -105.71952
      31.28524     -105.69463
      31.20214     -105.63705
