0               !Use with hazFX. Characteristic-M fault file 
24.6 50. 0.05           !site grid. Using M=M(SRL) Wells and Co. except special situations 
-125. -100. 0.05
760.0 2.0          ! Vs30 and depth (km) to 2.5 km/s rock
1. 200.
3       !3 spectral periods.  M<6.5 sources are in a separate file
0. 1. 0. PGA. 
0.375 0.210 0.245
0.230 0.225 0.23
0.400 0.360 0.31
../out/bird_geod.IMWnflts.65.pga
20
.005 .007 .0098 .0137 .0192 .0269 .0376 .0527 .0738 .103 .145 .203 .284 .397 .556 .778 1.09 1.52 2.2 3.3
6
35 0.18 1000.   0.0 0 CY2013
34 0.18 1000.   0.0 0 CB2013
33 0.18 1000.   0.0 0 BSSA2013
36 0.18 1000.   0.0 0 AS2013
37 0.18 1000.   0.0 0 ID2013
38 0.10 1000.   0.0 0 GK2013
0.20 1. 0. PSA
0.375 0.210 0.245
0.230 0.225 0.23
0.400 0.360 0.31
../out/bird_geod.IMWnflts.65.5hz
19
.005 .0075 .0113 .0169 .0253 .0380 .0570 .0854 .128 .192 .288 .432 .649 .973 1.46 2.19 3.28 4.92 7.38
6
35 0.18 1000.   0.0 0 CY2013
34 0.18 1000.   0.0 0 CB2013
33 0.18 1000.   0.0 0 BSSA2013
36 0.18 1000.   0.0 0 AS2013
37 0.18 1000.   0.0 0 ID2013
38 0.10 1000.   0.0 0 GK2013
1.00 1. 0. PSA
0.375 0.210 0.245
0.230 0.225 0.23
0.400 0.360 0.31
../out/bird_geod.IMWnflts.65.1hz
20
.0025 .00375 .00563 .00844 .0127 .0190 .0285 .0427 .0641 .0961 .144 .216 .324 .487 .730 1.09 1.64 2.46 3.69 5.54
6
35 0.18 1000.   0.0 0 CY2013
34 0.18 1000.   0.0 0 CB2013
33 0.18 1000.   0.0 0 BSSA2013
36 0.18 1000.   0.0 0 AS2013
37 0.18 1000.   0.0 0 ID2013
38 0.10 1000.   0.0 0 GK2013
1.  1.
3               !3 branches on Magnitude epistemic variability
-.2 0. .2           ! -dM, 0, + dM epistemic mag variability. Branches have same moment rate
.2 .6 .2          !Weights assigned to epistemic mag variability branches
0.12 5          !M aleatory variability, sigma=0.12, 5 steps on either side of 0, each sigma*0.4
           1           3           1           0    1003 Dutchman Draw fault                          
   6.5000000      2.00038892E-04  0.60000002      1.26215788E+15
   50.000000       19.581120       0.0000000       16.459196    
           5
      37.00043     -113.34864
      36.98705     -113.36535
      36.95165     -113.42887
      36.93988     -113.46777
      36.91886     -113.50119
           1           3           1           0    1003 Dutchman Draw fault                          
   6.5000000      2.00038892E-04  0.20000000      1.06682183E+15
   65.000000       16.550674       0.0000000       16.459196    
           5
      37.00043     -113.34864
      36.98705     -113.36535
      36.95165     -113.42887
      36.93988     -113.46777
      36.91886     -113.50119
           1           3           1           0    1003 Dutchman Draw fault                          
   6.5000000      2.00038892E-04  0.20000000      1.68568501E+15
   35.000000       26.151720       0.0000000       16.459196    
           5
      37.00043     -113.34864
      36.98705     -113.36535
      36.95165     -113.42887
      36.93988     -113.46777
      36.91886     -113.50119
           1           3           1           0    1116 Black Hills fault                            
   6.1999998      5.12148254E-04  0.60000002      1.14655306E+15
   50.000000       19.581120       0.0000000       8.7950878    
           3
      35.89002     -114.96812
      35.92281     -114.94853
      35.95794     -114.91862
           1           3           1           0    1116 Black Hills fault                            
   6.1999998      5.12148254E-04  0.20000000      9.69108435E+14
   65.000000       16.550674       0.0000000       8.7950878    
           3
      35.89002     -114.96812
      35.92281     -114.94853
      35.95794     -114.91862
           1           3           1           0    1116 Black Hills fault                            
   6.1999998      5.12148254E-04  0.20000000      1.53128805E+15
   35.000000       26.151720       0.0000000       8.7950878    
           3
      35.89002     -114.96812
      35.92281     -114.94853
      35.95794     -114.91862
           1           3           1           0    1121 Coyote Spring fault                          
   6.4000001      5.99141582E-04  0.60000002      2.67627653E+15
   50.000000       19.581120       0.0000000       15.173929    
           7
      37.19321     -114.97811
      37.16769     -114.97407
      37.15817     -114.97704
      37.11316     -114.96823
      37.09636     -114.97137
      37.07013     -114.98413
      37.05989     -114.98359
           1           3           1           0    1121 Coyote Spring fault                          
   6.4000001      5.99141582E-04  0.20000000      2.26208653E+15
   65.000000       16.550674       0.0000000       15.173929    
           7
      37.19321     -114.97811
      37.16769     -114.97407
      37.15817     -114.97704
      37.11316     -114.96823
      37.09636     -114.97137
      37.07013     -114.98413
      37.05989     -114.98359
           1           3           1           0    1121 Coyote Spring fault                          
   6.4000001      5.99141582E-04  0.20000000      3.57432225E+15
   35.000000       26.151720       0.0000000       15.173929    
           7
      37.19321     -114.97811
      37.16769     -114.97407
      37.15817     -114.97704
      37.11316     -114.96823
      37.09636     -114.97137
      37.07013     -114.98413
      37.05989     -114.98359
           1           3           1           0    1130 Hiko fault zone                              
   6.5000000      1.87213038E-04  0.60000002      1.18123237E+15
   50.000000       19.581120       0.0000000       15.403884    
           4
      37.67393     -115.18413
      37.64078     -115.21620
      37.56505     -115.24567
      37.54753     -115.24585
           1           3           1           0    1130 Hiko fault zone                              
   6.5000000      1.87213038E-04  0.20000000      9.98420647E+14
   65.000000       16.550674       0.0000000       15.403884    
           4
      37.67393     -115.18413
      37.64078     -115.21620
      37.56505     -115.24567
      37.54753     -115.24585
           1           3           1           0    1130 Hiko fault zone                              
   6.5000000      1.87213038E-04  0.20000000      1.57760430E+15
   35.000000       26.151720       0.0000000       15.403884    
           4
      37.67393     -115.18413
      37.64078     -115.21620
      37.56505     -115.24567
      37.54753     -115.24585
           1           3           1           0    1134 Dunn Glenn fault                             
   6.5000000      4.70073428E-04  0.60000002      2.96595758E+15
   50.000000       19.581120       0.0000000       16.115679    
           7
      40.87323     -117.90430
      40.86191     -117.93629
      40.85382     -117.94608
      40.82148     -117.95371
      40.78860     -117.97303
      40.77081     -117.97456
      40.75105     -117.96692
           1           3           1           0    1134 Dunn Glenn fault                             
   6.5000000      4.70073428E-04  0.20000000      2.50693537E+15
   65.000000       16.550674       0.0000000       16.115679    
           7
      40.87323     -117.90430
      40.86191     -117.93629
      40.85382     -117.94608
      40.82148     -117.95371
      40.78860     -117.97303
      40.77081     -117.97456
      40.75105     -117.96692
           1           3           1           0    1134 Dunn Glenn fault                             
   6.5000000      4.70073428E-04  0.20000000      3.96120807E+15
   35.000000       26.151720       0.0000000       16.115679    
           7
      40.87323     -117.90430
      40.86191     -117.93629
      40.85382     -117.94608
      40.82148     -117.95371
      40.78860     -117.97303
      40.77081     -117.97456
      40.75105     -117.96692
           1           3           1           0    1139 Buffalo Mountain fault                       
   6.5000000      7.24899699E-04  0.60000002      4.57379979E+15
   50.000000       19.581120       0.0000000       18.074158    
           5
      40.68798     -117.42229
      40.73461     -117.33694
      40.76130     -117.30451
      40.77558     -117.26696
      40.78537     -117.25249
           1           3           1           0    1139 Buffalo Mountain fault                       
   6.5000000      7.24899699E-04  0.20000000      3.86594221E+15
   65.000000       16.550674       0.0000000       18.074158    
           5
      40.68798     -117.42229
      40.73461     -117.33694
      40.76130     -117.30451
      40.77558     -117.26696
      40.78537     -117.25249
           1           3           1           0    1139 Buffalo Mountain fault                       
   6.5000000      7.24899699E-04  0.20000000      6.10857468E+15
   35.000000       26.151720       0.0000000       18.074158    
           5
      40.68798     -117.42229
      40.73461     -117.33694
      40.76130     -117.30451
      40.77558     -117.26696
      40.78537     -117.25249
           1           3           1           0    1158 Northern Simpson Park Mountains fault zone   
   6.4000001      1.77514186E-04  0.60000002      7.92929547E+14
   50.000000       19.581120       0.0000000       12.925268    
           6
      40.08805     -116.34679
      40.06218     -116.37248
      40.05688     -116.39323
      40.05967     -116.42369
      40.04861     -116.45065
      40.04331     -116.47598
           1           3           1           0    1158 Northern Simpson Park Mountains fault zone   
   6.4000001      1.77514186E-04  0.20000000      6.70212936E+14
   65.000000       16.550674       0.0000000       12.925268    
           6
      40.08805     -116.34679
      40.06218     -116.37248
      40.05688     -116.39323
      40.05967     -116.42369
      40.04861     -116.45065
      40.04331     -116.47598
           1           3           1           0    1158 Northern Simpson Park Mountains fault zone   
   6.4000001      1.77514186E-04  0.20000000      1.05900338E+15
   35.000000       26.151720       0.0000000       12.925268    
           6
      40.08805     -116.34679
      40.06218     -116.37248
      40.05688     -116.39323
      40.05967     -116.42369
      40.04861     -116.45065
      40.04331     -116.47598
           1           3           1           0    1472 Duck Flat fault                              
   6.5000000      7.32962159E-04  0.60000002      4.62467046E+15
   50.000000       19.581120       0.0000000       16.299490    
           4
      41.14822     -119.94858
      41.11561     -119.94076
      41.03511     -119.94866
      41.00259     -119.94382
           1           3           1           0    1472 Duck Flat fault                              
   6.5000000      7.32962159E-04  0.20000000      3.90893993E+15
   65.000000       16.550674       0.0000000       16.299490    
           4
      41.14822     -119.94858
      41.11561     -119.94076
      41.03511     -119.94866
      41.00259     -119.94382
           1           3           1           0    1472 Duck Flat fault                              
   6.5000000      7.32962159E-04  0.20000000      6.17651516E+15
   35.000000       26.151720       0.0000000       16.299490    
           4
      41.14822     -119.94858
      41.11561     -119.94076
      41.03511     -119.94866
      41.00259     -119.94382
           1           3           1           0    1495a Eastern Pine Forest Range fault zone        
   6.3000002      3.95756302E-04  0.60000002      1.25149133E+15
   50.000000       19.581120       0.0000000       10.200063    
           3
      41.81042     -118.59017
      41.83307     -118.62431
      41.86586     -118.68800
           1           3           1           0    1495a Eastern Pine Forest Range fault zone        
   6.3000002      3.95756302E-04  0.20000000      1.05780602E+15
   65.000000       16.550674       0.0000000       10.200063    
           3
      41.81042     -118.59017
      41.83307     -118.62431
      41.86586     -118.68800
           1           3           1           0    1495a Eastern Pine Forest Range fault zone        
   6.3000002      3.95756302E-04  0.20000000      1.67143914E+15
   35.000000       26.151720       0.0000000       10.200063    
           3
      41.81042     -118.59017
      41.83307     -118.62431
      41.86586     -118.68800
           1           3           1           0    1617 Selenite Range fault zone                    
   6.5000000      5.66248957E-04  0.60000002      3.57278304E+15
   50.000000       19.581120       0.0000000       17.919598    
           6
      40.49833     -119.28949
      40.46024     -119.30270
      40.44829     -119.30180
      40.42152     -119.28868
      40.37992     -119.29739
      40.34084     -119.29839
           1           3           1           0    1617 Selenite Range fault zone                    
   6.5000000      5.66248957E-04  0.20000000      3.01984627E+15
   65.000000       16.550674       0.0000000       17.919598    
           6
      40.49833     -119.28949
      40.46024     -119.30270
      40.44829     -119.30180
      40.42152     -119.28868
      40.37992     -119.29739
      40.34084     -119.29839
           1           3           1           0    1617 Selenite Range fault zone                    
   6.5000000      5.66248957E-04  0.20000000      4.77165874E+15
   35.000000       26.151720       0.0000000       17.919598    
           6
      40.49833     -119.28949
      40.46024     -119.30270
      40.44829     -119.30180
      40.42152     -119.28868
      40.37992     -119.29739
      40.34084     -119.29839
           1           3           1           0    1634 Eugene Mountains fault                       
   6.1999998      8.96055833E-04  0.60000002      2.00601212E+15
   50.000000       19.581120       0.0000000       10.061324    
           4
      40.87107     -118.23421
      40.84826     -118.23402
      40.82095     -118.24409
      40.78168     -118.24660
           1           3           1           0    1634 Eugene Mountains fault                       
   6.1999998      8.96055833E-04  0.20000000      1.69555457E+15
   65.000000       16.550674       0.0000000       10.061324    
           4
      40.87107     -118.23421
      40.84826     -118.23402
      40.82095     -118.24409
      40.78168     -118.24660
           1           3           1           0    1634 Eugene Mountains fault                       
   6.1999998      8.96055833E-04  0.20000000      2.67914530E+15
   35.000000       26.151720       0.0000000       10.061324    
           4
      40.87107     -118.23421
      40.84826     -118.23402
      40.82095     -118.24409
      40.78168     -118.24660
           1           3           1           0    1644 Peavine Peak fault zone                      
   6.4000001      1.93723675E-03  0.60000002      8.65334925E+15
   50.000000       19.581120       0.0000000       12.679121    
           7
      39.58701     -119.91092
      39.59420     -119.91056
      39.60579     -119.91846
      39.62573     -119.94335
      39.63319     -119.96375
      39.63238     -119.97444
      39.66849     -119.99798
           1           3           1           0    1644 Peavine Peak fault zone                      
   6.4000001      1.93723675E-03  0.20000000      7.31412583E+15
   65.000000       16.550674       0.0000000       12.679121    
           7
      39.58701     -119.91092
      39.59420     -119.91056
      39.60579     -119.91846
      39.62573     -119.94335
      39.63319     -119.96375
      39.63238     -119.97444
      39.66849     -119.99798
           1           3           1           0    1644 Peavine Peak fault zone                      
   6.4000001      1.93723675E-03  0.20000000      1.15570494E+16
   35.000000       26.151720       0.0000000       12.679121    
           7
      39.58701     -119.91092
      39.59420     -119.91056
      39.60579     -119.91846
      39.62573     -119.94335
      39.63319     -119.96375
      39.63238     -119.97444
      39.66849     -119.99798
           1           3           1           0    1648 Little Valley fault                          
   6.5000000      1.03496318E-03  0.60000002      6.53016491E+15
   50.000000       19.581120       0.0000000       18.118458    
           7
      39.19728     -119.87901
      39.21157     -119.88593
      39.23142     -119.88396
      39.24778     -119.89088
      39.30366     -119.85799
      39.33195     -119.86105
      39.35163     -119.86959
           1           3           1           0    1648 Little Valley fault                          
   6.5000000      1.03496318E-03  0.20000000      5.51953334E+15
   65.000000       16.550674       0.0000000       18.118458    
           7
      39.19728     -119.87901
      39.21157     -119.88593
      39.23142     -119.88396
      39.24778     -119.89088
      39.30366     -119.85799
      39.33195     -119.86105
      39.35163     -119.86959
           1           3           1           0    1648 Little Valley fault                          
   6.5000000      1.03496318E-03  0.20000000      8.72141374E+15
   35.000000       26.151720       0.0000000       18.118458    
           7
      39.19728     -119.87901
      39.21157     -119.88593
      39.23142     -119.88396
      39.24778     -119.89088
      39.30366     -119.85799
      39.33195     -119.86105
      39.35163     -119.86959
           1           3           1           0    1652 Indian Hill fault                            
   6.0999999      3.12831107E-04  0.60000002      4.95804784E+14
   50.000000       19.581120       0.0000000       8.0819416    
           6
      39.04941     -119.82870
      39.05893     -119.81972
      39.06379     -119.80175
      39.06334     -119.78711
      39.08346     -119.78989
      39.09487     -119.77839
           1           3           1           0    1652 Indian Hill fault                            
   6.0999999      3.12831107E-04  0.20000000      4.19072274E+14
   65.000000       16.550674       0.0000000       8.0819416    
           6
      39.04941     -119.82870
      39.05893     -119.81972
      39.06379     -119.80175
      39.06334     -119.78711
      39.08346     -119.78989
      39.09487     -119.77839
           1           3           1           0    1652 Indian Hill fault                            
   6.0999999      3.12831107E-04  0.20000000      6.62176046E+14
   35.000000       26.151720       0.0000000       8.0819416    
           6
      39.04941     -119.82870
      39.05893     -119.81972
      39.06379     -119.80175
      39.06334     -119.78711
      39.08346     -119.78989
      39.09487     -119.77839
           1           3           1           0    1653 Carson City fault                            
   6.5000000      9.06912086E-04  0.60000002      5.72221821E+15
   50.000000       19.581120       0.0000000       16.221891    
           6
      39.06522     -119.81882
      39.11401     -119.79124
      39.12155     -119.77731
      39.16917     -119.76941
      39.17213     -119.76042
      39.19342     -119.74659
           1           3           1           0    1653 Carson City fault                            
   6.5000000      9.06912086E-04  0.20000000      4.83662710E+15
   65.000000       16.550674       0.0000000       16.221891    
           6
      39.06522     -119.81882
      39.11401     -119.79124
      39.12155     -119.77731
      39.16917     -119.76941
      39.17213     -119.76042
      39.19342     -119.74659
           1           3           1           0    1653 Carson City fault                            
   6.5000000      9.06912086E-04  0.20000000      7.64235421E+15
   35.000000       26.151720       0.0000000       16.221891    
           6
      39.06522     -119.81882
      39.11401     -119.79124
      39.12155     -119.77731
      39.16917     -119.76941
      39.17213     -119.76042
      39.19342     -119.74659
           1           3           1           0    1711 Northern Butte Valley fault                  
   6.5000000      2.01381437E-04  0.60000002      1.27062876E+15
   50.000000       19.581120       0.0000000       16.569660    
           6
      40.36567     -114.94562
      40.30943     -114.96493
      40.29703     -114.97562
      40.28391     -114.97482
      40.25723     -114.98532
      40.23145     -115.01641
           1           3           1           0    1711 Northern Butte Valley fault                  
   6.5000000      2.01381437E-04  0.20000000      1.07398174E+15
   65.000000       16.550674       0.0000000       16.569660    
           6
      40.36567     -114.94562
      40.30943     -114.96493
      40.29703     -114.97562
      40.28391     -114.97482
      40.25723     -114.98532
      40.23145     -115.01641
           1           3           1           0    1711 Northern Butte Valley fault                  
   6.5000000      2.01381437E-04  0.20000000      1.69699835E+15
   35.000000       26.151720       0.0000000       16.569660    
           6
      40.36567     -114.94562
      40.30943     -114.96493
      40.29703     -114.97562
      40.28391     -114.97482
      40.25723     -114.98532
      40.23145     -115.01641
           1           3           1           0    1733 Eglington fault                              
   6.3000002      4.26677580E-04  0.60000002      1.34927297E+15
   50.000000       19.581120       0.0000000       10.997014    
           6
      36.23076     -115.22067
      36.24720     -115.21735
      36.26185     -115.20738
      36.26661     -115.18806
      36.28952     -115.15536
      36.30291     -115.14907
           1           3           1           0    1733 Eglington fault                              
   6.3000002      4.26677580E-04  0.20000000      1.14045461E+15
   65.000000       16.550674       0.0000000       10.997014    
           6
      36.23076     -115.22067
      36.24720     -115.21735
      36.26185     -115.20738
      36.26661     -115.18806
      36.28952     -115.15536
      36.30291     -115.14907
           1           3           1           0    1733 Eglington fault                              
   6.3000002      4.26677580E-04  0.20000000      1.80203218E+15
   35.000000       26.151720       0.0000000       10.997014    
           6
      36.23076     -115.22067
      36.24720     -115.21735
      36.26185     -115.20738
      36.26661     -115.18806
      36.28952     -115.15536
      36.30291     -115.14907
           1           3           1           0    1738 Mount Irish Range fault                      
   6.3000002      1.14393551E-04  0.60000002      3.61744157E+14
   50.000000       19.581120       0.0000000       11.793331    
           4
      37.62883     -115.43029
      37.58553     -115.44511
      37.56388     -115.45958
      37.52740     -115.45455
           1           3           1           0    1738 Mount Irish Range fault                      
   6.3000002      1.14393551E-04  0.20000000      3.05759326E+14
   65.000000       16.550674       0.0000000       11.793331    
           4
      37.62883     -115.43029
      37.58553     -115.44511
      37.56388     -115.45958
      37.52740     -115.45455
           1           3           1           0    1738 Mount Irish Range fault                      
   6.3000002      1.14393551E-04  0.20000000      4.83130268E+14
   35.000000       26.151720       0.0000000       11.793331    
           4
      37.62883     -115.43029
      37.58553     -115.44511
      37.56388     -115.45958
      37.52740     -115.45455
           1           3           1           0    2005 La Canada del Amagre fault zone              
   6.5000000      1.62749493E-04  0.60000002      1.02687803E+15
   50.000000       19.581120       0.0000000       16.738781    
           4
      36.02293     -106.24306
      36.06929     -106.23102
      36.10531     -106.23363
      36.17009     -106.21206
           1           3           1           0    2005 La Canada del Amagre fault zone              
   6.5000000      1.62749493E-04  0.20000000      8.67954707E+14
   65.000000       16.550674       0.0000000       16.738781    
           4
      36.02293     -106.24306
      36.06929     -106.23102
      36.10531     -106.23363
      36.17009     -106.21206
           1           3           1           0    2005 La Canada del Amagre fault zone              
   6.5000000      1.62749493E-04  0.20000000      1.37145513E+15
   35.000000       26.151720       0.0000000       16.738781    
           4
      36.02293     -106.24306
      36.06929     -106.23102
      36.10531     -106.23363
      36.17009     -106.21206
           1           3           1           0    2006 Black Mesa fault zone                        
   6.5000000      3.72252718E-04  0.60000002      2.34875172E+15
   50.000000       19.581120       0.0000000       18.017027    
           5
      36.21968     -105.96356
      36.20530     -106.01262
      36.19192     -106.02681
      36.17386     -106.06203
      36.12463     -106.12123
           1           3           1           0    2006 Black Mesa fault zone                        
   6.5000000      3.72252718E-04  0.20000000      1.98525052E+15
   65.000000       16.550674       0.0000000       18.017027    
           5
      36.21968     -105.96356
      36.20530     -106.01262
      36.19192     -106.02681
      36.17386     -106.06203
      36.12463     -106.12123
           1           3           1           0    2006 Black Mesa fault zone                        
   6.5000000      3.72252718E-04  0.20000000      3.13689406E+15
   35.000000       26.151720       0.0000000       18.017027    
           5
      36.21968     -105.96356
      36.20530     -106.01262
      36.19192     -106.02681
      36.17386     -106.06203
      36.12463     -106.12123
           1           3           1           0    2028 Sawyer Canyon fault                          
   6.1999998      1.15583840E-04  0.60000002      2.58759079E+14
   50.000000       19.581120       0.0000000       8.4358835    
           4
      35.90830     -106.25455
      35.93336     -106.25429
      35.94711     -106.26614
      35.97873     -106.28169
           1           3           1           0    2028 Sawyer Canyon fault                          
   6.1999998      1.15583840E-04  0.20000000      2.18712603E+14
   65.000000       16.550674       0.0000000       8.4358835    
           4
      35.90830     -106.25455
      35.93336     -106.25429
      35.94711     -106.26614
      35.97873     -106.28169
           1           3           1           0    2028 Sawyer Canyon fault                          
   6.1999998      1.15583840E-04  0.20000000      3.45587732E+14
   35.000000       26.151720       0.0000000       8.4358835    
           4
      35.90830     -106.25455
      35.93336     -106.25429
      35.94711     -106.26614
      35.97873     -106.28169
           1           3           1           0    2040 East Paradise fault zone                     
   6.4000001      2.26315569E-05  0.60000002      1.01091811E+14
   50.000000       19.581120       0.0000000       13.182899    
           3
      35.26396     -106.67746
      35.21196     -106.68338
      35.14574     -106.68790
           1           3           1           0    2040 East Paradise fault zone                     
   6.4000001      2.26315569E-05  0.20000000      8.54464785E+13
   65.000000       16.550674       0.0000000       13.182899    
           3
      35.26396     -106.67746
      35.21196     -106.68338
      35.14574     -106.68790
           1           3           1           0    2040 East Paradise fault zone                     
   6.4000001      2.26315569E-05  0.20000000      1.35013975E+14
   35.000000       26.151720       0.0000000       13.182899    
           3
      35.26396     -106.67746
      35.21196     -106.68338
      35.14574     -106.68790
           1           3           1           0    2301 Williams Fork Mountains fault                
   6.5000000      4.87720390E-04  0.60000002      3.07730219E+15
   50.000000       19.581120       0.0000000       18.240738    
          10
      39.85429     -106.15417
      39.87194     -106.17147
      39.89015     -106.19318
      39.91348     -106.21765
      39.93200     -106.23174
      39.95053     -106.24817
      39.96112     -106.26205
      39.96959     -106.27196
      39.97686     -106.28490
      39.97749     -106.29109
           1           3           1           0    2301 Williams Fork Mountains fault                
   6.5000000      4.87720390E-04  0.20000000      2.60104776E+15
   65.000000       16.550674       0.0000000       18.240738    
          10
      39.85429     -106.15417
      39.87194     -106.17147
      39.89015     -106.19318
      39.91348     -106.21765
      39.93200     -106.23174
      39.95053     -106.24817
      39.96112     -106.26205
      39.96959     -106.27196
      39.97686     -106.28490
      39.97749     -106.29109
           1           3           1           0    2301 Williams Fork Mountains fault                
   6.5000000      4.87720390E-04  0.20000000      4.10991541E+15
   35.000000       26.151720       0.0000000       18.240738    
          10
      39.85429     -106.15417
      39.87194     -106.17147
      39.89015     -106.19318
      39.91348     -106.21765
      39.93200     -106.23174
      39.95053     -106.24817
      39.96112     -106.26205
      39.96959     -106.27196
      39.97686     -106.28490
      39.97749     -106.29109
           1           3           1           0    2353abc Morgan fault                              
   6.5000000      6.32124793E-05  0.60000002      3.98843078E+14
   50.000000       19.581120       0.0000000       17.337070    
           5
      41.15141     -111.72289
      41.10667     -111.70673
      41.07658     -111.67223
      41.02726     -111.66872
      41.00956     -111.65533
           1           3           1           0    2353abc Morgan fault                              
   6.5000000      6.32124793E-05  0.20000000      3.37116681E+14
   65.000000       16.550674       0.0000000       17.337070    
           5
      41.15141     -111.72289
      41.10667     -111.70673
      41.07658     -111.67223
      41.02726     -111.66872
      41.00956     -111.65533
           1           3           1           0    2353abc Morgan fault                              
   6.5000000      6.32124793E-05  0.20000000      5.32678051E+14
   35.000000       26.151720       0.0000000       17.337070    
           5
      41.15141     -111.72289
      41.10667     -111.70673
      41.07658     -111.67223
      41.02726     -111.66872
      41.00956     -111.65533
           1           3           1           0    2386 West Valley fault                            
   6.5000000      6.28531852E-04  0.60000002      3.96576074E+15
   50.000000       19.581120       0.0000000       16.682446    
           8
      40.65803     -111.95078
      40.67005     -111.95377
      40.68806     -111.95878
      40.70002     -111.96677
      40.71705     -111.97276
      40.73408     -111.98875
      40.74506     -111.98875
      40.79707     -112.01780
           1           3           1           0    2386 West Valley fault                            
   6.5000000      6.28531852E-04  0.20000000      3.35200535E+15
   65.000000       16.550674       0.0000000       16.682446    
           8
      40.65803     -111.95078
      40.67005     -111.95377
      40.68806     -111.95878
      40.70002     -111.96677
      40.71705     -111.97276
      40.73408     -111.98875
      40.74506     -111.98875
      40.79707     -112.01780
           1           3           1           0    2386 West Valley fault                            
   6.5000000      6.28531852E-04  0.20000000      5.29650320E+15
   35.000000       26.151720       0.0000000       16.682446    
           8
      40.65803     -111.95078
      40.67005     -111.95377
      40.68806     -111.95878
      40.70002     -111.96677
      40.71705     -111.97276
      40.73408     -111.98875
      40.74506     -111.98875
      40.79707     -112.01780
           1           3           1           0    645 Sweetwater fault                              
   6.4000001      2.24807169E-04  0.60000002      1.00418027E+15
   50.000000       19.581120       0.0000000       13.095034    
           2
      45.03990     -112.27483
      45.11096     -112.40781
           1           3           1           0    645 Sweetwater fault                              
   6.4000001      2.24807169E-04  0.20000000      8.48769759E+14
   65.000000       16.550674       0.0000000       13.095034    
           2
      45.03990     -112.27483
      45.11096     -112.40781
           1           3           1           0    645 Sweetwater fault                              
   6.4000001      2.24807169E-04  0.20000000      1.34114098E+15
   35.000000       26.151720       0.0000000       13.095034    
           2
      45.03990     -112.27483
      45.11096     -112.40781
           1           3           1           0    648a Red Rock Hills fault                         
   6.3000002      4.67533653E-04  0.60000002      1.47847122E+15
   50.000000       19.581120       0.0000000       10.711130    
           3
      44.94772     -112.79269
      44.90801     -112.75200
      44.87360     -112.70627
           1           3           1           0    648a Red Rock Hills fault                         
   6.3000002      4.67533653E-04  0.20000000      1.24965778E+15
   65.000000       16.550674       0.0000000       10.711130    
           3
      44.94772     -112.79269
      44.90801     -112.75200
      44.87360     -112.70627
           1           3           1           0    648a Red Rock Hills fault                         
   6.3000002      4.67533653E-04  0.20000000      1.97458397E+15
   35.000000       26.151720       0.0000000       10.711130    
           3
      44.94772     -112.79269
      44.90801     -112.75200
      44.87360     -112.70627
           1           3           1           0    667 Georgia Gulch fault                           
   6.4000001      8.88499897E-04  0.60000002      3.96879728E+15
   50.000000       19.581120       0.0000000       14.376439    
           5
      45.62593     -112.26820
      45.58343     -112.25507
      45.56088     -112.26118
      45.53770     -112.24834
      45.50015     -112.24016
           1           3           1           0    667 Georgia Gulch fault                           
   6.4000001      8.88499897E-04  0.20000000      3.35457213E+15
   65.000000       16.550674       0.0000000       14.376439    
           5
      45.62593     -112.26820
      45.58343     -112.25507
      45.56088     -112.26118
      45.53770     -112.24834
      45.50015     -112.24016
           1           3           1           0    667 Georgia Gulch fault                           
   6.4000001      8.88499897E-04  0.20000000      5.30055873E+15
   35.000000       26.151720       0.0000000       14.376439    
           5
      45.62593     -112.26820
      45.58343     -112.25507
      45.56088     -112.26118
      45.53770     -112.24834
      45.50015     -112.24016
           1           3           1           0    696 Thompson Valley fault                         
   6.1999998      2.29537793E-04  0.60000002      5.13869315E+14
   50.000000       19.581120       0.0000000       9.5730333    
           2
      47.76645     -114.97842
      47.68272     -114.94868
           1           3           1           0    696 Thompson Valley fault                         
   6.1999998      2.29537793E-04  0.20000000      4.34341050E+14
   65.000000       16.550674       0.0000000       9.5730333    
           2
      47.76645     -114.97842
      47.68272     -114.94868
           1           3           1           0    696 Thompson Valley fault                         
   6.1999998      2.29537793E-04  0.20000000      6.86302219E+14
   35.000000       26.151720       0.0000000       9.5730333    
           2
      47.76645     -114.97842
      47.68272     -114.94868
           1           3           1           0    698 Jocko fault                                   
   6.5000000      4.25336213E-04  0.60000002      2.68368535E+15
   50.000000       19.581120       0.0000000       15.907570    
           4
      47.14798     -113.97453
      47.12525     -113.98396
      47.05608     -114.04640
      47.01825     -114.05458
           1           3           1           0    698 Jocko fault                                   
   6.5000000      4.25336213E-04  0.20000000      2.26834859E+15
   65.000000       16.550674       0.0000000       15.907570    
           4
      47.14798     -113.97453
      47.12525     -113.98396
      47.05608     -114.04640
      47.01825     -114.05458
           1           3           1           0    698 Jocko fault                                   
   6.5000000      4.25336213E-04  0.20000000      3.58421732E+15
   35.000000       26.151720       0.0000000       15.907570    
           4
      47.14798     -113.97453
      47.12525     -113.98396
      47.05608     -114.04640
      47.01825     -114.05458
           1           3           1           0    761 Upper Yellowstone Valley faults               
   6.5000000      1.20563107E-03  0.60000002      7.60700448E+15
   50.000000       19.581120       0.0000000       18.036234    
           6
      44.08817     -110.12274
      44.16965     -110.12994
      44.18052     -110.13029
      44.19436     -110.12347
      44.23101     -110.13065
      44.24898     -110.12939
           1           3           1           0    761 Upper Yellowstone Valley faults               
   6.5000000      1.20563107E-03  0.20000000      6.42971744E+15
   65.000000       16.550674       0.0000000       18.036234    
           6
      44.08817     -110.12274
      44.16965     -110.12994
      44.18052     -110.13029
      44.19436     -110.12347
      44.23101     -110.13065
      44.24898     -110.12939
           1           3           1           0    761 Upper Yellowstone Valley faults               
   6.5000000      1.20563107E-03  0.20000000      1.01595948E+16
   35.000000       26.151720       0.0000000       18.036234    
           6
      44.08817     -110.12274
      44.16965     -110.12994
      44.18052     -110.13029
      44.19436     -110.12347
      44.23101     -110.13065
      44.24898     -110.12939
           1           3           1           0    NV3 Petersen Mountain fault 2                     
   6.5000000      9.30852024E-04  0.60000002      5.87326899E+15
   50.000000       19.581120       0.0000000       16.295847    
           7
      39.75671     -119.93042
      39.77387     -119.94228
      39.78654     -119.94138
      39.80415     -119.93095
      39.82769     -119.93787
      39.88626     -119.94470
      39.89803     -119.94075
           1           3           1           0    NV3 Petersen Mountain fault 2                     
   6.5000000      9.30852024E-04  0.20000000      4.96430090E+15
   65.000000       16.550674       0.0000000       16.295847    
           7
      39.75671     -119.93042
      39.77387     -119.94228
      39.78654     -119.94138
      39.80415     -119.93095
      39.82769     -119.93787
      39.88626     -119.94470
      39.89803     -119.94075
           1           3           1           0    NV3 Petersen Mountain fault 2                     
   6.5000000      9.30852024E-04  0.20000000      7.84409097E+15
   35.000000       26.151720       0.0000000       16.295847    
           7
      39.75671     -119.93042
      39.77387     -119.94228
      39.78654     -119.94138
      39.80415     -119.93095
      39.82769     -119.93787
      39.88626     -119.94470
      39.89803     -119.94075
