0               !Use with hazFX. Characteristic-M fault file 
24.6 50. 0.05           !site grid. Using M=M(SRL) Wells and Co. except special situations 
-125. -100. 0.05
760.0 2.0          ! Vs30 and depth (km) to 2.5 km/s rock
1.0 200.
3       !3 spectral periods.  M<6.5 sources are in a separate file
0. 1. 0. PGA. 
0.370 0.220 0.220
0.250 0.230 0.230
0.400 0.360 0.330
../out/IMWnflts.zeng.65.pga
20
.005 .007 .0098 .0137 .0192 .0269 .0376 .0527 .0738 .103 .145 .203 .284 .397 .556 .778 1.09 1.52 2.2 3.3
6
35 0.18 1000.   0.0 0 CY2013
34 0.18 1000.   0.0 0 CB2013
33 0.18 1000.   0.0 0 BSSA2013
36 0.18 1000.   0.0 0 AS2013
37 0.18 1000.   0.0 0 ID2013
38 0.10 1000.   0.0 0 GK2013
0.20 1. 0. PSA
0.370 0.220 0.220
0.250 0.230 0.230
0.400 0.360 0.330
../out/IMWnflts.zeng.65.5hz
19
.005 .0075 .0113 .0169 .0253 .0380 .0570 .0854 .128 .192 .288 .432 .649 .973 1.46 2.19 3.28 4.92 7.38
6
35 0.18 1000.   0.0 0 CY2013
34 0.18 1000.   0.0 0 CB2013
33 0.18 1000.   0.0 0 BSSA2013
36 0.18 1000.   0.0 0 AS2013
37 0.18 1000.   0.0 0 ID2013
38 0.10 1000.   0.0 0 GK2013
1.00 1. 0. PSA
0.370 0.220 0.220
0.250 0.230 0.230
0.400 0.360 0.330
../out/IMWnflts.zeng.65.1hz
20
.0025 .00375 .00563 .00844 .0127 .0190 .0285 .0427 .0641 .0961 .144 .216 .324 .487 .730 1.09 1.64 2.46 3.69 5.54
6
35 0.18 1000.   0.0 0 CY2013
34 0.18 1000.   0.0 0 CB2013
33 0.18 1000.   0.0 0 BSSA2013
36 0.18 1000.   0.0 0 AS2013
37 0.18 1000.   0.0 0 ID2013
38 0.10 1000.   0.0 0 GK2013
1.  1.
3               !3 branches on Magnitude epistemic variability
-.2 0. .2           ! -dM, 0, + dM epistemic mag variability. Branches have same moment rate
.2 .6 .2          !Weights assigned to epistemic mag variability branches
0.12 5          !M aleatory variability, sigma=0.12, 5 steps on either side of 0, each sigma*0.4
           1           3           1           0    1003 Dutchman Draw fault                          
   6.5000000      2.60050525E-04  0.60000002      1.64080501E+15
   50.000000       19.581120       0.0000000       16.459196    
           5
      37.00043     -113.34864
      36.98705     -113.36535
      36.95165     -113.42887
      36.93988     -113.46777
      36.91886     -113.50119
           1           3           1           0    1003 Dutchman Draw fault                          
   6.5000000      2.60050525E-04  0.20000000      1.38686816E+15
   65.000000       16.550674       0.0000000       16.459196    
           5
      37.00043     -113.34864
      36.98705     -113.36535
      36.95165     -113.42887
      36.93988     -113.46777
      36.91886     -113.50119
           1           3           1           0    1003 Dutchman Draw fault                          
   6.5000000      2.60050525E-04  0.20000000      2.19139016E+15
   35.000000       26.151720       0.0000000       16.459196    
           5
      37.00043     -113.34864
      36.98705     -113.36535
      36.95165     -113.42887
      36.93988     -113.46777
      36.91886     -113.50119
           1           3           1           0    1116 Black Hills fault                            
   6.1999998      3.31390038E-04  0.60000002      7.41887284E+14
   50.000000       19.581120       0.0000000       8.7950878    
           3
      35.89002     -114.96812
      35.92281     -114.94853
      35.95794     -114.91862
           1           3           1           0    1116 Black Hills fault                            
   6.1999998      3.31390038E-04  0.20000000      6.27070124E+14
   65.000000       16.550674       0.0000000       8.7950878    
           3
      35.89002     -114.96812
      35.92281     -114.94853
      35.95794     -114.91862
           1           3           1           0    1116 Black Hills fault                            
   6.1999998      3.31390038E-04  0.20000000      9.90833453E+14
   35.000000       26.151720       0.0000000       8.7950878    
           3
      35.89002     -114.96812
      35.92281     -114.94853
      35.95794     -114.91862
           1           3           1           0    1121 Coyote Spring fault                          
   6.4000001      2.60496308E-05  0.60000002      1.16359841E+14
   50.000000       19.581120       0.0000000       15.173929    
           7
      37.19321     -114.97811
      37.16769     -114.97407
      37.15817     -114.97704
      37.11316     -114.96823
      37.09636     -114.97137
      37.07013     -114.98413
      37.05989     -114.98359
           1           3           1           0    1121 Coyote Spring fault                          
   6.4000001      2.60496308E-05  0.20000000      9.83515718E+13
   65.000000       16.550674       0.0000000       15.173929    
           7
      37.19321     -114.97811
      37.16769     -114.97407
      37.15817     -114.97704
      37.11316     -114.96823
      37.09636     -114.97137
      37.07013     -114.98413
      37.05989     -114.98359
           1           3           1           0    1121 Coyote Spring fault                          
   6.4000001      2.60496308E-05  0.20000000      1.55405305E+14
   35.000000       26.151720       0.0000000       15.173929    
           7
      37.19321     -114.97811
      37.16769     -114.97407
      37.15817     -114.97704
      37.11316     -114.96823
      37.09636     -114.97137
      37.07013     -114.98413
      37.05989     -114.98359
           1           3           1           0    1130 Hiko fault zone                              
   6.5000000      1.87213009E-05  0.60000002      1.18123219E+14
   50.000000       19.581120       0.0000000       15.403884    
           4
      37.67393     -115.18413
      37.64078     -115.21620
      37.56505     -115.24567
      37.54753     -115.24585
           1           3           1           0    1130 Hiko fault zone                              
   6.5000000      1.87213009E-05  0.20000000      9.98420429E+13
   65.000000       16.550674       0.0000000       15.403884    
           4
      37.67393     -115.18413
      37.64078     -115.21620
      37.56505     -115.24567
      37.54753     -115.24585
           1           3           1           0    1130 Hiko fault zone                              
   6.5000000      1.87213009E-05  0.20000000      1.57760407E+14
   35.000000       26.151720       0.0000000       15.403884    
           4
      37.67393     -115.18413
      37.64078     -115.21620
      37.56505     -115.24567
      37.54753     -115.24585
           1           3           1           0    1134 Dunn Glenn fault                             
   6.5000000      2.54623097E-04  0.60000002      1.60656030E+15
   50.000000       19.581120       0.0000000       16.115679    
           7
      40.87323     -117.90430
      40.86191     -117.93629
      40.85382     -117.94608
      40.82148     -117.95371
      40.78860     -117.97303
      40.77081     -117.97456
      40.75105     -117.96692
           1           3           1           0    1134 Dunn Glenn fault                             
   6.5000000      2.54623097E-04  0.20000000      1.35792330E+15
   65.000000       16.550674       0.0000000       16.115679    
           7
      40.87323     -117.90430
      40.86191     -117.93629
      40.85382     -117.94608
      40.82148     -117.95371
      40.78860     -117.97303
      40.77081     -117.97456
      40.75105     -117.96692
           1           3           1           0    1134 Dunn Glenn fault                             
   6.5000000      2.54623097E-04  0.20000000      2.14565439E+15
   35.000000       26.151720       0.0000000       16.115679    
           7
      40.87323     -117.90430
      40.86191     -117.93629
      40.85382     -117.94608
      40.82148     -117.95371
      40.78860     -117.97303
      40.77081     -117.97456
      40.75105     -117.96692
           1           3           1           0    1139 Buffalo Mountain fault                       
   6.5000000      3.73433111E-04  0.60000002      2.35619946E+15
   50.000000       19.581120       0.0000000       18.074158    
           5
      40.68798     -117.42229
      40.73461     -117.33694
      40.76130     -117.30451
      40.77558     -117.26696
      40.78537     -117.25249
           1           3           1           0    1139 Buffalo Mountain fault                       
   6.5000000      3.73433111E-04  0.20000000      1.99154560E+15
   65.000000       16.550674       0.0000000       18.074158    
           5
      40.68798     -117.42229
      40.73461     -117.33694
      40.76130     -117.30451
      40.77558     -117.26696
      40.78537     -117.25249
           1           3           1           0    1139 Buffalo Mountain fault                       
   6.5000000      3.73433111E-04  0.20000000      3.14684093E+15
   35.000000       26.151720       0.0000000       18.074158    
           5
      40.68798     -117.42229
      40.73461     -117.33694
      40.76130     -117.30451
      40.77558     -117.26696
      40.78537     -117.25249
           1           3           1           0    1158 Northern Simpson Park Mountains fault zone   
   6.4000001      3.77217657E-04  0.60000002      1.68497540E+15
   50.000000       19.581120       0.0000000       12.925268    
           6
      40.08805     -116.34679
      40.06218     -116.37248
      40.05688     -116.39323
      40.05967     -116.42369
      40.04861     -116.45065
      40.04331     -116.47598
           1           3           1           0    1158 Northern Simpson Park Mountains fault zone   
   6.4000001      3.77217657E-04  0.20000000      1.42420257E+15
   65.000000       16.550674       0.0000000       12.925268    
           6
      40.08805     -116.34679
      40.06218     -116.37248
      40.05688     -116.39323
      40.05967     -116.42369
      40.04861     -116.45065
      40.04331     -116.47598
           1           3           1           0    1158 Northern Simpson Park Mountains fault zone   
   6.4000001      3.77217657E-04  0.20000000      2.25038221E+15
   35.000000       26.151720       0.0000000       12.925268    
           6
      40.08805     -116.34679
      40.06218     -116.37248
      40.05688     -116.39323
      40.05967     -116.42369
      40.04861     -116.45065
      40.04331     -116.47598
           1           3           1           0    1472 Duck Flat fault                              
   6.5000000      3.76386015E-04  0.60000002      2.37483103E+15
   50.000000       19.581120       0.0000000       16.299490    
           4
      41.14822     -119.94858
      41.11561     -119.94076
      41.03511     -119.94866
      41.00259     -119.94382
           1           3           1           0    1472 Duck Flat fault                              
   6.5000000      3.76386015E-04  0.20000000      2.00729363E+15
   65.000000       16.550674       0.0000000       16.299490    
           4
      41.14822     -119.94858
      41.11561     -119.94076
      41.03511     -119.94866
      41.00259     -119.94382
           1           3           1           0    1472 Duck Flat fault                              
   6.5000000      3.76386015E-04  0.20000000      3.17172436E+15
   35.000000       26.151720       0.0000000       16.299490    
           4
      41.14822     -119.94858
      41.11561     -119.94076
      41.03511     -119.94866
      41.00259     -119.94382
           1           3           1           0    1495a Eastern Pine Forest Range fault zone        
   6.3000002      3.71021597E-04  0.60000002      1.17327326E+15
   50.000000       19.581120       0.0000000       10.200063    
           3
      41.81042     -118.59017
      41.83307     -118.62431
      41.86586     -118.68800
           1           3           1           0    1495a Eastern Pine Forest Range fault zone        
   6.3000002      3.71021597E-04  0.20000000      9.91693319E+14
   65.000000       16.550674       0.0000000       10.200063    
           3
      41.81042     -118.59017
      41.83307     -118.62431
      41.86586     -118.68800
           1           3           1           0    1495a Eastern Pine Forest Range fault zone        
   6.3000002      3.71021597E-04  0.20000000      1.56697439E+15
   35.000000       26.151720       0.0000000       10.200063    
           3
      41.81042     -118.59017
      41.83307     -118.62431
      41.86586     -118.68800
           1           3           1           0    1617 Selenite Range fault zone                    
   6.5000000      3.70239693E-04  0.60000002      2.33605043E+15
   50.000000       19.581120       0.0000000       17.919598    
           6
      40.49833     -119.28949
      40.46024     -119.30270
      40.44829     -119.30180
      40.42152     -119.28868
      40.37992     -119.29739
      40.34084     -119.29839
           1           3           1           0    1617 Selenite Range fault zone                    
   6.5000000      3.70239693E-04  0.20000000      1.97451485E+15
   65.000000       16.550674       0.0000000       17.919598    
           6
      40.49833     -119.28949
      40.46024     -119.30270
      40.44829     -119.30180
      40.42152     -119.28868
      40.37992     -119.29739
      40.34084     -119.29839
           1           3           1           0    1617 Selenite Range fault zone                    
   6.5000000      3.70239693E-04  0.20000000      3.11993082E+15
   35.000000       26.151720       0.0000000       17.919598    
           6
      40.49833     -119.28949
      40.46024     -119.30270
      40.44829     -119.30180
      40.42152     -119.28868
      40.37992     -119.29739
      40.34084     -119.29839
           1           3           1           0    1634 Eugene Mountains fault                       
   6.1999998      4.48027917E-04  0.60000002      1.00300606E+15
   50.000000       19.581120       0.0000000       10.061324    
           4
      40.87107     -118.23421
      40.84826     -118.23402
      40.82095     -118.24409
      40.78168     -118.24660
           1           3           1           0    1634 Eugene Mountains fault                       
   6.1999998      4.48027917E-04  0.20000000      8.47777286E+14
   65.000000       16.550674       0.0000000       10.061324    
           4
      40.87107     -118.23421
      40.84826     -118.23402
      40.82095     -118.24409
      40.78168     -118.24660
           1           3           1           0    1634 Eugene Mountains fault                       
   6.1999998      4.48027917E-04  0.20000000      1.33957265E+15
   35.000000       26.151720       0.0000000       10.061324    
           4
      40.87107     -118.23421
      40.84826     -118.23402
      40.82095     -118.24409
      40.78168     -118.24660
           1           3           1           0    1644 Peavine Peak fault zone                      
   6.4000001      8.92434851E-04  0.60000002      3.98637416E+15
   50.000000       19.581120       0.0000000       12.679121    
           7
      39.58701     -119.91092
      39.59420     -119.91056
      39.60579     -119.91846
      39.62573     -119.94335
      39.63319     -119.96375
      39.63238     -119.97444
      39.66849     -119.99798
           1           3           1           0    1644 Peavine Peak fault zone                      
   6.4000001      8.92434851E-04  0.20000000      3.36942869E+15
   65.000000       16.550674       0.0000000       12.679121    
           7
      39.58701     -119.91092
      39.59420     -119.91056
      39.60579     -119.91846
      39.62573     -119.94335
      39.63319     -119.96375
      39.63238     -119.97444
      39.66849     -119.99798
           1           3           1           0    1644 Peavine Peak fault zone                      
   6.4000001      8.92434851E-04  0.20000000      5.32403341E+15
   35.000000       26.151720       0.0000000       12.679121    
           7
      39.58701     -119.91092
      39.59420     -119.91056
      39.60579     -119.91846
      39.62573     -119.94335
      39.63319     -119.96375
      39.63238     -119.97444
      39.66849     -119.99798
           1           3           1           0    1648 Little Valley fault                          
   6.5000000      7.48696737E-04  .3      4.72394863E+15
   50.000000       19.581120       0.0000000       18.118458    
           7
      39.19728     -119.87901
      39.21157     -119.88593
      39.23142     -119.88396
      39.24778     -119.89088
      39.30366     -119.85799
      39.33195     -119.86105
      39.35163     -119.86959
           1           3           1           0    1648 Little Valley fault                          
   6.5000000      7.48696737E-04  .1      3.99285339E+15
   65.000000       16.550674       0.0000000       18.118458    
           7
      39.19728     -119.87901
      39.21157     -119.88593
      39.23142     -119.88396
      39.24778     -119.89088
      39.30366     -119.85799
      39.33195     -119.86105
      39.35163     -119.86959
           1           3           1           0    1648 Little Valley fault                          
   6.5000000      7.48696737E-04  .1      6.30910724E+15
   35.000000       26.151720       0.0000000       18.118458    
           7
      39.19728     -119.87901
      39.21157     -119.88593
      39.23142     -119.88396
      39.24778     -119.89088
      39.30366     -119.85799
      39.33195     -119.86105
      39.35163     -119.86959
           1           3           1           0    1652 Indian Hill fault                            
   6.0999999      6.64766179E-04  .15      1.05358521E+15
   50.000000       19.581120       0.0000000       8.0819416    
           6
      39.04941     -119.82870
      39.05893     -119.81972
      39.06379     -119.80175
      39.06334     -119.78711
      39.08346     -119.78989
      39.09487     -119.77839
           1           3           1           0    1652 Indian Hill fault                            
   6.0999999      6.64766179E-04  .05      8.90528585E+14
   65.000000       16.550674       0.0000000       8.0819416    
           6
      39.04941     -119.82870
      39.05893     -119.81972
      39.06379     -119.80175
      39.06334     -119.78711
      39.08346     -119.78989
      39.09487     -119.77839
           1           3           1           0    1652 Indian Hill fault                            
   6.0999999      6.64766179E-04  .05      1.40712403E+15
   35.000000       26.151720       0.0000000       8.0819416    
           6
      39.04941     -119.82870
      39.05893     -119.81972
      39.06379     -119.80175
      39.06334     -119.78711
      39.08346     -119.78989
      39.09487     -119.77839
           1           3           1           0    1653 Carson City fault                            
   6.5000000      3.35163146E-04  .15      2.11473278E+15
   50.000000       19.581120       0.0000000       16.221891    
           6
      39.06522     -119.81882
      39.11401     -119.79124
      39.12155     -119.77731
      39.16917     -119.76941
      39.17213     -119.76042
      39.19342     -119.74659
           1           3           1           0    1653 Carson City fault                            
   6.5000000      3.35163146E-04  .05      1.78744916E+15
   65.000000       16.550674       0.0000000       16.221891    
           6
      39.06522     -119.81882
      39.11401     -119.79124
      39.12155     -119.77731
      39.16917     -119.76941
      39.17213     -119.76042
      39.19342     -119.74659
           1           3           1           0    1653 Carson City fault                            
   6.5000000      3.35163146E-04  .05      2.82434821E+15
   35.000000       26.151720       0.0000000       16.221891    
           6
      39.06522     -119.81882
      39.11401     -119.79124
      39.12155     -119.77731
      39.16917     -119.76941
      39.17213     -119.76042
      39.19342     -119.74659
           1           3           1           0    1654 Kings Canyon fault zone                      
   6.5000000      6.59695477E-04  .15      4.16238971E+15
   50.000000       19.581120       0.0000000       17.509590    
           8
      39.11248     -119.85691
      39.12461     -119.83733
      39.13557     -119.83858
      39.14545     -119.81909
      39.15569     -119.81550
      39.18031     -119.79420
      39.19001     -119.79358
      39.22810     -119.73545
           1           3           1           0    1654 Kings Canyon fault zone                      
   6.5000000      6.59695477E-04  .05      3.51820340E+15
   65.000000       16.550674       0.0000000       17.509590    
           8
      39.11248     -119.85691
      39.12461     -119.83733
      39.13557     -119.83858
      39.14545     -119.81909
      39.15569     -119.81550
      39.18031     -119.79420
      39.19001     -119.79358
      39.22810     -119.73545
           1           3           1           0    1654 Kings Canyon fault zone                      
   6.5000000      6.59695477E-04  .05      5.55911254E+15
   35.000000       26.151720       0.0000000       17.509590    
           8
      39.11248     -119.85691
      39.12461     -119.83733
      39.13557     -119.83858
      39.14545     -119.81909
      39.15569     -119.81550
      39.18031     -119.79420
      39.19001     -119.79358
      39.22810     -119.73545
           1           3           1           0    1711 Northern Butte Valley fault                  
   6.5000000      2.61795853E-04  0.60000002      1.65181731E+15
   50.000000       19.581120       0.0000000       16.569660    
           6
      40.36567     -114.94562
      40.30943     -114.96493
      40.29703     -114.97562
      40.28391     -114.97482
      40.25723     -114.98532
      40.23145     -115.01641
           1           3           1           0    1711 Northern Butte Valley fault                  
   6.5000000      2.61795853E-04  0.20000000      1.39617616E+15
   65.000000       16.550674       0.0000000       16.569660    
           6
      40.36567     -114.94562
      40.30943     -114.96493
      40.29703     -114.97562
      40.28391     -114.97482
      40.25723     -114.98532
      40.23145     -115.01641
           1           3           1           0    1711 Northern Butte Valley fault                  
   6.5000000      2.61795853E-04  0.20000000      2.20609774E+15
   35.000000       26.151720       0.0000000       16.569660    
           6
      40.36567     -114.94562
      40.30943     -114.96493
      40.29703     -114.97562
      40.28391     -114.97482
      40.25723     -114.98532
      40.23145     -115.01641
           1           3           1           0    1733 Eglington fault                              
   6.3000002      8.00020498E-05  0.60000002      2.52988690E+14
   50.000000       19.581120       0.0000000       10.997014    
           6
      36.23076     -115.22067
      36.24720     -115.21735
      36.26185     -115.20738
      36.26661     -115.18806
      36.28952     -115.15536
      36.30291     -115.14907
           1           3           1           0    1733 Eglington fault                              
   6.3000002      8.00020498E-05  0.20000000      2.13835248E+14
   65.000000       16.550674       0.0000000       10.997014    
           6
      36.23076     -115.22067
      36.24720     -115.21735
      36.26185     -115.20738
      36.26661     -115.18806
      36.28952     -115.15536
      36.30291     -115.14907
           1           3           1           0    1733 Eglington fault                              
   6.3000002      8.00020498E-05  0.20000000      3.37881051E+14
   35.000000       26.151720       0.0000000       10.997014    
           6
      36.23076     -115.22067
      36.24720     -115.21735
      36.26185     -115.20738
      36.26661     -115.18806
      36.28952     -115.15536
      36.30291     -115.14907
           1           3           1           0    1738 Mount Irish Range fault                      
   6.3000002      2.85983879E-05  0.60000002      9.04360393E+13
   50.000000       19.581120       0.0000000       11.793331    
           4
      37.62883     -115.43029
      37.58553     -115.44511
      37.56388     -115.45958
      37.52740     -115.45455
           1           3           1           0    1738 Mount Irish Range fault                      
   6.3000002      2.85983879E-05  0.20000000      7.64398314E+13
   65.000000       16.550674       0.0000000       11.793331    
           4
      37.62883     -115.43029
      37.58553     -115.44511
      37.56388     -115.45958
      37.52740     -115.45455
           1           3           1           0    1738 Mount Irish Range fault                      
   6.3000002      2.85983879E-05  0.20000000      1.20782567E+14
   35.000000       26.151720       0.0000000       11.793331    
           4
      37.62883     -115.43029
      37.58553     -115.44511
      37.56388     -115.45958
      37.52740     -115.45455
           1           3           1           0    2005 La Canada del Amagre fault zone              
   6.5000000      6.10310599E-05  0.60000002      3.85079285E+14
   50.000000       19.581120       0.0000000       16.738781    
           4
      36.02293     -106.24306
      36.06929     -106.23102
      36.10531     -106.23363
      36.17009     -106.21206
           1           3           1           0    2005 La Canada del Amagre fault zone              
   6.5000000      6.10310599E-05  0.20000000      3.25483024E+14
   65.000000       16.550674       0.0000000       16.738781    
           4
      36.02293     -106.24306
      36.06929     -106.23102
      36.10531     -106.23363
      36.17009     -106.21206
           1           3           1           0    2005 La Canada del Amagre fault zone              
   6.5000000      6.10310599E-05  0.20000000      5.14295691E+14
   35.000000       26.151720       0.0000000       16.738781    
           4
      36.02293     -106.24306
      36.06929     -106.23102
      36.10531     -106.23363
      36.17009     -106.21206
           1           3           1           0    2006 Black Mesa fault zone                        
   6.5000000      8.75888727E-05  0.60000002      5.52647468E+14
   50.000000       19.581120       0.0000000       18.017027    
           5
      36.21968     -105.96356
      36.20530     -106.01262
      36.19192     -106.02681
      36.17386     -106.06203
      36.12463     -106.12123
           1           3           1           0    2006 Black Mesa fault zone                        
   6.5000000      8.75888727E-05  0.20000000      4.67117757E+14
   65.000000       16.550674       0.0000000       18.017027    
           5
      36.21968     -105.96356
      36.20530     -106.01262
      36.19192     -106.02681
      36.17386     -106.06203
      36.12463     -106.12123
           1           3           1           0    2006 Black Mesa fault zone                        
   6.5000000      8.75888727E-05  0.20000000      7.38092680E+14
   35.000000       26.151720       0.0000000       18.017027    
           5
      36.21968     -105.96356
      36.20530     -106.01262
      36.19192     -106.02681
      36.17386     -106.06203
      36.12463     -106.12123
           1           3           1           0    2028 Sawyer Canyon fault                          
   6.1999998      8.66878836E-05  0.60000002      1.94069322E+14
   50.000000       19.581120       0.0000000       8.4358835    
           4
      35.90830     -106.25455
      35.93336     -106.25429
      35.94711     -106.26614
      35.97873     -106.28169
           1           3           1           0    2028 Sawyer Canyon fault                          
   6.1999998      8.66878836E-05  0.20000000      1.64034465E+14
   65.000000       16.550674       0.0000000       8.4358835    
           4
      35.90830     -106.25455
      35.93336     -106.25429
      35.94711     -106.26614
      35.97873     -106.28169
           1           3           1           0    2028 Sawyer Canyon fault                          
   6.1999998      8.66878836E-05  0.20000000      2.59190824E+14
   35.000000       26.151720       0.0000000       8.4358835    
           4
      35.90830     -106.25455
      35.93336     -106.25429
      35.94711     -106.26614
      35.97873     -106.28169
           1           3           1           0    2040 East Paradise fault zone                     
   6.4000001      2.26315569E-05  0.60000002      1.01091811E+14
   50.000000       19.581120       0.0000000       13.182899    
           3
      35.26396     -106.67746
      35.21196     -106.68338
      35.14574     -106.68790
           1           3           1           0    2040 East Paradise fault zone                     
   6.4000001      2.26315569E-05  0.20000000      8.54464785E+13
   65.000000       16.550674       0.0000000       13.182899    
           3
      35.26396     -106.67746
      35.21196     -106.68338
      35.14574     -106.68790
           1           3           1           0    2040 East Paradise fault zone                     
   6.4000001      2.26315569E-05  0.20000000      1.35013975E+14
   35.000000       26.151720       0.0000000       13.182899    
           3
      35.26396     -106.67746
      35.21196     -106.68338
      35.14574     -106.68790
           1           3           1           0    2301 Williams Fork Mountains fault                
   6.5000000      2.66029325E-04  0.60000002      1.67852852E+15
   50.000000       19.581120       0.0000000       18.240738    
          10
      39.85429     -106.15417
      39.87194     -106.17147
      39.89015     -106.19318
      39.91348     -106.21765
      39.93200     -106.23174
      39.95053     -106.24817
      39.96112     -106.26205
      39.96959     -106.27196
      39.97686     -106.28490
      39.97749     -106.29109
           1           3           1           0    2301 Williams Fork Mountains fault                
   6.5000000      2.66029325E-04  0.20000000      1.41875346E+15
   65.000000       16.550674       0.0000000       18.240738    
          10
      39.85429     -106.15417
      39.87194     -106.17147
      39.89015     -106.19318
      39.91348     -106.21765
      39.93200     -106.23174
      39.95053     -106.24817
      39.96112     -106.26205
      39.96959     -106.27196
      39.97686     -106.28490
      39.97749     -106.29109
           1           3           1           0    2301 Williams Fork Mountains fault                
   6.5000000      2.66029325E-04  0.20000000      2.24177214E+15
   35.000000       26.151720       0.0000000       18.240738    
          10
      39.85429     -106.15417
      39.87194     -106.17147
      39.89015     -106.19318
      39.91348     -106.21765
      39.93200     -106.23174
      39.95053     -106.24817
      39.96112     -106.26205
      39.96959     -106.27196
      39.97686     -106.28490
      39.97749     -106.29109
           1           3           1           0    2353abc Morgan fault                              
   6.5000000      8.42833033E-05  0.60000002      5.31790737E+14
   50.000000       19.581120       0.0000000       17.337070    
           5
      41.15141     -111.72289
      41.10667     -111.70673
      41.07658     -111.67223
      41.02726     -111.66872
      41.00956     -111.65533
           1           3           1           0    2353abc Morgan fault                              
   6.5000000      8.42833033E-05  0.20000000      4.49488896E+14
   65.000000       16.550674       0.0000000       17.337070    
           5
      41.15141     -111.72289
      41.10667     -111.70673
      41.07658     -111.67223
      41.02726     -111.66872
      41.00956     -111.65533
           1           3           1           0    2353abc Morgan fault                              
   6.5000000      8.42833033E-05  0.20000000      7.10237334E+14
   35.000000       26.151720       0.0000000       17.337070    
           5
      41.15141     -111.72289
      41.10667     -111.70673
      41.07658     -111.67223
      41.02726     -111.66872
      41.00956     -111.65533
           1           3           1           0    2386 West Valley fault                            
   6.5000000      9.12384770E-04  .3      5.75674868E+15
   50.000000       19.581120       0.0000000       16.682446    
           8
      40.65803     -111.95078
      40.67005     -111.95377
      40.68806     -111.95878
      40.70002     -111.96677
      40.71705     -111.97276
      40.73408     -111.98875
      40.74506     -111.98875
      40.79707     -112.01780
           1           3           1           0    2386 West Valley fault                            
   6.5000000      9.12384770E-04  .1      4.86581355E+15
   65.000000       16.550674       0.0000000       16.682446    
           8
      40.65803     -111.95078
      40.67005     -111.95377
      40.68806     -111.95878
      40.70002     -111.96677
      40.71705     -111.97276
      40.73408     -111.98875
      40.74506     -111.98875
      40.79707     -112.01780
           1           3           1           0    2386 West Valley fault                            
   6.5000000      9.12384770E-04  .1      7.68847142E+15
   35.000000       26.151720       0.0000000       16.682446    
           8
      40.65803     -111.95078
      40.67005     -111.95377
      40.68806     -111.95878
      40.70002     -111.96677
      40.71705     -111.97276
      40.73408     -111.98875
      40.74506     -111.98875
      40.79707     -112.01780
           1           3           1           0    645 Sweetwater fault                              
   6.4000001      1.34884292E-04  0.60000002      6.02508146E+14
   50.000000       19.581120       0.0000000       13.095034    
           2
      45.03990     -112.27483
      45.11096     -112.40781
           1           3           1           0    645 Sweetwater fault                              
   6.4000001      1.34884292E-04  0.20000000      5.09261822E+14
   65.000000       16.550674       0.0000000       13.095034    
           2
      45.03990     -112.27483
      45.11096     -112.40781
           1           3           1           0    645 Sweetwater fault                              
   6.4000001      1.34884292E-04  0.20000000      8.04684537E+14
   35.000000       26.151720       0.0000000       13.095034    
           2
      45.03990     -112.27483
      45.11096     -112.40781
           1           3           1           0    648a Red Rock Hills fault                         
   6.3000002      5.97404083E-04  0.60000002      1.88915761E+15
   50.000000       19.581120       0.0000000       10.711130    
           3
      44.94772     -112.79269
      44.90801     -112.75200
      44.87360     -112.70627
           1           3           1           0    648a Red Rock Hills fault                         
   6.3000002      5.97404083E-04  0.20000000      1.59678482E+15
   65.000000       16.550674       0.0000000       10.711130    
           3
      44.94772     -112.79269
      44.90801     -112.75200
      44.87360     -112.70627
           1           3           1           0    648a Red Rock Hills fault                         
   6.3000002      5.97404083E-04  0.20000000      2.52307934E+15
   35.000000       26.151720       0.0000000       10.711130    
           3
      44.94772     -112.79269
      44.90801     -112.75200
      44.87360     -112.70627
           1           3           1           0    667 Georgia Gulch fault                           
   6.4000001      1.23402759E-04  0.60000002      5.51221841E+14
   50.000000       19.581120       0.0000000       14.376439    
           5
      45.62593     -112.26820
      45.58343     -112.25507
      45.56088     -112.26118
      45.53770     -112.24834
      45.50015     -112.24016
           1           3           1           0    667 Georgia Gulch fault                           
   6.4000001      1.23402759E-04  0.20000000      4.65912784E+14
   65.000000       16.550674       0.0000000       14.376439    
           5
      45.62593     -112.26820
      45.58343     -112.25507
      45.56088     -112.26118
      45.53770     -112.24834
      45.50015     -112.24016
           1           3           1           0    667 Georgia Gulch fault                           
   6.4000001      1.23402759E-04  0.20000000      7.36188734E+14
   35.000000       26.151720       0.0000000       14.376439    
           5
      45.62593     -112.26820
      45.58343     -112.25507
      45.56088     -112.26118
      45.53770     -112.24834
      45.50015     -112.24016
           1           3           1           0    696 Thompson Valley fault                         
   6.1999998      4.26284474E-04  0.60000002      9.54328714E+14
   50.000000       19.581120       0.0000000       9.5730333    
           2
      47.76645     -114.97842
      47.68272     -114.94868
           1           3           1           0    696 Thompson Valley fault                         
   6.1999998      4.26284474E-04  0.20000000      8.06633379E+14
   65.000000       16.550674       0.0000000       9.5730333    
           2
      47.76645     -114.97842
      47.68272     -114.94868
           1           3           1           0    696 Thompson Valley fault                         
   6.1999998      4.26284474E-04  0.20000000      1.27456134E+15
   35.000000       26.151720       0.0000000       9.5730333    
           2
      47.76645     -114.97842
      47.68272     -114.94868
           1           3           1           0    698 Jocko fault                                   
   6.5000000      1.93334650E-04  0.60000002      1.21985701E+15
   50.000000       19.581120       0.0000000       15.907570    
           4
      47.14798     -113.97453
      47.12525     -113.98396
      47.05608     -114.04640
      47.01825     -114.05458
           1           3           1           0    698 Jocko fault                                   
   6.5000000      1.93334650E-04  0.20000000      1.03106757E+15
   65.000000       16.550674       0.0000000       15.907570    
           4
      47.14798     -113.97453
      47.12525     -113.98396
      47.05608     -114.04640
      47.01825     -114.05458
           1           3           1           0    698 Jocko fault                                   
   6.5000000      1.93334650E-04  0.20000000      1.62918968E+15
   35.000000       26.151720       0.0000000       15.907570    
           4
      47.14798     -113.97453
      47.12525     -113.98396
      47.05608     -114.04640
      47.01825     -114.05458
           1           3           1           0    761 Upper Yellowstone Valley faults               
   6.5000000      9.20663646E-04  0.60000002      5.80898461E+15
   50.000000       19.581120       0.0000000       18.036234    
           6
      44.08817     -110.12274
      44.16965     -110.12994
      44.18052     -110.13029
      44.19436     -110.12347
      44.23101     -110.13065
      44.24898     -110.12939
           1           3           1           0    761 Upper Yellowstone Valley faults               
   6.5000000      9.20663646E-04  0.20000000      4.90996527E+15
   65.000000       16.550674       0.0000000       18.036234    
           6
      44.08817     -110.12274
      44.16965     -110.12994
      44.18052     -110.13029
      44.19436     -110.12347
      44.23101     -110.13065
      44.24898     -110.12939
           1           3           1           0    761 Upper Yellowstone Valley faults               
   6.5000000      9.20663646E-04  0.20000000      7.75823565E+15
   35.000000       26.151720       0.0000000       18.036234    
           6
      44.08817     -110.12274
      44.16965     -110.12994
      44.18052     -110.13029
      44.19436     -110.12347
      44.23101     -110.13065
      44.24898     -110.12939
           1           3           1           0    NV3 Petersen Mountain fault 2                     
   6.5000000      1.78248258E-04  0.60000002      1.12466853E+15
   50.000000       19.581120       0.0000000       16.295847    
           7
      39.75671     -119.93042
      39.77387     -119.94228
      39.78654     -119.94138
      39.80415     -119.93095
      39.82769     -119.93787
      39.88626     -119.94470
      39.89803     -119.94075
           1           3           1           0    NV3 Petersen Mountain fault 2                     
   6.5000000      1.78248258E-04  0.20000000      9.50610816E+14
   65.000000       16.550674       0.0000000       16.295847    
           7
      39.75671     -119.93042
      39.77387     -119.94228
      39.78654     -119.94138
      39.80415     -119.93095
      39.82769     -119.93787
      39.88626     -119.94470
      39.89803     -119.94075
           1           3           1           0    NV3 Petersen Mountain fault 2                     
   6.5000000      1.78248258E-04  0.20000000      1.50205999E+15
   35.000000       26.151720       0.0000000       16.295847    
           7
      39.75671     -119.93042
      39.77387     -119.94228
      39.78654     -119.94138
      39.80415     -119.93095
      39.82769     -119.93787
      39.88626     -119.94470
      39.89803     -119.94075
