35 1.000 1000.     0.00 0 C-Y 2013-cy13
34 1.000 1000.     0.00 0 C-B 2013-cb13
33 1.000 1000.     0.00 0 BSSA 2013-bssa
36 1.000 1000.     0.00 0 A-S 2013-as13
37 1.000 1000.     0.00 0 Idriss 2012-id12
37 1.000 1000.     0.00 0 Idriss 2012-id13
38 1.000 1000.     0.00 0 Grazier 2013-gr13
38 1.000 1000.     0.00 0 Grazier 2013-gk13
13 1.000 1000.     0.00 0 B-A 2007-ba07
14 1.000 1000.     0.00 0 C-B 2008-cb08
15 1.000 1000.     0.00 0 C-Y 2008-cy08
16 1.000 1000.     0.00 0 A-S 2008-as08
8  1.000 1000.     0.00 0 A-S 1997-as97
