0               !Use with hazFXnga7c. Nevada & Utah 6.5 and smaller, NOT promoted to M6.5. Oct 2008
24.6 50. 0.05           Using M=M(SRL) Wells and Co. 3 fault dip branches combined
-125. -100. 0.05    !Constrain Eglington rate; reset Black Hills slip rate to 0.1 mm/y
760 2.0          !vs30 and depth to hard rock. 
1. 200.
3       periods
0. 1. 0. PGA
0.375 0.210 0.245
0.230 0.225 0.23
0.400 0.360 0.31
../out/nvut.3dip.65_14gmm.pga
19
.005 .007 .0098 .0137 .0192 .0269 .0376 .0527 .0738 .103 .145 .203 .284 .397 .556 .778 1.09 1.52 2.13
6
35 0.18 1000.   0.0 0 CY2013
34 0.18 1000.   0.0 0 CB2013
33 0.18 1000.   0.0 0 BSSA2013
36 0.18 1000.   0.0 0 AS2013
37 0.18 1000.   0.0 0 ID2013
38 0.10 1000.   0.0 0 GK2013
0.20 1. 0. PSA
0.375 0.210 0.245
0.230 0.225 0.23
0.400 0.360 0.31
../out/nvut.3dip.65_14gmm.5hz
19
.005 .0075 .0113 .0169 .0253 .0380 .0570 .0854 .128 .192 .288 .432 .649 .973 1.46 2.19 3.28 4.92 7.38
6
35 0.18 1000.   0.0 0 CY2013
34 0.18 1000.   0.0 0 CB2013
33 0.18 1000.   0.0 0 BSSA2013
36 0.18 1000.   0.0 0 AS2013
37 0.18 1000.   0.0 0 ID2013
38 0.10 1000.   0.0 0 GK2013
1.00 1. 0. PSA
0.375 0.210 0.245
0.230 0.225 0.23
0.400 0.360 0.31
../out/nvut.3dip.65_14gmm.1hz
20
.0025 .00375 .00563 .00844 .0127 .0190 .0285 .0427 .0641 .0961 .144 .216 .324 .487 .730 1.09 1.64 2.46 3.69 5.54
6
35 0.18 1000.   0.0 0 CY2013
34 0.18 1000.   0.0 0 CB2013
33 0.18 1000.   0.0 0 BSSA2013
36 0.18 1000.   0.0 0 AS2013
37 0.18 1000.   0.0 0 ID2013
38 0.10 1000.   0.0 0 GK2013
1.  1.
3
-.2 0. .2 
.2 .6 .2
0.12 5     !long aleatory tails
 1 3 1 1    1116 Black Hills fault; corr slip rate dec 3
 6.18 3.2281715E-4 0.6 6.744601E+14
 50.0 19.58112 0.0E+0 8.795311
 3
      35.89004     -114.96730
      35.92283     -114.94772
      35.95795     -114.91780
 1 3 1 1    1121 Coyote Spring fault         
 6.45 2.1919186E-5 0.6
 50.0 19.58112 0.0E+0 15.174621
 7
      37.19324     -114.97727
      37.16773     -114.97323
      37.15821     -114.97620
      37.11320     -114.96739
      37.09640     -114.97054
      37.07016     -114.98329
      37.05992     -114.98275
 1 3 1 1    1130 Hiko fault zone             
 6.46 2.1494847E-5 0.6
 50.0 19.58112 0.0E+0 15.403912
 4
      37.67397     -115.18327
      37.64082     -115.21535
      37.56509     -115.24481
      37.54757     -115.24500
 1 3 1 1    1134 Dunn Glenn fault            
 6.48 2.0987014E-4 0.6
 50.0 19.58112 0.0E+0 16.115583
 7
      40.87333     -117.90334
      40.86201     -117.93532
      40.85392     -117.94511
      40.82158     -117.95274
      40.78870     -117.97206
      40.77091     -117.97359
      40.75114     -117.96595
 1 3 1 1    1158 Northern Simpson Park Mountains fault zone   
 6.37 2.4609465E-4 0.6
 50.0 19.58112 0.0E+0 12.92399
 6
      40.08813     -116.34588
      40.06226     -116.37157
      40.05696     -116.39233
      40.05974     -116.42278
      40.04869     -116.44974
      40.04339     -116.47507
 1 1 1 1    1304 Rattlesnake Flat fault      
 6.46 1.2655089E-4 0.6
 90.0 15.0 0.0E+0 15.454477
 4
      38.32468     -118.47803
      38.32055     -118.44569
      38.35064     -118.33752
      38.35370     -118.30815
 1 1 1 1    1307 Indian Head fault           
 6.45 1.2898313E-4 0.6
 90.0 15.0 0.0E+0 15.216642
 5
      38.66867     -118.37355
      38.64370     -118.36610
      38.61567     -118.35073
      38.56545     -118.29700
      38.55188     -118.28812
 1 3 1 1    1472 Duck Flat fault             
 6.49 2.0506135E-4 0.6
 50.0 19.58112 0.0E+0 16.299662
 4
      41.14832     -119.94753
      41.11571     -119.93972
      41.03522     -119.94762
      41.00270     -119.94277
 1 3 1 1    1495a Eastern Pine Forest Range fault zone        
 6.25 2.9398861E-4 0.6
 50.0 19.58112 0.0E+0 10.200574
 3
      41.81053     -118.58916
      41.83317     -118.62331
      41.86596     -118.68700
 1 3 1 1    1634 Eugene Mountains fault      
 6.24 3.0017062E-4 0.6
 50.0 19.58112 0.0E+0 10.061506
 4
      40.87117     -118.23322
      40.84835     -118.23304
      40.82104     -118.24310
      40.78178     -118.24562
 1 3 1 1    1644 Peavine Peak fault zone     
 6.36 8.333E-4 0.6          rate constrained to 1/1200 Haller email aug
 50.0 19.58112 0.0E+0 12.67903
 7
      39.58710     -119.90989
      39.59429     -119.90953
      39.60588     -119.91743
      39.62582     -119.94232
      39.63328     -119.96272
      39.63247     -119.97340
      39.66858     -119.99695
 1 3 1 1    1652 Indian Hills fault          
 6.13 3.525409E-4 0.15
 50.0 19.58112 0.0E+0 8.081711
 6
      39.04950     -119.82769
      39.05902     -119.81870
      39.06388     -119.80074
      39.06343     -119.78609
      39.08355     -119.78888
      39.09496     -119.77738
 1 3 1 1    1653 Carson City fault           
 6.48 2.1124202E-4 0.15
 50.0 19.58112 0.0E+0 16.220928
 6
      39.06531     -119.81780
      39.11410     -119.79022
      39.12164     -119.77630
      39.16926     -119.76839
      39.17222     -119.75941
      39.19351     -119.74557
 1 1 1 1    1660 Spanish Springs Peak fault  
 5.88 2.9815561E-4 0.6
 90.0 15.0 0.0E+0 4.9116716
 3
      39.60588     -119.61108
      39.59105     -119.63561
      39.57479     -119.65106
 1 3 1 1    1711 Northern Butte Valley fault 
 6.49 2.0844584E-4 0.6
 50.0 19.58112 0.0E+0 16.568684
 6
      40.36573     -114.94475
      40.30950     -114.96407
      40.29710     -114.97475
      40.28398     -114.97395
      40.25730     -114.98446
      40.23151     -115.01554
 1 3 1 1    1738 Mount Irish Range fault     
 6.32 2.668881E-5 0.6
 50.0 19.58112 0.0E+0 11.793015
 4
      37.62888     -115.42943
      37.58557     -115.44425
      37.56392     -115.45872
      37.52745     -115.45369
 1 3 1 1    NV3 Petersen Mountain fault 2    
 6.49 1.02514444E-4 0.6
 50.0 19.58112 0.0E+0 16.297081
 7
      39.75681     -119.92939
      39.77396     -119.94125
      39.78663     -119.94035
      39.80424     -119.92992
      39.82778     -119.93684
      39.88635     -119.94367
      39.89812     -119.93972
 1 3 1 1    1733 Eglington fault             
 6.29 7.1E-5 0.6 constrained rate
 50.0 19.58112 0.0E+0 10.99656
 6
      36.23080     -115.21983
      36.24724     -115.21651
      36.26188     -115.20654
      36.26664     -115.18723
      36.28955     -115.15453
      36.30294     -115.14823
 1 3 1 1    1116 Black Hills fault; correct slip rate to 0.1 dec 3 2007
 6.18 4.5848966E-4 0.2 9.5792E+14
 40.0 23.33587 0.0E+0 8.795311
 3
      35.89004     -114.96730
      35.92283     -114.94772
      35.95795     -114.91780
 1 3 1 1    1121 Coyote Spring fault                          
 6.45 3.1131316E-5 0.2
 40.0 23.33587 0.0E+0 15.174621
 7
      37.19324     -114.97727
      37.16773     -114.97323
      37.15821     -114.97620
      37.11320     -114.96739
      37.09640     -114.97054
      37.07016     -114.98329
      37.05992     -114.98275
 1 3 1 1    1130 Hiko fault zone                              
 6.46 3.0528633E-5 0.2
 40.0 23.33587 0.0E+0 15.403912
 4
      37.67397     -115.18327
      37.64082     -115.21535
      37.56509     -115.24481
      37.54757     -115.24500
 1 3 1 1    1134 Dunn Glenn fault                             
 6.48 2.980737E-4 0.2
 40.0 23.33587 0.0E+0 16.115583
 7
      40.87333     -117.90334
      40.86201     -117.93532
      40.85392     -117.94511
      40.82158     -117.95274
      40.78870     -117.97206
      40.77091     -117.97359
      40.75114     -117.96595
 1 3 1 1    1158 Northern Simpson Park Mountains fault zone   
 6.37 3.495225E-4 0.2
 40.0 23.33587 0.0E+0 12.92399
 6
      40.08813     -116.34588
      40.06226     -116.37157
      40.05696     -116.39233
      40.05974     -116.42278
      40.04869     -116.44974
      40.04339     -116.47507
 1 1 1 1    1304 Rattlesnake Flat fault                       
 6.46 1.2655089E-4 0.2
 90.0 15.0 0.0E+0 15.454477
 4
      38.32468     -118.47803
      38.32055     -118.44569
      38.35064     -118.33752
      38.35370     -118.30815
 1 1 1 1    1307 Indian Head fault                            
 6.45 1.2898313E-4 0.2
 90.0 15.0 0.0E+0 15.216642
 5
      38.66867     -118.37355
      38.64370     -118.36610
      38.61567     -118.35073
      38.56545     -118.29700
      38.55188     -118.28812
 1 3 1 1    1472 Duck Flat fault                              
 6.49 2.9124386E-4 0.2
 40.0 23.33587 0.0E+0 16.299662
 4
      41.14832     -119.94753
      41.11571     -119.93972
      41.03522     -119.94762
      41.00270     -119.94277
 1 3 1 1    1495a Eastern Pine Forest Range fault zone        
 6.25 4.1754514E-4 0.2
 40.0 23.33587 0.0E+0 10.200574
 3
      41.81053     -118.58916
      41.83317     -118.62331
      41.86596     -118.68700
 1 3 1 1    1634 Eugene Mountains fault                       
 6.24 4.263254E-4 0.2
 40.0 23.33587 0.0E+0 10.061506
 4
      40.87117     -118.23322
      40.84835     -118.23304
      40.82104     -118.24310
      40.78178     -118.24562
 1 3 1 1    1644 Peavine Peak fault zone                      
 6.36 0.8333E-3 0.2		!fixed rate 1/1200 
 40.0 23.33587 0.0E+0 12.67903
 7
      39.58710     -119.90989
      39.59429     -119.90953
      39.60588     -119.91743
      39.62582     -119.94232
      39.63328     -119.96272
      39.63247     -119.97340
      39.66858     -119.99695
 1 3 1 1    1652 Indian Hills fault                           
 6.13 5.0070555E-4 0.05
 40.0 23.33587 0.0E+0 8.081711
 6
      39.04950     -119.82769
      39.05902     -119.81870
      39.06388     -119.80074
      39.06343     -119.78609
      39.08355     -119.78888
      39.09496     -119.77738
 1 3 1 1    1653 Carson City fault                            
 6.48 3.0002213E-4 0.05
 40.0 23.33587 0.0E+0 16.220928
 6
      39.06531     -119.81780
      39.11410     -119.79022
      39.12164     -119.77630
      39.16926     -119.76839
      39.17222     -119.75941
      39.19351     -119.74557
 1 1 1 1    1660 Spanish Springs Peak fault                   
 5.88 2.9815561E-4 0.2
 90.0 15.0 0.0E+0 4.9116716
 3
      39.60588     -119.61108
      39.59105     -119.63561
      39.57479     -119.65106
 1 3 1 1    1711 Northern Butte Valley fault                  
 6.49 2.9605076E-4 0.2
 40.0 23.33587 0.0E+0 16.568684
 6
      40.36573     -114.94475
      40.30950     -114.96407
      40.29710     -114.97475
      40.28398     -114.97395
      40.25730     -114.98446
      40.23151     -115.01554
 1 3 1 1    1738 Mount Irish Range fault                      
 6.32 3.7905498E-5 0.2
 40.0 23.33587 0.0E+0 11.793015
 4
      37.62888     -115.42943
      37.58557     -115.44425
      37.56392     -115.45872
      37.52745     -115.45369
 1 3 1 1    NV3 Petersen Mountain fault 2                     
 6.49 1.4559887E-4 0.2
 40.0 23.33587 0.0E+0 16.297081
 7
      39.75681     -119.92939
      39.77396     -119.94125
      39.78663     -119.94035
      39.80424     -119.92992
      39.82778     -119.93684
      39.88635     -119.94367
      39.89812     -119.93972
 1 3 1 1    1733 Eglington fault                              
 6.29 7.1E-5 0.2		!constrained rate same as 50d dip case
 40.0 23.33587 0.0E+0 10.99656
 6
      36.23080     -115.21983
      36.24724     -115.21651
      36.26188     -115.20654
      36.26664     -115.18723
      36.28955     -115.15453
      36.30294     -115.14823
 1 3 1 1    1116 Black Hills fault; corr slip rate to 0.1     
 6.18 2.5258242E-4 0.2 5.2771907E+14
 60.0 17.320515 0.0E+0 8.795311
 3
      35.89004     -114.96730
      35.92283     -114.94772
      35.95795     -114.91780
 1 3 1 1    1121 Coyote Spring fault                          
 6.45 1.715027E-5 0.2
 60.0 17.320515 0.0E+0 15.174621
 7
      37.19324     -114.97727
      37.16773     -114.97323
      37.15821     -114.97620
      37.11320     -114.96739
      37.09640     -114.97054
      37.07016     -114.98329
      37.05992     -114.98275
 1 3 1 1    1130 Hiko fault zone                              
 6.46 1.6818254E-5 0.2
 60.0 17.320515 0.0E+0 15.403912
 4
      37.67397     -115.18327
      37.64082     -115.21535
      37.56509     -115.24481
      37.54757     -115.24500
 1 3 1 1    1134 Dunn Glenn fault                             
 6.48 1.642091E-4 0.2
 60.0 17.320515 0.0E+0 16.115583
 7
      40.87333     -117.90334
      40.86201     -117.93532
      40.85392     -117.94511
      40.82158     -117.95274
      40.78870     -117.97206
      40.77091     -117.97359
      40.75114     -117.96595
 1 3 1 1    1158 Northern Simpson Park Mountains fault zone   
 6.37 1.925523E-4 0.2
 60.0 17.320515 0.0E+0 12.92399
 6
      40.08813     -116.34588
      40.06226     -116.37157
      40.05696     -116.39233
      40.05974     -116.42278
      40.04869     -116.44974
      40.04339     -116.47507
 1 1 1 1    1304 Rattlesnake Flat fault                       
 6.46 1.2655089E-4 0.2
 90.0 15.0 0.0E+0 15.454477
 4
      38.32468     -118.47803
      38.32055     -118.44569
      38.35064     -118.33752
      38.35370     -118.30815
 1 1 1 1    1307 Indian Head fault                            
 6.45 1.2898313E-4 0.2
 90.0 15.0 0.0E+0 15.216642
 5
      38.66867     -118.37355
      38.64370     -118.36610
      38.61567     -118.35073
      38.56545     -118.29700
      38.55188     -118.28812
 1 3 1 1    1472 Duck Flat fault                              
 6.49 1.6044654E-4 0.2
 60.0 17.320515 0.0E+0 16.299662
 4
      41.14832     -119.94753
      41.11571     -119.93972
      41.03522     -119.94762
      41.00270     -119.94277
 1 3 1 1    1495a Eastern Pine Forest Range fault zone        
 6.25 2.3002605E-4 0.2
 60.0 17.320515 0.0E+0 10.200574
 3
      41.81053     -118.58916
      41.83317     -118.62331
      41.86596     -118.68700
 1 3 1 1    1634 Eugene Mountains fault                       
 6.24 2.348631E-4 0.2
 60.0 17.320515 0.0E+0 10.061506
 4
      40.87117     -118.23322
      40.84835     -118.23304
      40.82104     -118.24310
      40.78178     -118.24562
 1 3 1 1    1644 Peavine Peak fault zone                      
 6.36 8.333E-4 0.2	!constrained event rate, 1/1200
 60.0 17.320515 0.0E+0 12.67903
 7
      39.58710     -119.90989
      39.59429     -119.90953
      39.60588     -119.91743
      39.62582     -119.94232
      39.63328     -119.96272
      39.63247     -119.97340
      39.66858     -119.99695
 1 3 1 1    1652 Indian Hills fault                           
 6.13 2.7583923E-4 0.05
 60.0 17.320515 0.0E+0 8.081711
 6
      39.04950     -119.82769
      39.05902     -119.81870
      39.06388     -119.80074
      39.06343     -119.78609
      39.08355     -119.78888
      39.09496     -119.77738
 1 3 1 1    1653 Carson City fault                            
 6.48 1.6528249E-4 0.05
 60.0 17.320515 0.0E+0 16.220928
 6
      39.06531     -119.81780
      39.11410     -119.79022
      39.12164     -119.77630
      39.16926     -119.76839
      39.17222     -119.75941
      39.19351     -119.74557
 1 1 1 1    1660 Spanish Springs Peak fault                   
 5.88 2.9815561E-4 0.2
 90.0 15.0 0.0E+0 4.9116716
 3
      39.60588     -119.61108
      39.59105     -119.63561
      39.57479     -119.65106
 1 3 1 1    1711 Northern Butte Valley fault                  
 6.49 1.6309466E-4 0.2
 60.0 17.320515 0.0E+0 16.568684
 6
      40.36573     -114.94475
      40.30950     -114.96407
      40.29710     -114.97475
      40.28398     -114.97395
      40.25730     -114.98446
      40.23151     -115.01554
 1 3 1 1    1738 Mount Irish Range fault                      
 6.32 2.0882178E-5 0.2
 60.0 17.320515 0.0E+0 11.793015
 4
      37.62888     -115.42943
      37.58557     -115.44425
      37.56392     -115.45872
      37.52745     -115.45369
 1 3 1 1    NV3 Petersen Mountain fault 2                     
 6.49 8.0210564E-5 0.2
 60.0 17.320515 0.0E+0 16.297081
 7
      39.75681     -119.92939
      39.77396     -119.94125
      39.78663     -119.94035
      39.80424     -119.92992
      39.82778     -119.93684
      39.88635     -119.94367
      39.89812     -119.93972
 1 3 1 1    1733 Eglington fault                              
 6.29 7.1E-5 0.2		!constrained rate for Eglington f
 60.0 17.320515 0.0E+0 10.99656
 6
      36.23080     -115.21983
      36.24724     -115.21651
      36.26188     -115.20654
      36.26664     -115.18723
      36.28955     -115.15453
      36.30294     -115.14823
 1 3 1 1    W50G50 West Valley Granger sec                      
 6.5 3.8646886E-4 0.36 2.4384494E+15
 50.0 9.333668 0.0E+0 16.67761
 8
      40.65800     -111.95000
      40.67000     -111.95300
      40.68800     -111.95800
      40.70000     -111.96600
      40.71700     -111.97200
      40.73400     -111.98800
      40.74500     -111.98800
      40.79700     -112.01700
 1 3 1 1    W50G40 West Valley Granger sec                      
 6.5 4.5370007E-4 0.12 2.8626488E+15
 40.0 9.194333 0.0E+0 16.67761
 8
      40.65800     -111.95000
      40.67000     -111.95300
      40.68800     -111.95800
      40.70000     -111.96600
      40.71700     -111.97200
      40.73400     -111.98800
      40.74500     -111.98800
      40.79700     -112.01700
 1 3 1 1    W50G60 West Valley Granger sec; Intersec z=8.47 km
 6.5 3.5821055E-4 0.12 2.260152E+15
 60.0 9.780318 0.0E+0 16.67761
 8
      40.65800     -111.95000
      40.67000     -111.95300
      40.68800     -111.95800
      40.70000     -111.96600
      40.71700     -111.97200
      40.73400     -111.98800
      40.74500     -111.98800
      40.79700     -112.01700
 1 3 1 1    W40G50 West Valley fault zone                      
 6.5 3.1944486E-4 0.12 2.0155573E+15
 50.0 7.714961 0.0E+0 16.67761
 8
      40.65800     -111.95000
      40.67000     -111.95300
      40.68800     -111.95800
      40.70000     -111.96600
      40.71700     -111.97200
      40.73400     -111.98800
      40.74500     -111.98800
      40.79700     -112.01700
 1 3 1 1    W40G40 West Valley fault zone                      
 6.5 3.861441E-4 0.04 2.4364001E+15
 40.0 7.825296 0.0E+0 16.67761
 8
      40.65800     -111.95000
      40.67000     -111.95300
      40.68800     -111.95800
      40.70000     -111.96600
      40.71700     -111.97200
      40.73400     -111.98800
      40.74500     -111.98800
      40.79700     -112.01700
 1 3 1 1    W40G60 West Valley fault zone                      
 6.5 2.867376E-4 0.04 1.8091888E+15
 60.0 7.828873 0.0E+0 16.67761
 8
      40.65800     -111.95000
      40.67000     -111.95300
      40.68800     -111.95800
      40.70000     -111.96600
      40.71700     -111.97200
      40.73400     -111.98800
      40.74500     -111.98800
      40.79700     -112.01700
 1 3 1 1    W60G50 West Valley fault zone                      
 6.5 4.57817E-4 0.12 2.8886248E+15
 50.0 11.056807 0.0E+0 16.67761
 8
      40.65800     -111.95000
      40.67000     -111.95300
      40.68800     -111.95800
      40.70000     -111.96600
      40.71700     -111.97200
      40.73400     -111.98800
      40.74500     -111.98800
      40.79700     -112.01700
 1 3 1 1    W60G40 West Valley fault zone                      
 6.5 5.204885E-4 0.04 3.2840544E+15
 40.0 10.547814 0.0E+0 16.67761
 8
      40.65800     -111.95000
      40.67000     -111.95300
      40.68800     -111.95800
      40.70000     -111.96600
      40.71700     -111.97200
      40.73400     -111.98800
      40.74500     -111.98800
      40.79700     -112.01700
 1 3 1 1    W60G60 West Valley fault zone                      
 6.5 4.3941062E-4 0.04 2.7724886E+15
 60.0 11.997344 0.0E+0 16.67761
 8
      40.65800     -111.95000
      40.67000     -111.95300
      40.68800     -111.95800
      40.70000     -111.96600
      40.71700     -111.97200
      40.73400     -111.98800
      40.74500     -111.98800
      40.79700     -112.01700
