0               !Good to go with hazFXnga7c. WaOr Char no Seattle, no6.5, only normal from B&R
24.6 50. 0.05           Using M=M(SRL) Wells and Co. 40 50 and 60d dip branches included 
-125. -100. 0.05		!goose lake is now included, but with CA M(A) and rates
760 2
1. 200.
3       periods 
0. 1. 0. PGA
0.375 0.210 0.245
0.230 0.225 0.23
0.400 0.360 0.31
../out/orwa_n.3dip.ch_14gmm.pga
19
.005 .007 .0098 .0137 .0192 .0269 .0376 .0527 .0738 .103 .145 .203 .284 .397 .556 .778 1.09 1.52 2.13
6
35 0.18 1000.   0.0 0 CY2013
34 0.18 1000.   0.0 0 CB2013
33 0.18 1000.   0.0 0 BSSA2013
36 0.18 1000.   0.0 0 AS2013
37 0.18 1000.   0.0 0 ID2013
38 0.10 1000.   0.0 0 GK2013
0.20 1. 0. PSA
0.375 0.210 0.245
0.230 0.225 0.23
0.400 0.360 0.31
../out/orwa_n.3dip.ch_14gmm.5hz
19
.005 .0075 .0113 .0169 .0253 .0380 .0570 .0854 .128 .192 .288 .432 .649 .973 1.46 2.19 3.28 4.92 7.38
6
35 0.18 1000.   0.0 0 CY2013
34 0.18 1000.   0.0 0 CB2013
33 0.18 1000.   0.0 0 BSSA2013
36 0.18 1000.   0.0 0 AS2013
37 0.18 1000.   0.0 0 ID2013
38 0.10 1000.   0.0 0 GK2013
1.00 1. 0. PSA
0.375 0.210 0.245
0.230 0.225 0.23
0.400 0.360 0.31
../out/orwa_n.3dip.ch_14gmm.1hz
20
.0025 .00375 .00563 .00844 .0127 .0190 .0285 .0427 .0641 .0961 .144 .216 .324 .487 .730 1.09 1.64 2.46 3.69 5.54
6
35 0.18 1000.   0.0 0 CY2013
34 0.18 1000.   0.0 0 CB2013
33 0.18 1000.   0.0 0 BSSA2013
36 0.18 1000.   0.0 0 AS2013
37 0.18 1000.   0.0 0 ID2013
38 0.10 1000.   0.0 0 GK2013
1.  2.
3
-.2 0. .2 
.2 .6 .2
0.12 5
 2 3 1 1    1508ab Santa Rosa fault system                    
 1.9311118 0.8 7.5 7.5 0.1 0.6
 50.0 19.58112 0.0E+0 170.78998
 53
      42.57039     -117.26125
      42.55655     -117.34813
      42.56050     -117.36852
      42.55440     -117.43518
      42.49753     -117.56104
      42.48648     -117.60839
      42.46779     -117.63292
      42.45719     -117.63516
      42.45144     -117.64711
      42.42126     -117.67092
      42.22846     -117.75195
      42.15219     -117.74567
      42.13144     -117.75950
      42.10817     -117.75465
      42.09514     -117.76220
      42.06819     -117.74971
      42.05435     -117.74827
      42.04645     -117.75231
      42.03630     -117.74252
      42.03414     -117.73030
      42.00934     -117.70407
      41.98553     -117.69814
      41.97988     -117.70191
      41.95760     -117.69167
      41.92390     -117.69868
      41.91034     -117.70631
      41.89992     -117.69536
      41.87656     -117.68314
      41.85814     -117.69266
      41.84386     -117.69194
      41.83308     -117.68808
      41.82472     -117.67900
      41.77127     -117.66508
      41.76148     -117.66544
      41.75213     -117.67631
      41.73821     -117.68071
      41.72293     -117.69913
      41.72141     -117.72096
      41.70074     -117.73660
      41.66373     -117.73605
      41.63633     -117.74567
      41.58961     -117.74908
      41.57793     -117.75771
      41.56770     -117.75887
      41.54245     -117.74980
      41.53957     -117.73489
      41.52942     -117.72258
      41.49995     -117.73327
      41.47363     -117.75788
      41.44434     -117.76363
      41.44255     -117.76821
      41.40329     -117.74899
      41.35846     -117.69455
 1 3 2 1    828 Goose Lake, CA M(A) models                    
 7.100 0.40024E-04 0.3000
 6.900 0.79859E-04 0.3000
 50.0 19.58112 0.0E+0 59.951053
 8
      42.28607     -120.34656
      42.23698     -120.36497
      42.15722     -120.34196
      42.11734     -120.31588
      42.01303     -120.28938
      41.94664     -120.30707
      41.88240     -120.30492
      41.78951     -120.19423
 1 3 1 1    829ab Abert Rim fault                             
 7.0 4.916763E-4 0.6
 50.0 19.58112 0.0E+0 45.499172
 13
      42.76414     -120.06172
      42.71885     -120.11626
      42.70645     -120.12399
      42.67582     -120.16190
      42.63808     -120.17531
      42.60358     -120.17956
      42.58373     -120.18176
      42.56810     -120.17511
      42.54227     -120.20557
      42.50830     -120.23158
      42.47062     -120.24272
      42.45258     -120.23741
      42.40414     -120.26810
 1 3 1 1    831abc Winter Rim fault system                    
 7.19 3.1786193E-4 0.6
 50.0 19.58112 0.0E+0 65.927124
 18
      42.56154     -120.49683
      42.60225     -120.52190
      42.67136     -120.53407
      42.70910     -120.58286
      42.71790     -120.61062
      42.71673     -120.63074
      42.70045     -120.66362
      42.70649     -120.69633
      42.72446     -120.71770
      42.72607     -120.73388
      42.73533     -120.75463
      42.75249     -120.77422
      42.78378     -120.79684
      42.83685     -120.80602
      42.88590     -120.82201
      42.90845     -120.82291
      42.97061     -120.78146
      42.99874     -120.77721
 1 3 1 1    805 Juniper Mountain fault, south of Yakima block
 6.53 1.941549E-5 0.6
 50.0 19.58112 0.0E+0 17.719221
 6
      44.24343     -117.66042
      44.23588     -117.69707
      44.23525     -117.77604
      44.24109     -117.80515
      44.24369     -117.84719
      44.25717     -117.87415
 1 3 1 1    806 Cottonwood Mountain fault                     
 6.97 9.1581874E-5 0.6 2.9296154E+15
 50.0 19.58112 0.0E+0 42.44857
 8
      43.92415     -117.33366
      43.98773     -117.37778
      44.09469     -117.46141
      44.10350     -117.47911
      44.12173     -117.49582
      44.15771     -117.52830
      44.19315     -117.54343
      44.25762     -117.58409
 1 3 1 1    835 Southeast Newberry fault zone                 
 7.2 3.7417013E-4 0.6
 50.0 19.58112 0.0E+0 67.73176
 13
      43.67361     -120.96586
      43.66220     -120.95329
      43.64271     -120.91924
      43.62528     -120.90531
      43.60812     -120.88276
      43.46483     -120.80164
      43.43581     -120.76929
      43.40472     -120.72572
      43.35361     -120.69347
      43.33142     -120.66059
      43.25703     -120.58710
      43.22487     -120.59132
      43.15848     -120.56132
 1 3 1 1    839a Chemult graben fault system (west)           
 7.21 3.1284935E-4 0.6
 50.0 19.58112 0.0E+0 67.94839
 12
      42.98634     -121.67775
      43.02776     -121.71224
      43.06819     -121.77693
      43.09774     -121.77396
      43.20510     -121.79867
      43.28991     -121.79885
      43.32468     -121.80846
      43.37130     -121.77810
      43.40940     -121.76597
      43.42521     -121.65582
      43.46007     -121.63085
      43.48971     -121.62402
 1 3 1 1    839b Chemult graben fault system (east)           
 7.16 3.9848557E-5 0.6
 50.0 19.58112 0.0E+0 61.617645
 14
      43.47444     -121.50939
      43.43671     -121.57138
      43.42665     -121.57793
      43.38820     -121.65196
      43.32827     -121.72617
      43.29566     -121.73102
      43.26916     -121.73776
      43.22990     -121.73695
      43.19252     -121.72105
      43.12721     -121.70631
      43.09658     -121.69356
      43.07618     -121.70631
      43.04537     -121.68170
      43.00566     -121.65897
 1 3 1 1    853abc Metolius fault zone                        
 7.36 2.1787368E-5 0.6
 50.0 19.58112 0.0E+0 91.98484
 14
      44.53562     -121.65996
      44.48307     -121.62124
      44.29395     -121.52053
      44.25793     -121.49645
      44.21364     -121.45710
      44.20106     -121.45378
      44.15551     -121.42027
      43.99165     -121.39062
      43.97161     -121.38416
      43.93352     -121.35370
      43.89237     -121.34723
      43.83425     -121.27787
      43.80981     -121.28182
      43.78196     -121.24957
 2 3 1 1    856abcdef Steens fault zone                       
 2.3919744 0.8 7.5 7.5 0.1 0.6
 50.0 19.58112 0.0E+0 213.8687
 47
      41.75240     -118.75546
      41.78008     -118.77576
      41.80649     -118.77585
      41.83002     -118.77028
      41.90010     -118.74091
      41.91690     -118.73111
      41.92409     -118.71764
      41.93505     -118.71593
      41.96227     -118.67568
      41.97269     -118.67164
      42.02195     -118.62991
      42.06469     -118.60345
      42.09721     -118.58060
      42.12835     -118.60656
      42.16987     -118.60786
      42.20101     -118.64159
      42.25161     -118.66495
      42.29431     -118.67191
      42.31084     -118.66373
      42.33546     -118.66643
      42.37777     -118.65044
      42.40212     -118.63597
      42.48549     -118.62331
      42.52044     -118.61288
      42.53292     -118.60461
      42.55341     -118.53625
      42.58827     -118.53220
      42.61468     -118.51658
      42.66256     -118.49726
      42.73273     -118.49699
      42.74746     -118.48765
      42.76399     -118.48387
      42.79741     -118.45692
      42.82257     -118.44749
      42.83658     -118.43168
      42.88554     -118.38802
      42.94515     -118.34056
      43.01905     -118.27051
      43.04708     -118.23951
      43.09370     -118.15865
      43.12020     -118.13583
      43.14716     -118.09631
      43.15210     -118.08283
      43.26835     -117.95562
      43.31884     -117.89551
      43.34609     -117.84361
      43.38837     -117.82176
 1 3 1 1    858 Tule Springs Rim fault                        
 6.9 1.12468405E-4 0.6
 50.0 19.58112 0.0E+0 36.840625
 7
      42.64716     -118.35208
      42.58379     -118.36522
      42.50935     -118.36978
      42.48258     -118.40155
      42.41900     -118.40804
      42.40163     -118.47390
      42.36190     -118.49107
 2 3 1 1    827ac Warner Valley faults (east)                 
 1.7947264 0.8 7.5 7.5 0.1 0.6
 50.0 19.58112 0.0E+0 147.44427
 27
      42.88812     -119.49831
      42.83597     -119.49831
      42.73013     -119.54433
      42.71939     -119.58421
      42.68105     -119.61949
      42.64423     -119.63790
      42.59115     -119.69634
      42.55680     -119.73607
      42.52844     -119.78358
      42.51078     -119.79896
      42.47704     -119.79742
      42.44482     -119.81429
      42.39727     -119.82657
      42.36660     -119.82657
      42.33745     -119.79589
      42.28530     -119.76061
      42.07822     -119.75755
      42.00460     -119.76675
      41.92706     -119.69392
      41.89121     -119.67164
      41.87019     -119.66607
      41.84504     -119.67218
      41.79571     -119.66912
      41.78565     -119.67299
      41.75636     -119.71117
      41.73372     -119.72437
      41.71315     -119.76462
 1 3 1 1    827b Warner Valley faults (west)                  
 6.99 1.0799022E-4 0.6
 50.0 19.58112 0.0E+0 43.88201
 12
      42.07351     -119.95921
      42.08378     -119.95865
      42.11110     -119.95380
      42.14568     -119.93385
      42.16563     -119.91103
      42.19419     -119.90232
      42.26459     -119.88349
      42.29786     -119.89340
      42.32545     -119.90826
      42.39976     -119.91251
      42.43090     -119.92029
      42.45284     -119.92454
 2 3 1 1    1508ab Santa Rosa fault system                    
 2.0834844 0.8 7.5 7.5 0.1 0.2
 40.0 23.33587 0.0E+0 170.78998
 53
      42.57039     -117.26125
      42.55655     -117.34813
      42.56050     -117.36852
      42.55440     -117.43518
      42.49753     -117.56104
      42.48648     -117.60839
      42.46779     -117.63292
      42.45719     -117.63516
      42.45144     -117.64711
      42.42126     -117.67092
      42.22846     -117.75195
      42.15219     -117.74567
      42.13144     -117.75950
      42.10817     -117.75465
      42.09514     -117.76220
      42.06819     -117.74971
      42.05435     -117.74827
      42.04645     -117.75231
      42.03630     -117.74252
      42.03414     -117.73030
      42.00934     -117.70407
      41.98553     -117.69814
      41.97988     -117.70191
      41.95760     -117.69167
      41.92390     -117.69868
      41.91034     -117.70631
      41.89992     -117.69536
      41.87656     -117.68314
      41.85814     -117.69266
      41.84386     -117.69194
      41.83308     -117.68808
      41.82472     -117.67900
      41.77127     -117.66508
      41.76148     -117.66544
      41.75213     -117.67631
      41.73821     -117.68071
      41.72293     -117.69913
      41.72141     -117.72096
      41.70074     -117.73660
      41.66373     -117.73605
      41.63633     -117.74567
      41.58961     -117.74908
      41.57793     -117.75771
      41.56770     -117.75887
      41.54245     -117.74980
      41.53957     -117.73489
      41.52942     -117.72258
      41.49995     -117.73327
      41.47363     -117.75788
      41.44434     -117.76363
      41.44255     -117.76821
      41.40329     -117.74899
      41.35846     -117.69455
 1 3 1 1    829ab Abert Rim fault                             
 7.0 6.983165E-4 0.2 2.4777161E+16
 40.0 23.33587 0.0E+0 45.499172
 13
      42.76414     -120.06172
      42.71885     -120.11626
      42.70645     -120.12399
      42.67582     -120.16190
      42.63808     -120.17531
      42.60358     -120.17956
      42.58373     -120.18176
      42.56810     -120.17511
      42.54227     -120.20557
      42.50830     -120.23158
      42.47062     -120.24272
      42.45258     -120.23741
      42.40414     -120.26810
 1 3 1 1    831abc Winter Rim fault system                    
 7.19 4.51452E-4 0.2 3.0875263E+16
 40.0 23.33587 0.0E+0 65.927124
 18
      42.56154     -120.49683
      42.60225     -120.52190
      42.67136     -120.53407
      42.70910     -120.58286
      42.71790     -120.61062
      42.71673     -120.63074
      42.70045     -120.66362
      42.70649     -120.69633
      42.72446     -120.71770
      42.72607     -120.73388
      42.73533     -120.75463
      42.75249     -120.77422
      42.78378     -120.79684
      42.83685     -120.80602
      42.88590     -120.82201
      42.90845     -120.82291
      42.97061     -120.78146
      42.99874     -120.77721
 1 3 1 1    805 Juniper Mountain fault                        
 6.53 2.7575375E-5 0.2 1.929846E+14
 40.0 23.33587 0.0E+0 17.719221
 6
      44.24343     -117.66042
      44.23588     -117.69707
      44.23525     -117.77604
      44.24109     -117.80515
      44.24369     -117.84719
      44.25717     -117.87415
 1 3 1 1    806 Cottonwood Mountain fault                     
 6.97 1.3007162E-4 0.2 4.160865E+15
 40.0 23.33587 0.0E+0 42.44857
 8
      43.92415     -117.33366
      43.98773     -117.37778
      44.09469     -117.46141
      44.10350     -117.47911
      44.12173     -117.49582
      44.15771     -117.52830
      44.19315     -117.54343
      44.25762     -117.58409
 1 3 1 1    835 Southeast Newberry fault zone                 
 7.2 5.314251E-4 0.2 3.7621886E+16
 40.0 23.33587 0.0E+0 67.73176
 13
      43.67361     -120.96586
      43.66220     -120.95329
      43.64271     -120.91924
      43.62528     -120.90531
      43.60812     -120.88276
      43.46483     -120.80164
      43.43581     -120.76929
      43.40472     -120.72572
      43.35361     -120.69347
      43.33142     -120.66059
      43.25703     -120.58710
      43.22487     -120.59132
      43.15848     -120.56132
 1 3 1 1    839a Chemult graben fault system (west)           
 7.21 4.443327E-4 0.2 3.2561914E+16
 40.0 23.33587 0.0E+0 67.94839
 12
      42.98634     -121.67775
      43.02776     -121.71224
      43.06819     -121.77693
      43.09774     -121.77396
      43.20510     -121.79867
      43.28991     -121.79885
      43.32468     -121.80846
      43.37130     -121.77810
      43.40940     -121.76597
      43.42521     -121.65582
      43.46007     -121.63085
      43.48971     -121.62402
 1 3 1 1    839b Chemult graben fault system (east)           
 7.16 5.6595985E-5 0.2 3.4896875E+15
 40.0 23.33587 0.0E+0 61.617645
 14
      43.47444     -121.50939
      43.43671     -121.57138
      43.42665     -121.57793
      43.38820     -121.65196
      43.32827     -121.72617
      43.29566     -121.73102
      43.26916     -121.73776
      43.22990     -121.73695
      43.19252     -121.72105
      43.12721     -121.70631
      43.09658     -121.69356
      43.07618     -121.70631
      43.04537     -121.68170
      43.00566     -121.65897
 1 3 1 1    853abc Metolius fault zone                        
 7.36 3.0944094E-5 0.2 3.8069567E+15
 40.0 23.33587 0.0E+0 91.98484
 14
      44.53562     -121.65996
      44.48307     -121.62124
      44.29395     -121.52053
      44.25793     -121.49645
      44.21364     -121.45710
      44.20106     -121.45378
      44.15551     -121.42027
      43.99165     -121.39062
      43.97161     -121.38416
      43.93352     -121.35370
      43.89237     -121.34723
      43.83425     -121.27787
      43.80981     -121.28182
      43.78196     -121.24957
 2 3 1 1    856abcdef Steens fault zone                       
 2.5443472 0.8 7.5 7.5 0.1 0.2
 40.0 23.33587 0.0E+0 213.8687
 47
      41.75240     -118.75546
      41.78008     -118.77576
      41.80649     -118.77585
      41.83002     -118.77028
      41.90010     -118.74091
      41.91690     -118.73111
      41.92409     -118.71764
      41.93505     -118.71593
      41.96227     -118.67568
      41.97269     -118.67164
      42.02195     -118.62991
      42.06469     -118.60345
      42.09721     -118.58060
      42.12835     -118.60656
      42.16987     -118.60786
      42.20101     -118.64159
      42.25161     -118.66495
      42.29431     -118.67191
      42.31084     -118.66373
      42.33546     -118.66643
      42.37777     -118.65044
      42.40212     -118.63597
      42.48549     -118.62331
      42.52044     -118.61288
      42.53292     -118.60461
      42.55341     -118.53625
      42.58827     -118.53220
      42.61468     -118.51658
      42.66256     -118.49726
      42.73273     -118.49699
      42.74746     -118.48765
      42.76399     -118.48387
      42.79741     -118.45692
      42.82257     -118.44749
      42.83658     -118.43168
      42.88554     -118.38802
      42.94515     -118.34056
      43.01905     -118.27051
      43.04708     -118.23951
      43.09370     -118.15865
      43.12020     -118.13583
      43.14716     -118.09631
      43.15210     -118.08283
      43.26835     -117.95562
      43.31884     -117.89551
      43.34609     -117.84361
      43.38837     -117.82176
 1 3 1 1    858 Tule Springs Rim fault                        
 6.9 1.5973626E-4 0.2 4.0124075E+15
 40.0 23.33587 0.0E+0 36.840625
 7
      42.64716     -118.35208
      42.58379     -118.36522
      42.50935     -118.36978
      42.48258     -118.40155
      42.41900     -118.40804
      42.40163     -118.47390
      42.36190     -118.49107
 2 3 1 1    827ac Warner Valley faults (east)                 
 1.9470997 0.8 7.5 7.5 0.1 0.2
 40.0 23.33587 0.0E+0 147.44427
 27
      42.88812     -119.49831
      42.83597     -119.49831
      42.73013     -119.54433
      42.71939     -119.58421
      42.68105     -119.61949
      42.64423     -119.63790
      42.59115     -119.69634
      42.55680     -119.73607
      42.52844     -119.78358
      42.51078     -119.79896
      42.47704     -119.79742
      42.44482     -119.81429
      42.39727     -119.82657
      42.36660     -119.82657
      42.33745     -119.79589
      42.28530     -119.76061
      42.07822     -119.75755
      42.00460     -119.76675
      41.92706     -119.69392
      41.89121     -119.67164
      41.87019     -119.66607
      41.84504     -119.67218
      41.79571     -119.66912
      41.78565     -119.67299
      41.75636     -119.71117
      41.73372     -119.72437
      41.71315     -119.76462
 1 3 1 1    827b Warner Valley faults (west)                  
 6.99 1.5337601E-4 0.2 5.257234E+15
 40.0 23.33587 0.0E+0 43.88201
 12
      42.07351     -119.95921
      42.08378     -119.95865
      42.11110     -119.95380
      42.14568     -119.93385
      42.16563     -119.91103
      42.19419     -119.90232
      42.26459     -119.88349
      42.29786     -119.89340
      42.32545     -119.90826
      42.39976     -119.91251
      42.43090     -119.92029
      42.45284     -119.92454
 1 3 1 1    828 Goose Lake                                    
 7.14 1.1346833E-4 0.2 6.5294245E+15
 40.0 23.33587 0.0E+0 59.951053
 8
      42.28607     -120.34656
      42.23698     -120.36497
      42.15722     -120.34196
      42.11734     -120.31588
      42.01303     -120.28938
      41.94664     -120.30707
      41.88240     -120.30492
      41.78951     -120.19423
 2 3 1 1    1508ab Santa Rosa fault system                    
 1.8245583 0.8 7.5 7.5 0.1 0.2
 60.0 17.320515 0.0E+0 170.78998
 53
      42.57039     -117.26125
      42.55655     -117.34813
      42.56050     -117.36852
      42.55440     -117.43518
      42.49753     -117.56104
      42.48648     -117.60839
      42.46779     -117.63292
      42.45719     -117.63516
      42.45144     -117.64711
      42.42126     -117.67092
      42.22846     -117.75195
      42.15219     -117.74567
      42.13144     -117.75950
      42.10817     -117.75465
      42.09514     -117.76220
      42.06819     -117.74971
      42.05435     -117.74827
      42.04645     -117.75231
      42.03630     -117.74252
      42.03414     -117.73030
      42.00934     -117.70407
      41.98553     -117.69814
      41.97988     -117.70191
      41.95760     -117.69167
      41.92390     -117.69868
      41.91034     -117.70631
      41.89992     -117.69536
      41.87656     -117.68314
      41.85814     -117.69266
      41.84386     -117.69194
      41.83308     -117.68808
      41.82472     -117.67900
      41.77127     -117.66508
      41.76148     -117.66544
      41.75213     -117.67631
      41.73821     -117.68071
      41.72293     -117.69913
      41.72141     -117.72096
      41.70074     -117.73660
      41.66373     -117.73605
      41.63633     -117.74567
      41.58961     -117.74908
      41.57793     -117.75771
      41.56770     -117.75887
      41.54245     -117.74980
      41.53957     -117.73489
      41.52942     -117.72258
      41.49995     -117.73327
      41.47363     -117.75788
      41.44434     -117.76363
      41.44255     -117.76821
      41.40329     -117.74899
      41.35846     -117.69455
 1 3 1 1    829ab Abert Rim fault                             
 7.0 3.8470324E-4 0.2 1.3649763E+16
 60.0 17.320515 0.0E+0 45.499172
 13
      42.76414     -120.06172
      42.71885     -120.11626
      42.70645     -120.12399
      42.67582     -120.16190
      42.63808     -120.17531
      42.60358     -120.17956
      42.58373     -120.18176
      42.56810     -120.17511
      42.54227     -120.20557
      42.50830     -120.23158
      42.47062     -120.24272
      42.45258     -120.23741
      42.40414     -120.26810
 1 3 1 1    831abc Winter Rim fault system                    
 7.19 2.4870532E-4 0.2 1.7009212E+16
 60.0 17.320515 0.0E+0 65.927124
 18
      42.56154     -120.49683
      42.60225     -120.52190
      42.67136     -120.53407
      42.70910     -120.58286
      42.71790     -120.61062
      42.71673     -120.63074
      42.70045     -120.66362
      42.70649     -120.69633
      42.72446     -120.71770
      42.72607     -120.73388
      42.73533     -120.75463
      42.75249     -120.77422
      42.78378     -120.79684
      42.83685     -120.80602
      42.88590     -120.82201
      42.90845     -120.82291
      42.97061     -120.78146
      42.99874     -120.77721
 1 3 1 1    805 Juniper Mountain fault                        
 6.53 1.5191302E-5 0.2 1.06315414E+14
 60.0 17.320515 0.0E+0 17.719221
 6
      44.24343     -117.66042
      44.23588     -117.69707
      44.23525     -117.77604
      44.24109     -117.80515
      44.24369     -117.84719
      44.25717     -117.87415
 1 3 1 1    806 Cottonwood Mountain fault                     
 6.97 7.165659E-5 0.2 2.2922248E+15
 60.0 17.320515 0.0E+0 42.44857
 8
      43.92415     -117.33366
      43.98773     -117.37778
      44.09469     -117.46141
      44.10350     -117.47911
      44.12173     -117.49582
      44.15771     -117.52830
      44.19315     -117.54343
      44.25762     -117.58409
 1 3 1 1    835 Southeast Newberry fault zone                 
 7.2 2.9276264E-4 0.2 2.0725935E+16
 60.0 17.320515 0.0E+0 67.73176
 13
      43.67361     -120.96586
      43.66220     -120.95329
      43.64271     -120.91924
      43.62528     -120.90531
      43.60812     -120.88276
      43.46483     -120.80164
      43.43581     -120.76929
      43.40472     -120.72572
      43.35361     -120.69347
      43.33142     -120.66059
      43.25703     -120.58710
      43.22487     -120.59132
      43.15848     -120.56132
 1 3 1 1    839a Chemult graben fault system (west)           
 7.21 2.447833E-4 0.2 1.7938389E+16
 60.0 17.320515 0.0E+0 67.94839
 12
      42.98634     -121.67775
      43.02776     -121.71224
      43.06819     -121.77693
      43.09774     -121.77396
      43.20510     -121.79867
      43.28991     -121.79885
      43.32468     -121.80846
      43.37130     -121.77810
      43.40940     -121.76597
      43.42521     -121.65582
      43.46007     -121.63085
      43.48971     -121.62402
 1 3 1 1    839b Chemult graben fault system (east)           
 7.16 3.117878E-5 0.2 1.9224722E+15
 60.0 17.320515 0.0E+0 61.617645
 14
      43.47444     -121.50939
      43.43671     -121.57138
      43.42665     -121.57793
      43.38820     -121.65196
      43.32827     -121.72617
      43.29566     -121.73102
      43.26916     -121.73776
      43.22990     -121.73695
      43.19252     -121.72105
      43.12721     -121.70631
      43.09658     -121.69356
      43.07618     -121.70631
      43.04537     -121.68170
      43.00566     -121.65897
 1 3 1 1    853abc Metolius fault zone                        
 7.36 1.7047132E-5 0.2 2.0972562E+15
 60.0 17.320515 0.0E+0 91.98484
 14
      44.53562     -121.65996
      44.48307     -121.62124
      44.29395     -121.52053
      44.25793     -121.49645
      44.21364     -121.45710
      44.20106     -121.45378
      44.15551     -121.42027
      43.99165     -121.39062
      43.97161     -121.38416
      43.93352     -121.35370
      43.89237     -121.34723
      43.83425     -121.27787
      43.80981     -121.28182
      43.78196     -121.24957
 2 3 1 1    856abcdef Steens fault zone                       
 2.285421 0.8 7.5 7.5 0.1 0.2
 60.0 17.320515 0.0E+0 213.8687
 47
      41.75240     -118.75546
      41.78008     -118.77576
      41.80649     -118.77585
      41.83002     -118.77028
      41.90010     -118.74091
      41.91690     -118.73111
      41.92409     -118.71764
      41.93505     -118.71593
      41.96227     -118.67568
      41.97269     -118.67164
      42.02195     -118.62991
      42.06469     -118.60345
      42.09721     -118.58060
      42.12835     -118.60656
      42.16987     -118.60786
      42.20101     -118.64159
      42.25161     -118.66495
      42.29431     -118.67191
      42.31084     -118.66373
      42.33546     -118.66643
      42.37777     -118.65044
      42.40212     -118.63597
      42.48549     -118.62331
      42.52044     -118.61288
      42.53292     -118.60461
      42.55341     -118.53625
      42.58827     -118.53220
      42.61468     -118.51658
      42.66256     -118.49726
      42.73273     -118.49699
      42.74746     -118.48765
      42.76399     -118.48387
      42.79741     -118.45692
      42.82257     -118.44749
      42.83658     -118.43168
      42.88554     -118.38802
      42.94515     -118.34056
      43.01905     -118.27051
      43.04708     -118.23951
      43.09370     -118.15865
      43.12020     -118.13583
      43.14716     -118.09631
      43.15210     -118.08283
      43.26835     -117.95562
      43.31884     -117.89551
      43.34609     -117.84361
      43.38837     -117.82176
 1 3 1 1    858 Tule Springs Rim fault                        
 6.9 8.799887E-5 0.2 2.2104394E+15
 60.0 17.320515 0.0E+0 36.840625
 7
      42.64716     -118.35208
      42.58379     -118.36522
      42.50935     -118.36978
      42.48258     -118.40155
      42.41900     -118.40804
      42.40163     -118.47390
      42.36190     -118.49107
 2 3 1 1    827ac Warner Valley faults (east)                 
 1.6881728 0.8 7.5 7.5 0.1 0.2
 60.0 17.320515 0.0E+0 147.44427
 27
      42.88812     -119.49831
      42.83597     -119.49831
      42.73013     -119.54433
      42.71939     -119.58421
      42.68105     -119.61949
      42.64423     -119.63790
      42.59115     -119.69634
      42.55680     -119.73607
      42.52844     -119.78358
      42.51078     -119.79896
      42.47704     -119.79742
      42.44482     -119.81429
      42.39727     -119.82657
      42.36660     -119.82657
      42.33745     -119.79589
      42.28530     -119.76061
      42.07822     -119.75755
      42.00460     -119.76675
      41.92706     -119.69392
      41.89121     -119.67164
      41.87019     -119.66607
      41.84504     -119.67218
      41.79571     -119.66912
      41.78565     -119.67299
      41.75636     -119.71117
      41.73372     -119.72437
      41.71315     -119.76462
 1 3 1 1    827b Warner Valley faults (west)                  
 6.99 8.4495E-5 0.2 2.8962153E+15
 60.0 17.320515 0.0E+0 43.88201
 12
      42.07351     -119.95921
      42.08378     -119.95865
      42.11110     -119.95380
      42.14568     -119.93385
      42.16563     -119.91103
      42.19419     -119.90232
      42.26459     -119.88349
      42.29786     -119.89340
      42.32545     -119.90826
      42.39976     -119.91251
      42.43090     -119.92029
      42.45284     -119.92454
 1 3 1 1    828 Goose Lake                                    
 7.14 6.250982E-5 0.2 3.5970662E+15
 60.0 17.320515 0.0E+0 59.951053
 8
      42.28607     -120.34656
      42.23698     -120.36497
      42.15722     -120.34196
      42.11734     -120.31588
      42.01303     -120.28938
      41.94664     -120.30707
      41.88240     -120.30492
      41.78951     -120.19423
