0               !Good to go with hazFXnga7c. WaOr compr w/Seattle flt, w/.5, no normal from B&R
24.6 50. 0.05           Using M=M(SRL) Wells and Co. except special situations 
-125. -100. 0.05		!Klamath flts included, Cascadia block. Pine Valley Graben incl, Yakima
760 2
1. 200.
3       periods 
0. 1. 0. PGA
0.375 0.210 0.245
0.230 0.225 0.23
0.400 0.360 0.31
../out/orwa_c.pga
19
.005 .007 .0098 .0137 .0192 .0269 .0376 .0527 .0738 .103 .145 .203 .284 .397 .556 .778 1.09 1.52 2.13 
3
15 0.3333 1000.     0.00 0 CY11-07
14 0.3333 1000.     0.00 0 C&B 2008,mar
13 0.3333 1000.     0.00 0 B&A 2007, apr
0.20 1. 0. PSA
0.375 0.210 0.245
0.230 0.225 0.23
0.400 0.360 0.31
../out/orwa_c.5hz
19
.005 .0075 .0113 .0169 .0253 .0380 .0570 .0854 .128 .192 .288 .432 .649 .973 1.46 2.19 3.28 4.92 7.38           
3
15 0.3333 1000.     0.00 0 CY11-07
14 0.3333 1000.     0.00 0 C&B 2008,mar
13 0.3333 1000.     0.00 0 B&A 2007, apr
1.00 1. 0. PSA
0.375 0.210 0.245
0.230 0.225 0.23
0.400 0.360 0.31
../out/orwa_c.1hz
20
.0025 .00375 .00563 .00844 .0127 .0190 .0285 .0427 .0641 .0961 .144 .216 .324 .487 .730 1.09 1.64 2.46 3.69 5.54
3
15 0.3333 1000.     0.00 0 CY11-07
14 0.3333 1000.     0.00 0 C&B 2008,mar
13 0.3333 1000.     0.00 0 B&A 2007, apr
1.  2.
3
-.2 0. .2 
.2 .6 .2
0.12 5
 1 1 1 1    797 Alvin Canyon fault                            
 7.23 2.6125321E-3 0.05   Relatively high rate but low weight. 
 90.0 15.0 0.0E+0 71.23108
 7
      44.60956     -125.42260
      44.57030     -125.30537
      44.47615     -124.90244
      44.45944     -124.86165
      44.42925     -124.75932
      44.41011     -124.64540
      44.39170     -124.58063
 1 1 1 1    798 Daisy Bank fault                              
 7.3 2.0829648E-3 0.05	Also Relatively high rate but low weight.
 90.0 15.0 0.0E+0 81.207214
 12
      44.87566     -125.51397
      44.85392     -125.43456
      44.84314     -125.33869
      44.81350     -125.19558
      44.76579     -125.06432
      44.72913     -125.02480
      44.70973     -124.98940
      44.68350     -124.91528
      44.65834     -124.86308
      44.61747     -124.71584
      44.57973     -124.63741
      44.56697     -124.60049
 1 1 1 1    799 Wecoma fault                                  
 7.34 2.9464466E-3 0.05		!ditto
 90.0 15.0 0.0E+0 88.44402
 12
      45.21076     -125.63426
      45.17761     -125.50552
      45.13449     -125.41398
      45.11697     -125.35972
      45.10278     -125.33133
      45.07412     -125.21633
      45.01473     -125.06774
      45.00288     -125.02165
      44.95831     -124.93451
      44.92103     -124.79903
      44.89408     -124.67793
      44.87557     -124.62124
 1 2 1 1    871 Turner and Mill Creek faults                  
 6.59 9.785813E-6 1.0
 60.0 17.320515 0.0E+0 20.060814
 5
      44.76031     -123.07079
      44.81305     -123.00809
      44.82302     -122.98895
      44.81610     -122.97368
      44.83119     -122.86048
 1 2 1 1    873 Mount Angel fault                             
 6.8 6.851416E-5 1.0
 60.0 17.320515 0.0E+0 30.307762
 4
      44.96748     -122.61046
      45.05669     -122.78115
      45.08678     -122.81709
      45.16072     -122.87090
 1 2 1 1    877 Portland Hills fault                          
 7.05 7.074974E-5 1.0
 60.0 17.320515 0.0E+0 49.724815
 10
      45.72258     -122.92849
      45.65807     -122.86075
      45.58243     -122.76974
      45.52439     -122.69643
      45.51577     -122.67721
      45.43572     -122.61908
      45.40490     -122.58781
      45.39493     -122.57075
      45.38577     -122.56491
      45.37391     -122.53931
 1 1 1 1    880 Lacamas Lake fault                            
 6.67 2.4382443E-5 1.0
 90.0 15.0 0.0E+0 23.653294
 2
      45.68386     -122.51254
      45.52834     -122.30509
 1 2 1 1    882 Happy Camp fault                              
 6.58 3.5521297E-5 1.0
 60.0 17.320515 0.0E+0 19.696873
 3
      45.38945     -123.83820
      45.43994     -123.94125
      45.48396     -124.05139
 1 2 1 1    893 Coquille anticline                            
 6.78 2.5372722E-4 1.0
 60.0 17.320515 0.0E+0 29.241886
 7
      43.30931     -124.55090
      43.26089     -124.54254
      43.23745     -124.52125
      43.15632     -124.49169
      43.13512     -124.47102
      43.12137     -124.41793
      43.09855     -124.38164
 1 2 1 1    894 Cape Blanco anticline                         
 7.02 1.5646841E-3 0.5
 45.0 21.213217 0.0E+0 47.212345
 8
      43.02102     -124.95634
      42.99398     -124.87621
      42.97835     -124.79714
      42.96272     -124.75510
      42.89525     -124.68296
      42.86614     -124.64487
      42.85293     -124.60282
      42.82967     -124.46169
 1 3 1 1    895 Beaver Creek fault zone                       
 6.52 3.959657E-4 1.0
 50.0 19.58112 0.0E+0 17.455103
 7
      42.76525     -124.48927
      42.78411     -124.45665
      42.79651     -124.44893
      42.81313     -124.42090
      42.82688     -124.38937
      42.83488     -124.35289
      42.85545     -124.32019
 1 3 1 1    896 Battle Rock fault zone                        
 7.0 9.734931E-5 1.0
 50.0 19.58112 0.0E+0 45.042972
 6
      42.51586     -124.37472
      42.55287     -124.37814
      42.58099     -124.39332
      42.73866     -124.49663
      42.83191     -124.51352
      42.89731     -124.54182
 1 1 1 1    897 Whaleshead fault zone                         
 7.01 1.4480964E-3 1.0
 90.0 15.0 0.0E+0 46.349525
 11
      42.12407     -124.36897
      42.16252     -124.33474
      42.18678     -124.32468
      42.26754     -124.31380
      42.30195     -124.33259
      42.31740     -124.35011
      42.37427     -124.36196
      42.40724     -124.37616
      42.46025     -124.41335
      42.49070     -124.41659
      42.50957     -124.43787
 1 1 1 1    OR1 Gales Creek fault zone                        
 6.75 1.3126271E-5 1.0
 90.0 15.0 0.0E+0 27.277721
 4
      45.69823     -123.30940
      45.55736     -123.21112
      45.51604     -123.15075
      45.49232     -123.12586
 1 1 1 1    OR3 Newberg fault                                 
 6.85 1.14349904E-5 1.0
 90.0 15.0 0.0E+0 33.566345
 6
      45.22541     -122.88985
      45.28191     -122.92499
      45.31695     -122.95778
      45.34678     -122.99695
      45.41694     -123.05328
      45.48172     -123.11284
 1 1 1 1    571 Strawberry Point fault, back to SS AF
 6.73 2.1119526E-4 1.0
 90.0 15.0 0.0E+0 26.213926	!subvertical in Sam Johnson documentation
 4
      48.34606     -122.80190
      48.34175     -122.72518
      48.31839     -122.61486
      48.29719     -122.45629
 1 1 1 1    573 Utsalady Point fault, back to SS AF                          
 6.69 1.3633845E-4 1.0
 90.0 15.0 0.0E+0 24.564823
 5
      48.34399     -122.79948
      48.33528     -122.73740
      48.30851     -122.65223
      48.25317     -122.53149
      48.24652     -122.50552
 2 2 1 1    574 Devils Mountain fault                         
 1.7515016 0.8 7.5 7.5 0.1 1.0
 60.0 17.320515 0.0E+0 125.10021
 21
      48.23358     -121.63723
      48.25946     -121.69427
      48.28767     -121.90701
      48.31704     -121.99946
      48.32387     -122.03503
      48.34004     -122.14491
      48.34723     -122.24184
      48.35837     -122.31390
      48.36115     -122.35577
      48.35990     -122.53104
      48.36052     -122.54254
      48.37068     -122.55754
      48.37445     -122.66544
      48.36565     -122.80325
      48.37211     -122.85275
      48.37517     -122.91941
      48.37472     -122.93792
      48.36753     -122.96209
      48.36726     -123.05669
      48.37202     -123.18273
      48.38442     -123.28416
 1 2 1 1    567 Horse Haven Hills structure (NW trend)        
 7.14 1.920107E-5 1.0
 60.0 17.320515 0.0E+0 59.403533
 9
      46.26625     -119.54301
      46.24135     -119.49222
      46.21941     -119.40422
      46.20301     -119.34533
      46.15023     -119.25048
      46.12235     -119.18376
      46.10293     -119.07571
      46.05065     -118.99953
      46.01032     -118.87953
 1 2 1 1    575 Saddle Mountain fault                         
 7.35 2.3872894E-5 1.0
 60.0 17.320515 0.0E+0 90.93914
 22
      46.90828     -120.28955
      46.88734     -120.20384
      46.87090     -120.17276
      46.85994     -120.14177
      46.85266     -120.10529
      46.84898     -120.05238
      46.85078     -120.02139
      46.84539     -119.99219
      46.81978     -119.94475
      46.81250     -119.91743
      46.81619     -119.88824
      46.81430     -119.82068
      46.82167     -119.73318
      46.81430     -119.63094
      46.81799     -119.59815
      46.81071     -119.52520
      46.79795     -119.47408
      46.79795     -119.43761
      46.77603     -119.32450
      46.75411     -119.25703
      46.75231     -119.22963
      46.71584     -119.16764
 1 2 1 1    576 Mill Creek Thrust fault                       
 7.11 2.4819588E-5 1.0
 60.0 17.320515 0.0E+0 56.47542
 11
      46.21732     -120.92022
      46.24176     -120.86533
      46.25856     -120.80442
      46.26305     -120.76929
      46.28290     -120.70686
      46.30276     -120.56051
      46.30276     -120.51478
      46.27069     -120.37445
      46.26916     -120.33483
      46.29207     -120.26476
      46.29207     -120.22514
 1 1 1 1    845a Hite fault system                            
 7.34 6.9171705E-6 1.0
 90.0 15.0 0.0E+0 88.244445
 10
      46.36115     -117.63902
      46.18785     -117.86820
      46.09245     -117.95814
      46.00090     -118.00674
      45.95831     -118.02120
      45.87198     -118.08804
      45.80334     -118.15632
      45.75348     -118.18768
      45.72832     -118.19900
      45.68763     -118.20744
 1 3 1 1    801 Wallowa fault, inside Yakima block
 7.08 1.2071432E-4 1.0
 50.0 19.58112 0.0E+0 52.592742
 9
      45.27733     -117.14635
      45.28524     -117.18175
      45.33420     -117.29000
      45.34777     -117.31156
      45.38388     -117.34849
      45.45647     -117.45162
      45.52574     -117.52538
      45.54101     -117.54964
      45.60740     -117.61261
 1 2 1 1    WA1 Rattlesnake-Wallula fault system              
 7.44 1.7284341E-5 1.0
 60.0 17.320515 0.0E+0 108.65051
 13
      46.36699     -119.53822
      46.25712     -119.36700
      46.16953     -119.19180
      46.15695     -119.14877
      46.14132     -119.12173
      46.05301     -118.91654
      46.03683     -118.83847
      46.01770     -118.78834
      45.98006     -118.72330
      45.94969     -118.66022
      45.88833     -118.46105
      45.86362     -118.42700
      45.81987     -118.39979
 1 2 1 1    newWA1 Lake Creek-Boundary Creek fault, event from .43 mm/yr slip rate AF.
 6.79 4.4579174E-4 1.0
 60.0 17.320515 0.0E+0 29.683672
 7
      48.02600     -123.29668
      48.02560     -123.34226
      48.03091     -123.36013
      48.03375     -123.39651
      48.05136     -123.48310
      48.07502     -123.67099
      48.07687     -123.68661
 1 2 1 1    newWA2 Stonewall anticline                        
 6.8 5.1217485E-4 1.0
 60.0 17.320515 0.0E+0 30.359642
 4
      44.49184     -124.41540
      44.60211     -124.49915
      44.66658     -124.53199
      44.74411     -124.55374
 1 2 1 1    572n Southern Whidbey Island fault dip 60 sep 10  
 7.42 8.251E-5 1.0 1.2488403E+16
 -60.0 17.320515 0.0E+0 104.06994
 83
      48.24300     -122.89600
      48.24200     -122.89390
      48.23690     -122.88280
      48.23180     -122.87170
      48.22660     -122.86060
      48.22150     -122.84950
      48.21640     -122.83840
      48.21160     -122.82710
      48.20770     -122.81490
      48.20380     -122.80270
      48.19990     -122.79050
      48.19600     -122.77840
      48.19220     -122.76620
      48.18830     -122.75400
      48.18440     -122.74180
      48.18050     -122.72970
      48.17660     -122.71750
      48.17270     -122.70530
      48.16880     -122.69320
      48.16490     -122.68100
      48.16100     -122.66880
      48.15710     -122.65670
      48.15320     -122.64450
      48.14920     -122.63270
      48.14280     -122.62330
      48.13630     -122.61390
      48.12990     -122.60450
      48.12490     -122.59330
      48.12010     -122.58190
      48.11530     -122.57050
      48.11050     -122.55910
      48.10560     -122.54780
      48.10080     -122.53640
      48.09600     -122.52500
      48.09080     -122.51430
      48.08380     -122.50580
      48.07680     -122.49720
      48.06980     -122.48870
      48.06290     -122.48020
      48.05590     -122.47170
      48.04890     -122.46320
      48.04190     -122.45470
      48.03490     -122.44620
      48.02790     -122.43780
      48.02100     -122.42930
      48.01400     -122.42080
      48.00700     -122.41230
      48.00060     -122.40310
      47.99460     -122.39300
      47.98870     -122.38290
      47.98280     -122.37280
      47.97680     -122.36270
      47.97090     -122.35260
      47.96490     -122.34250
      47.95900     -122.33240
      47.95310     -122.32230
      47.94710     -122.31220
      47.94120     -122.30210
      47.93470     -122.29300
      47.92770     -122.28450
      47.92070     -122.27610
      47.91370     -122.26760
      47.90670     -122.25920
      47.89970     -122.25080
      47.89420     -122.24030
      47.88870     -122.22970
      47.88330     -122.21900
      47.87780     -122.20830
      47.87250     -122.19750
      47.86720     -122.18670
      47.86190     -122.17590
      47.85680     -122.16490
      47.85300     -122.15270
      47.84920     -122.14050
      47.84550     -122.12840
      47.84110     -122.11670
      47.83650     -122.10520
      47.83110     -122.09460
      47.82500     -122.08470
      47.82010     -122.07350
      47.81530     -122.06210
      47.81060     -122.05070
      47.76560     -122.00000
 1 2 1 1    572m Southern Whidbey Island fault, rev slipev
 7.44 8.0337325E-5 1.0
 -60.0 17.320515 0.0E+0 108.57625
 85
      48.24300     -122.94850
      48.24104     -122.94425
      48.23627     -122.93283
      48.23139     -122.92146
      48.22635     -122.91029
      48.22130     -122.89914
      48.21616     -122.88799
      48.21111     -122.87683
      48.20601     -122.86568
      48.20110     -122.85443
      48.19625     -122.84323
      48.19108     -122.83247
      48.18584     -122.82167
      48.18150     -122.80995
      48.17753     -122.79787
      48.17352     -122.78578
      48.16951     -122.77369
      48.16550     -122.76164
      48.16149     -122.74956
      48.15748     -122.73746
      48.15297     -122.72592
      48.14812     -122.71472
      48.14322     -122.70347
      48.13832     -122.69231
      48.13342     -122.68105
      48.12848     -122.67003
      48.12247     -122.66002
      48.11641     -122.65007
      48.11040     -122.64006
      48.10501     -122.62930
      48.09971     -122.61845
      48.09447     -122.60756
      48.08917     -122.59671
      48.08382     -122.58591
      48.07852     -122.57501
      48.07322     -122.56416
      48.06775     -122.55363
      48.06147     -122.54408
      48.05519     -122.53448
      48.04891     -122.52493
      48.04268     -122.51537
      48.03640     -122.50575
      48.03012     -122.49620
      48.02385     -122.48664
      48.01757     -122.47709
      48.01123     -122.46758
      48.00500     -122.45802
      47.99872     -122.44846
      47.99244     -122.43891
      47.98588     -122.43015
      47.97927     -122.42105
      47.97270     -122.41196
      47.96613     -122.40285
      47.95958     -122.39381
      47.95301     -122.38471
      47.94640     -122.37561
      47.93983     -122.36651
      47.93365     -122.35686
      47.92749     -122.34704
      47.92142     -122.33721
      47.91503     -122.32784
      47.90842     -122.31866
      47.90181     -122.30960
      47.89520     -122.30049
      47.88859     -122.29142
      47.88264     -122.28168
      47.87731     -122.27091
      47.87203     -122.26003
      47.86674     -122.24917
      47.86147     -122.23830
      47.85622     -122.22739
      47.85053     -122.21715
      47.84468     -122.20702
      47.83897     -122.19673
      47.83384     -122.18592
      47.82853     -122.17539
      47.82317     -122.16507
      47.81743     -122.15492
      47.81167     -122.14487
      47.80555     -122.13521
      47.79884     -122.12642
      47.79260     -122.11711
      47.78641     -122.10766
      47.78027     -122.09825
      47.71570     -122.01610
 1 2 1 1    572s Southern Whidbey Island fault                
 7.42 8.2935453E-5 1.0
 -60.0 17.320515 0.0E+0 104.60656
 85
      48.23800     -122.97710
      48.23300     -122.96590
      48.22800     -122.95470
      48.22290     -122.94350
      48.21790     -122.93230
      48.21290     -122.92110
      48.20780     -122.90990
      48.20280     -122.89870
      48.19770     -122.88750
      48.19270     -122.87630
      48.18710     -122.86590
      48.18090     -122.85630
      48.17460     -122.84660
      48.16990     -122.83520
      48.16580     -122.82320
      48.16170     -122.81120
      48.15760     -122.79920
      48.15350     -122.78720
      48.14940     -122.77520
      48.14530     -122.76320
      48.14030     -122.75210
      48.13470     -122.74170
      48.12900     -122.73120
      48.12330     -122.72080
      48.11760     -122.71030
      48.11190     -122.69990
      48.10620     -122.68940
      48.10050     -122.67900
      48.09480     -122.66850
      48.08910     -122.65810
      48.08340     -122.64770
      48.07780     -122.63720
      48.07210     -122.62680
      48.06640     -122.61640
      48.06070     -122.60590
      48.05500     -122.59550
      48.04930     -122.58510
      48.04360     -122.57470
      48.03790     -122.56430
      48.03220     -122.55390
      48.02650     -122.54350
      48.02080     -122.53300
      48.01510     -122.52260
      48.00940     -122.51220
      48.00370     -122.50180
      47.99790     -122.49140
      47.99220     -122.48100
      47.98650     -122.47060
      47.98080     -122.46020
      47.97410     -122.45180
      47.96700     -122.44350
      47.95990     -122.43520
      47.95280     -122.42690
      47.94580     -122.41870
      47.93870     -122.41040
      47.93160     -122.40210
      47.92450     -122.39380
      47.91810     -122.38450
      47.91180     -122.37490
      47.90560     -122.36530
      47.89930     -122.35570
      47.89300     -122.34600
      47.88670     -122.33640
      47.88040     -122.32680
      47.87410     -122.31720
      47.86900     -122.30640
      47.86380     -122.29540
      47.85870     -122.28430
      47.85350     -122.27330
      47.84840     -122.26230
      47.84320     -122.25130
      47.83720     -122.24150
      47.83090     -122.23190
      47.82470     -122.22220
      47.81850     -122.21250
      47.81200     -122.20330
      47.80530     -122.19440
      47.79850     -122.18550
      47.79180     -122.17660
      47.78510     -122.16770
      47.77790     -122.15980
      47.77060     -122.15200
      47.76330     -122.14410
      47.75600     -122.13630
      47.70830     -122.08330
 1 3 1 1    844 Sky Lakes fault zone, in Cascade block wuscmp
 7.08 2.452856E-4 1.0
 50.0 19.58112 0.0E+0 53.432937
 11
      42.14725     -122.04780
      42.19791     -122.10233
      42.25739     -122.14644
      42.33681     -122.18740
      42.34938     -122.20933
      42.37732     -122.21121
      42.41784     -122.22523
      42.48459     -122.23089
      42.51675     -122.23987
      42.54523     -122.24149
      42.58934     -122.23574
 1 3 1 1    843a Klamath graben fault system (west)           
 7.06 1.4240027E-4 1.0
 50.0 19.58112 0.0E+0 50.66233
 12
      42.29988     -122.02444
      42.35001     -122.03405
      42.38757     -122.09325
      42.43671     -122.11095
      42.45818     -122.11221
      42.47507     -122.08688
      42.55134     -122.09640
      42.58719     -122.08840
      42.60085     -122.09280
      42.65762     -122.09380
      42.70452     -122.08274
      42.72006     -122.09631
 1 3 1 1    843bc Klamath graben fault system (east)          
 7.36 1.1510089E-4 1.0
 50.0 19.58112 0.0E+0 92.33019
 17
      42.78951     -121.98949
      42.77495     -121.98734
      42.71916     -121.94969
      42.67640     -121.94708
      42.63867     -121.92490
      42.62304     -121.92804
      42.60830     -121.91546
      42.48118     -121.86506
      42.44803     -121.86227
      42.38936     -121.80307
      42.31327     -121.74809
      42.19262     -121.70263
      42.13071     -121.66822
      42.08921     -121.63480
      42.07510     -121.63373
      42.06217     -121.62034
      42.03773     -121.57731
 1 3 1 1    809a Pine Valley graben fault system, Brownlee sec
 6.56 1.5007759E-5 1.0
 50.0 19.58112 0.0E+0 18.989792
 7
      44.92453     -116.98302
      44.90055     -116.90900
      44.87899     -116.87692
      44.86605     -116.84844
      44.85635     -116.83793
      44.83470     -116.82957
      44.81188     -116.83505
 1 3 1 1    809b Pine Valley graben fault system, Halfway-Pose
 6.91 8.956451E-6 1.0
 50.0 19.58112 0.0E+0 37.961364
 10
      44.75609     -116.85428
      44.76716     -116.86715
      44.79175     -116.88456
      44.81781     -116.92633
      44.83892     -117.01689
      44.86201     -117.08741
      44.87072     -117.10197
      44.90666     -117.12838
      44.94780     -117.14185
      44.98877     -117.14671
 2 2 1 1    570s  Seattle fault zone                         
     1.16   0.800000    6.50000    7.10000    1.00000E-01 1.0	!1-wt for run
     45.0000    21.2132  0.    55.6578
   14
      47.55468     -122.83775
      47.55914     -122.76653
      47.57049     -122.75823
      47.55848     -122.68445
      47.56104     -122.63577
      47.55732     -122.53688
      47.54517     -122.40593
      47.51861     -122.34637
      47.51644     -122.33403
      47.51837     -122.29825
      47.53182     -122.26525
      47.53767     -122.23296
      47.53329     -122.20190
      47.51413     -122.13624
 2 2 1 1    570m  Seattle fault zone                         
     1.11   0.800000    6.50000    7.20000    1.00000E-01 1.0	!1-wt for run
     45.0000    21.2132  0.    64.2915
   12
      47.59231     -122.83975
      47.59931     -122.78531
      47.60292     -122.68174
      47.59384     -122.49931
      47.58866     -122.44908
      47.56135     -122.43532
      47.55725     -122.37994
      47.55548     -122.22049
      47.53124     -122.12252
      47.52741     -122.08935
      47.52781     -122.04664
      47.53319     -122.02247
 2 2 1 1    570n  Seattle fault zone                         
     1.15   0.800000    6.50000    7.20000    1.00000E-01 1.0	!1-wt for run
     45.0000    21.2132  0.    70.8763
   15
      47.59327     -122.86139
      47.60415     -122.80168
      47.60928     -122.69327
      47.62177     -122.59585
      47.60498     -122.46463
      47.58404     -122.43938
      47.58278     -122.40179
      47.57425     -122.34623
      47.57787     -122.30441
      47.57270     -122.26027
      47.58423     -122.16961
      47.58031     -122.03445
      47.58937     -121.98685
      47.58788     -121.96100
      47.58305     -121.94521
 1 2 1 1    570n  Seattle fault zone Northern Trace                       
     7.20000    2.0e-4 1.0	!1wt for now   
     45.0000    21.2132  0.    70.8763
   15
      47.59327     -122.86139
      47.60415     -122.80168
      47.60928     -122.69327
      47.62177     -122.59585
      47.60498     -122.46463
      47.58404     -122.43938
      47.58278     -122.40179
      47.57425     -122.34623
      47.57787     -122.30441
      47.57270     -122.26027
      47.58423     -122.16961
      47.58031     -122.03445
      47.58937     -121.98685
      47.58788     -121.96100
      47.58305     -121.94521
 2 1 1 1    797 Alvin Canyon fault                            
 2.529093 0.8 6.5 7.23 0.09125 0.05
 90.0 15.0 0.0E+0 71.23108
 7
      44.60956     -125.42260
      44.57030     -125.30537
      44.47615     -124.90244
      44.45944     -124.86165
      44.42925     -124.75932
      44.41011     -124.64540
      44.39170     -124.58063
 2 1 1 1    798 Daisy Bank fault                              
 2.5063807 0.8 6.5 7.3 0.100000023 0.05
 90.0 15.0 0.0E+0 81.207214
 12
      44.87566     -125.51397
      44.85392     -125.43456
      44.84314     -125.33869
      44.81350     -125.19558
      44.76579     -125.06432
      44.72913     -125.02480
      44.70973     -124.98940
      44.68350     -124.91528
      44.65834     -124.86308
      44.61747     -124.71584
      44.57973     -124.63741
      44.56697     -124.60049
 2 1 1 1    799 Wecoma fault                                  
 2.7000494 0.8 6.5 7.34 0.10500002 0.05
 90.0 15.0 0.0E+0 88.44402
 12
      45.21076     -125.63426
      45.17761     -125.50552
      45.13449     -125.41398
      45.11697     -125.35972
      45.10278     -125.33133
      45.07412     -125.21633
      45.01473     -125.06774
      45.00288     -125.02165
      44.95831     -124.93451
      44.92103     -124.79903
      44.89408     -124.67793
      44.87557     -124.62124
 2 3 1 1    801 Wallowa fault                                 
 1.1553462 0.8 6.5 7.08 0.09666666 1.0
 50.0 19.58112 0.0E+0 52.592742
 9
      45.27733     -117.14635
      45.28524     -117.18175
      45.33420     -117.29000
      45.34777     -117.31156
      45.38388     -117.34849
      45.45647     -117.45162
      45.52574     -117.52538
      45.54101     -117.54964
      45.60740     -117.61261
 2 3 1 1    809a Pine Valley graben fault system, Brownlee sec
 0.445314 0.8 6.5 6.5599994 0.059999942 1.0
 50.0 19.58112 0.0E+0 18.989792
 7
      44.92453     -116.98302
      44.90055     -116.90900
      44.87899     -116.87692
      44.86605     -116.84844
      44.85635     -116.83793
      44.83470     -116.82957
      44.81188     -116.83505
 2 3 1 1    809b Pine Valley graben fault system, Halfway-Pose
 0.014196634 0.8 6.5 6.91 0.10249996 1.0
 50.0 19.58112 0.0E+0 37.961364
 10
      44.75609     -116.85428
      44.76716     -116.86715
      44.79175     -116.88456
      44.81781     -116.92633
      44.83892     -117.01689
      44.86201     -117.08741
      44.87072     -117.10197
      44.90666     -117.12838
      44.94780     -117.14185
      44.98877     -117.14671
 2 3 1 1    843a Klamath graben fault system (west)           
 1.2051246 0.8 6.5 7.06 0.09333333 1.0
 50.0 19.58112 0.0E+0 50.66233
 12
      42.29988     -122.02444
      42.35001     -122.03405
      42.38757     -122.09325
      42.43671     -122.11095
      42.45818     -122.11221
      42.47507     -122.08688
      42.55134     -122.09640
      42.58719     -122.08840
      42.60085     -122.09280
      42.65762     -122.09380
      42.70452     -122.08274
      42.72006     -122.09631
 2 3 1 1    843bc Klamath graben fault system (east)          
 1.3133024 0.8 6.5 7.36 0.10750002 1.0
 50.0 19.58112 0.0E+0 92.33019
 17
      42.78951     -121.98949
      42.77495     -121.98734
      42.71916     -121.94969
      42.67640     -121.94708
      42.63867     -121.92490
      42.62304     -121.92804
      42.60830     -121.91546
      42.48118     -121.86506
      42.44803     -121.86227
      42.38936     -121.80307
      42.31327     -121.74809
      42.19262     -121.70263
      42.13071     -121.66822
      42.08921     -121.63480
      42.07510     -121.63373
      42.06217     -121.62034
      42.03773     -121.57731
 2 3 1 1    844 Sky Lakes fault zone                          
 1.4632595 0.8 6.5 7.08 0.09666666 1.0
 50.0 19.58112 0.0E+0 53.432937
 11
      42.14725     -122.04780
      42.19791     -122.10233
      42.25739     -122.14644
      42.33681     -122.18740
      42.34938     -122.20933
      42.37732     -122.21121
      42.41784     -122.22523
      42.48459     -122.23089
      42.51675     -122.23987
      42.54523     -122.24149
      42.58934     -122.23574
 2 2 1 1    871 Turner and Mill Creek faults                  
 0.29409804 0.8 6.5 6.59 0.09000015 1.0
 60.0 17.320515 0.0E+0 20.060814
 5
      44.76031     -123.07079
      44.81305     -123.00809
      44.82302     -122.98895
      44.81610     -122.97368
      44.83119     -122.86048
 2 2 1 1    873 Mount Angel fault                             
 0.77476245 0.8 6.5 6.8 0.07500005 1.0
 60.0 17.320515 0.0E+0 30.307762
 4
      44.96748     -122.61046
      45.05669     -122.78115
      45.08678     -122.81709
      45.16072     -122.87090
 2 2 1 1    877 Portland Hills fault                          
 0.8903394 0.8 6.5 7.05 0.0916667 1.0
 60.0 17.320515 0.0E+0 49.724815
 10
      45.72258     -122.92849
      45.65807     -122.86075
      45.58243     -122.76974
      45.52439     -122.69643
      45.51577     -122.67721
      45.43572     -122.61908
      45.40490     -122.58781
      45.39493     -122.57075
      45.38577     -122.56491
      45.37391     -122.53931
 2 1 1 1    880 Lacamas Lake fault                            
 0.48052972 0.8 6.5 6.67 0.08500004 1.0
 90.0 15.0 0.0E+0 23.653294
 2
      45.68386     -122.51254
      45.52834     -122.30509
 2 2 1 1    882 Happy Camp fault                              
 0.8424882 0.8 6.5 6.58 0.07999992 1.0
 60.0 17.320515 0.0E+0 19.696873
 3
      45.38945     -123.83820
      45.43994     -123.94125
      45.48396     -124.05139
 2 2 1 1    893 Coquille anticline                            
 1.6225786 0.8 6.5 6.78 0.1400001 1.0
 60.0 17.320515 0.0E+0 29.241886
 7
      43.30931     -124.55090
      43.26089     -124.54254
      43.23745     -124.52125
      43.15632     -124.49169
      43.13512     -124.47102
      43.12137     -124.41793
      43.09855     -124.38164
 2 2 1 1    894 Cape Blanco anticline                         
 2.20199 0.8 6.5 7.02 0.086666665 0.5
 45.0 21.213217 0.0E+0 47.212345
 8
      43.02102     -124.95634
      42.99398     -124.87621
      42.97835     -124.79714
      42.96272     -124.75510
      42.89525     -124.68296
      42.86614     -124.64487
      42.85293     -124.60282
      42.82967     -124.46169
 2 3 1 1    895 Beaver Creek fault zone                       
 1.8206571 0.8 6.5 6.5200004 0.01999998 1.0
 50.0 19.58112 0.0E+0 17.455103
 7
      42.76525     -124.48927
      42.78411     -124.45665
      42.79651     -124.44893
      42.81313     -124.42090
      42.82688     -124.38937
      42.83488     -124.35289
      42.85545     -124.32019
 2 3 1 1    896 Battle Rock fault zone                        
 1.1503175 0.8 6.5 7.0 0.125 1.0
 50.0 19.58112 0.0E+0 45.042972
 6
      42.51586     -124.37472
      42.55287     -124.37814
      42.58099     -124.39332
      42.73866     -124.49663
      42.83191     -124.51352
      42.89731     -124.54182
 2 1 1 1    897 Whaleshead fault zone                         
 2.1573264 0.8 6.5 7.01 0.08500004 1.0
 90.0 15.0 0.0E+0 46.349525
 11
      42.12407     -124.36897
      42.16252     -124.33474
      42.18678     -124.32468
      42.26754     -124.31380
      42.30195     -124.33259
      42.31740     -124.35011
      42.37427     -124.36196
      42.40724     -124.37616
      42.46025     -124.41335
      42.49070     -124.41659
      42.50957     -124.43787
 2 1 1 1    OR1 Gales Creek fault zone                        
 0.3024114 0.8 6.5 6.75 0.125 1.0
 90.0 15.0 0.0E+0 27.277721
 4
      45.69823     -123.30940
      45.55736     -123.21112
      45.51604     -123.15075
      45.49232     -123.12586
 2 1 1 1    OR3 Newberg fault                                 
 0.053293127 0.8 6.5 6.85 0.087499976 1.0
 90.0 15.0 0.0E+0 33.566345
 6
      45.22541     -122.88985
      45.28191     -122.92499
      45.31695     -122.95778
      45.34678     -122.99695
      45.41694     -123.05328
      45.48172     -123.11284
 2 1 1 1    571 Strawberry Point fault, return to SS AF                        
 1.4862921 0.8 6.5 6.73 0.11500001 1.0
 90.0 15.0 0.0E+0 26.213926
 4
      48.34606     -122.80190
      48.34175     -122.72518
      48.31839     -122.61486
      48.29719     -122.45629
 2 1 1 1    573 Utsalady Point fault, return to SS AF                          
 1.2508161 0.8 6.5 6.69 0.09500003 1.0
 90.0 15.0 0.0E+0 24.564823
 5
      48.34399     -122.79948
      48.33528     -122.73740
      48.30851     -122.65223
      48.25317     -122.53149
      48.24652     -122.50552
 2 2 1 1    574 Devils Mountain fault                         
 1.1531128 0.8 6.5 7.5 0.125 1.0
 60.0 17.320515 0.0E+0 125.10021
 21
      48.23358     -121.63723
      48.25946     -121.69427
      48.28767     -121.90701
      48.31704     -121.99946
      48.32387     -122.03503
      48.34004     -122.14491
      48.34723     -122.24184
      48.35837     -122.31390
      48.36115     -122.35577
      48.35990     -122.53104
      48.36052     -122.54254
      48.37068     -122.55754
      48.37445     -122.66544
      48.36565     -122.80325
      48.37211     -122.85275
      48.37517     -122.91941
      48.37472     -122.93792
      48.36753     -122.96209
      48.36726     -123.05669
      48.37202     -123.18273
      48.38442     -123.28416
 2 2 1 1    567 Horse Haven Hills structure (NW trend)        
 0.4226207 0.8 6.5 7.14 0.10666665 1.0
 60.0 17.320515 0.0E+0 59.403533
 9
      46.26625     -119.54301
      46.24135     -119.49222
      46.21941     -119.40422
      46.20301     -119.34533
      46.15023     -119.25048
      46.12235     -119.18376
      46.10293     -119.07571
      46.05065     -118.99953
      46.01032     -118.87953
 2 2 1 1    575 Saddle Mountain fault                         
 0.6193971 0.8 6.5 7.35 0.10624999 1.0
 60.0 17.320515 0.0E+0 90.93914
 22
      46.90828     -120.28955
      46.88734     -120.20384
      46.87090     -120.17276
      46.85994     -120.14177
      46.85266     -120.10529
      46.84898     -120.05238
      46.85078     -120.02139
      46.84539     -119.99219
      46.81978     -119.94475
      46.81250     -119.91743
      46.81619     -119.88824
      46.81430     -119.82068
      46.82167     -119.73318
      46.81430     -119.63094
      46.81799     -119.59815
      46.81071     -119.52520
      46.79795     -119.47408
      46.79795     -119.43761
      46.77603     -119.32450
      46.75411     -119.25703
      46.75231     -119.22963
      46.71584     -119.16764
 2 2 1 1    576 Mill Creek Thrust fault                       
 0.5012743 0.8 6.5 7.11 0.10166669 1.0
 60.0 17.320515 0.0E+0 56.47542
 11
      46.21732     -120.92022
      46.24176     -120.86533
      46.25856     -120.80442
      46.26305     -120.76929
      46.28290     -120.70686
      46.30276     -120.56051
      46.30276     -120.51478
      46.27069     -120.37445
      46.26916     -120.33483
      46.29207     -120.26476
      46.29207     -120.22514
 2 1 1 1    845a Hite fault system                            
 0.0706793 0.8 6.5 7.34 0.10500002 1.0
 90.0 15.0 0.0E+0 88.244445
 10
      46.36115     -117.63902
      46.18785     -117.86820
      46.09245     -117.95814
      46.00090     -118.00674
      45.95831     -118.02120
      45.87198     -118.08804
      45.80334     -118.15632
      45.75348     -118.18768
      45.72832     -118.19900
      45.68763     -118.20744
 2 2 1 1    WA1 Rattlesnake-Wallula fault system              
 0.5754388 0.8 6.5 7.44 0.11750001 1.0
 60.0 17.320515 0.0E+0 108.65051
 13
      46.36699     -119.53822
      46.25712     -119.36700
      46.16953     -119.19180
      46.15695     -119.14877
      46.14132     -119.12173
      46.05301     -118.91654
      46.03683     -118.83847
      46.01770     -118.78834
      45.98006     -118.72330
      45.94969     -118.66022
      45.88833     -118.46105
      45.86362     -118.42700
      45.81987     -118.39979
 2 2 1 1    572n Southern Whidbey Island fault dip 60 sept 10
 1.23295  0.80  6.500  7.420 0.1150 1.00000 0.12488E+17  about 1/3 of rate to N trace
 -60.0 17.320515 0.0E+0 104.60656
 83
      48.24300     -122.89600
      48.24200     -122.89390
      48.23690     -122.88280
      48.23180     -122.87170
      48.22660     -122.86060
      48.22150     -122.84950
      48.21640     -122.83840
      48.21160     -122.82710
      48.20770     -122.81490
      48.20380     -122.80270
      48.19990     -122.79050
      48.19600     -122.77840
      48.19220     -122.76620
      48.18830     -122.75400
      48.18440     -122.74180
      48.18050     -122.72970
      48.17660     -122.71750
      48.17270     -122.70530
      48.16880     -122.69320
      48.16490     -122.68100
      48.16100     -122.66880
      48.15710     -122.65670
      48.15320     -122.64450
      48.14920     -122.63270
      48.14280     -122.62330
      48.13630     -122.61390
      48.12990     -122.60450
      48.12490     -122.59330
      48.12010     -122.58190
      48.11530     -122.57050
      48.11050     -122.55910
      48.10560     -122.54780
      48.10080     -122.53640
      48.09600     -122.52500
      48.09080     -122.51430
      48.08380     -122.50580
      48.07680     -122.49720
      48.06980     -122.48870
      48.06290     -122.48020
      48.05590     -122.47170
      48.04890     -122.46320
      48.04190     -122.45470
      48.03490     -122.44620
      48.02790     -122.43780
      48.02100     -122.42930
      48.01400     -122.42080
      48.00700     -122.41230
      48.00060     -122.40310
      47.99460     -122.39300
      47.98870     -122.38290
      47.98280     -122.37280
      47.97680     -122.36270
      47.97090     -122.35260
      47.96490     -122.34250
      47.95900     -122.33240
      47.95310     -122.32230
      47.94710     -122.31220
      47.94120     -122.30210
      47.93470     -122.29300
      47.92770     -122.28450
      47.92070     -122.27610
      47.91370     -122.26760
      47.90670     -122.25920
      47.89970     -122.25080
      47.89420     -122.24030
      47.88870     -122.22970
      47.88330     -122.21900
      47.87780     -122.20830
      47.87250     -122.19750
      47.86720     -122.18670
      47.86190     -122.17590
      47.85680     -122.16490
      47.85300     -122.15270
      47.84920     -122.14050
      47.84550     -122.12840
      47.84110     -122.11670
      47.83650     -122.10520
      47.83110     -122.09460
      47.82500     -122.08470
      47.82010     -122.07350
      47.81530     -122.06210
      47.81060     -122.05070
      47.76560     -122.00000
 2 2 1 1    572m Southern Whidbey Island fault dip 60                
 1.24270  0.80  6.500  7.440 0.1175 1.00000 0.13029E+17
 -60.0 17.320515 0.0E+0 108.57625
 85
      48.24300     -122.94850
      48.24104     -122.94425
      48.23627     -122.93283
      48.23139     -122.92146
      48.22635     -122.91029
      48.22130     -122.89914
      48.21616     -122.88799
      48.21111     -122.87683
      48.20601     -122.86568
      48.20110     -122.85443
      48.19625     -122.84323
      48.19108     -122.83247
      48.18584     -122.82167
      48.18150     -122.80995
      48.17753     -122.79787
      48.17352     -122.78578
      48.16951     -122.77369
      48.16550     -122.76164
      48.16149     -122.74956
      48.15748     -122.73746
      48.15297     -122.72592
      48.14812     -122.71472
      48.14322     -122.70347
      48.13832     -122.69231
      48.13342     -122.68105
      48.12848     -122.67003
      48.12247     -122.66002
      48.11641     -122.65007
      48.11040     -122.64006
      48.10501     -122.62930
      48.09971     -122.61845
      48.09447     -122.60756
      48.08917     -122.59671
      48.08382     -122.58591
      48.07852     -122.57501
      48.07322     -122.56416
      48.06775     -122.55363
      48.06147     -122.54408
      48.05519     -122.53448
      48.04891     -122.52493
      48.04268     -122.51537
      48.03640     -122.50575
      48.03012     -122.49620
      48.02385     -122.48664
      48.01757     -122.47709
      48.01123     -122.46758
      48.00500     -122.45802
      47.99872     -122.44846
      47.99244     -122.43891
      47.98588     -122.43015
      47.97927     -122.42105
      47.97270     -122.41196
      47.96613     -122.40285
      47.95958     -122.39381
      47.95301     -122.38471
      47.94640     -122.37561
      47.93983     -122.36651
      47.93365     -122.35686
      47.92749     -122.34704
      47.92142     -122.33721
      47.91503     -122.32784
      47.90842     -122.31866
      47.90181     -122.30960
      47.89520     -122.30049
      47.88859     -122.29142
      47.88264     -122.28168
      47.87731     -122.27091
      47.87203     -122.26003
      47.86674     -122.24917
      47.86147     -122.23830
      47.85622     -122.22739
      47.85053     -122.21715
      47.84468     -122.20702
      47.83897     -122.19673
      47.83384     -122.18592
      47.82853     -122.17539
      47.82317     -122.16507
      47.81743     -122.15492
      47.81167     -122.14487
      47.80555     -122.13521
      47.79884     -122.12642
      47.79260     -122.11711
      47.78641     -122.10766
      47.78027     -122.09825
      47.71570     -122.01610
 2 2 1 1    572s Southern Whidbey Island fault dip60                
 1.23519  0.80  6.500  7.420 0.1150 1.00000 0.12553E+17
 -60.0 17.320515 0.0E+0 104.60656
 85
      48.23800     -122.97710
      48.23300     -122.96590
      48.22800     -122.95470
      48.22290     -122.94350
      48.21790     -122.93230
      48.21290     -122.92110
      48.20780     -122.90990
      48.20280     -122.89870
      48.19770     -122.88750
      48.19270     -122.87630
      48.18710     -122.86590
      48.18090     -122.85630
      48.17460     -122.84660
      48.16990     -122.83520
      48.16580     -122.82320
      48.16170     -122.81120
      48.15760     -122.79920
      48.15350     -122.78720
      48.14940     -122.77520
      48.14530     -122.76320
      48.14030     -122.75210
      48.13470     -122.74170
      48.12900     -122.73120
      48.12330     -122.72080
      48.11760     -122.71030
      48.11190     -122.69990
      48.10620     -122.68940
      48.10050     -122.67900
      48.09480     -122.66850
      48.08910     -122.65810
      48.08340     -122.64770
      48.07780     -122.63720
      48.07210     -122.62680
      48.06640     -122.61640
      48.06070     -122.60590
      48.05500     -122.59550
      48.04930     -122.58510
      48.04360     -122.57470
      48.03790     -122.56430
      48.03220     -122.55390
      48.02650     -122.54350
      48.02080     -122.53300
      48.01510     -122.52260
      48.00940     -122.51220
      48.00370     -122.50180
      47.99790     -122.49140
      47.99220     -122.48100
      47.98650     -122.47060
      47.98080     -122.46020
      47.97410     -122.45180
      47.96700     -122.44350
      47.95990     -122.43520
      47.95280     -122.42690
      47.94580     -122.41870
      47.93870     -122.41040
      47.93160     -122.40210
      47.92450     -122.39380
      47.91810     -122.38450
      47.91180     -122.37490
      47.90560     -122.36530
      47.89930     -122.35570
      47.89300     -122.34600
      47.88670     -122.33640
      47.88040     -122.32680
      47.87410     -122.31720
      47.86900     -122.30640
      47.86380     -122.29540
      47.85870     -122.28430
      47.85350     -122.27330
      47.84840     -122.26230
      47.84320     -122.25130
      47.83720     -122.24150
      47.83090     -122.23190
      47.82470     -122.22220
      47.81850     -122.21250
      47.81200     -122.20330
      47.80530     -122.19440
      47.79850     -122.18550
      47.79180     -122.17660
      47.78510     -122.16770
      47.77790     -122.15980
      47.77060     -122.15200
      47.76330     -122.14410
      47.75600     -122.13630
      47.70830     -122.08330
 2 2 1 1    newWA1 Lake Creek-Boundary Creek fault, gr rate from .43 mmyr slip
 1.8786485 0.8 6.5 6.79 0.145 1.0
 60.0 17.320515 0.0E+0 29.683672
 7
      48.02600     -123.29668
      48.02560     -123.34226
      48.03091     -123.36013
      48.03375     -123.39651
      48.05136     -123.48310
      48.07502     -123.67099
      48.07687     -123.68661
 2 2 1 1    newWA2 Stonewall anticline                        
 1.6484004 0.8 6.5 6.8 0.07500005 1.0
 60.0 17.320515 0.0E+0 30.359642
 4
      44.49184     -124.41540
      44.60211     -124.49915
      44.66658     -124.53199
      44.74411     -124.55374
 1 2 1 1    714 Helvetia fault                                
 6.4 2.5640364E-5 2.0
 60.0 17.320515 0.0E+0 13.634714
 2
      45.52151     -122.89687
      45.63561     -122.96101
 1 3 1 1    834 Paulina Marsh fault                           
 6.26 8.410996E-4 2.0
 50.0 19.58112 0.0E+0 10.417054
 5
      43.23133     -121.03800
      43.18938     -121.00404
      43.17627     -120.99614
      43.15785     -120.99407
      43.14869     -120.98311
 1 3 1 1    865 Mount Hood fault                              
 6.29 4.4451016E-4 2.0
 50.0 19.58112 0.0E+0 11.067698
 5
      45.33106     -121.80505
      45.32917     -121.81637
      45.33447     -121.82940
      45.35469     -121.85689
      45.38604     -121.91735
 1 2 1 1    874 Bolton fault                                  
 6.19 3.277809E-5 2.0
 60.0 17.320515 0.0E+0 9.088407
 5
      45.40895     -122.68889
      45.40248     -122.66184
      45.37463     -122.63112
      45.36510     -122.61495
      45.36169     -122.59914
 1 3 1 1    878 Grant Butte fault                             
 6.21 3.414916E-4 2.0
 50.0 19.58112 0.0E+0 9.381752
 5
      45.49852     -122.43015
      45.48837     -122.45486
      45.48828     -122.47085
      45.47812     -122.49762
      45.47624     -122.54281
 1 2 1 1    885 Yaquina faults, half-wt
 6.14 1.6189321E-3 1.0
 60.0 17.320515 0.0E+0 8.183252
 3
      44.64163     -123.98544
      44.63211     -124.03198
      44.60884     -124.07619
 1 2 1 1    886 Waldport fault                                
 6.43 2.4698613E-4 2.0
 60.0 17.320515 0.0E+0 14.567752
 4
      44.33878     -124.08858
      44.42179     -124.06396
      44.45135     -124.06020
      44.46635     -124.05067
 1 2 1 1    890 South Slough thrust and reverse faults        
 6.29 1.3347851E-3 2.0
 60.0 17.320515 0.0E+0 10.961466
 3
      43.28865     -124.29809
      43.27778     -124.30994
      43.19504     -124.33474
 1 1 1 1    OR4 Sandy River fault zone                        
 6.5 1.8942907E-5 2.0
 90.0 15.0 0.0E+0 16.6002
 2
      45.54631     -122.38145
      45.43931     -122.23296
 1 2 1 1    newWA3 Boulder Creek fault, Kendall scarp. Mag from Frankel
 6.8 3.24E-4 2.0		!Rate from later Frankel email of Nov 13, 2007
 60.0 17.320515 0.0E+0 10.8
 4
      48.9185      -121.9888
      48.9246      -122.0182
      48.913       -122.0825
      48.90828     -122.1328
