0               !Use with hazFX. Characteristic-M fault file 
24.6 50. 0.05           !site grid. Using M=M(SRL) Wells and Co. except special situations 
-125. -100. 0.05
760.0 2.0          ! Vs30 and depth (km) to 2.5 km/s rock
1.0 200.
3       !3 spectral periods.  M<6.5 sources are in a separate file
0. 1. 0. PGA. 
0.370 0.220 0.220
0.250 0.230 0.230
0.400 0.360 0.330
../out/PNW.n.zeng.65.pga
20
.005 .007 .0098 .0137 .0192 .0269 .0376 .0527 .0738 .103 .145 .203 .284 .397 .556 .778 1.09 1.52 2.2 3.3
6
35 0.18 1000.   0.0 0 CY2013
34 0.18 1000.   0.0 0 CB2013
33 0.18 1000.   0.0 0 BSSA2013
36 0.18 1000.   0.0 0 AS2013
37 0.18 1000.   0.0 0 ID2013
38 0.10 1000.   0.0 0 GK2013
0.20 1. 0. PSA
0.370 0.220 0.220
0.250 0.230 0.230
0.400 0.360 0.330
../out/PNW.n.zeng.65.5hz
19
.005 .0075 .0113 .0169 .0253 .0380 .0570 .0854 .128 .192 .288 .432 .649 .973 1.46 2.19 3.28 4.92 7.38
6
35 0.18 1000.   0.0 0 CY2013
34 0.18 1000.   0.0 0 CB2013
33 0.18 1000.   0.0 0 BSSA2013
36 0.18 1000.   0.0 0 AS2013
37 0.18 1000.   0.0 0 ID2013
38 0.10 1000.   0.0 0 GK2013
1.00 1. 0. PSA
0.370 0.220 0.220
0.250 0.230 0.230
0.400 0.360 0.330
../out/PNW.n.zeng.65.1hz
20
.0025 .00375 .00563 .00844 .0127 .0190 .0285 .0427 .0641 .0961 .144 .216 .324 .487 .730 1.09 1.64 2.46 3.69 5.54
6
35 0.18 1000.   0.0 0 CY2013
34 0.18 1000.   0.0 0 CB2013
33 0.18 1000.   0.0 0 BSSA2013
36 0.18 1000.   0.0 0 AS2013
37 0.18 1000.   0.0 0 ID2013
38 0.10 1000.   0.0 0 GK2013
1.  1.
3               !3 branches on Magnitude epistemic variability
-.2 0. .2           ! -dM, 0, + dM epistemic mag variability. Branches have same moment rate
.2 .6 .2          !Weights assigned to epistemic mag variability branches
0.12 5          !M aleatory variability, sigma=0.12, 5 steps on either side of 0, each sigma*0.4
           1           3           1           0    805 Juniper Mountain fault                        
   6.5000000      2.15347809E-05  0.60000002      1.35875040E+14
   50.000000       19.581120       0.0000000       17.718815    
           6
      44.24331     -117.66145
      44.23576     -117.69810
      44.23513     -117.77707
      44.24097     -117.80618
      44.24358     -117.84822
      44.25705     -117.87518
           1           3           1           0    805 Juniper Mountain fault                        
   6.5000000      2.15347809E-05  0.20000000      1.14846536E+14
   65.000000       16.550674       0.0000000       17.718815    
           6
      44.24331     -117.66145
      44.23576     -117.69810
      44.23513     -117.77707
      44.24097     -117.80618
      44.24358     -117.84822
      44.25705     -117.87518
           1           3           1           0    805 Juniper Mountain fault                        
   6.5000000      2.15347809E-05  0.20000000      1.81468995E+14
   35.000000       26.151720       0.0000000       17.718815    
           6
      44.24331     -117.66145
      44.23576     -117.69810
      44.23513     -117.77707
      44.24097     -117.80618
      44.24358     -117.84822
      44.25705     -117.87518
