0               !Use with hazFX. Characteristic-M fault file 
24.6 50. 0.05           !site grid. Using M=M(SRL) Wells and Co. except special situations 
-125. -100. 0.05
760.0 2.0          ! Vs30 and depth (km) to 2.5 km/s rock
1. 200.
3       !3 spectral periods.  M<6.5 sources are in a separate file
0. 1. 0. PGA. 
0.375 0.210 0.245
0.230 0.225 0.23
0.400 0.360 0.31
../out/zeng_geod.PNW.c.char.pga
20
.005 .007 .0098 .0137 .0192 .0269 .0376 .0527 .0738 .103 .145 .203 .284 .397 .556 .778 1.09 1.52 2.2 3.3
6
35 0.18 1000.   0.0 0 CY2013
34 0.18 1000.   0.0 0 CB2013
33 0.18 1000.   0.0 0 BSSA2013
36 0.18 1000.   0.0 0 AS2013
37 0.18 1000.   0.0 0 ID2013
38 0.10 1000.   0.0 0 GK2013
0.20 1. 0. PSA
0.375 0.210 0.245
0.230 0.225 0.23
0.400 0.360 0.31
../out/zeng_geod.PNW.c.char.5hz
19
.005 .0075 .0113 .0169 .0253 .0380 .0570 .0854 .128 .192 .288 .432 .649 .973 1.46 2.19 3.28 4.92 7.38
6
35 0.18 1000.   0.0 0 CY2013
34 0.18 1000.   0.0 0 CB2013
33 0.18 1000.   0.0 0 BSSA2013
36 0.18 1000.   0.0 0 AS2013
37 0.18 1000.   0.0 0 ID2013
38 0.10 1000.   0.0 0 GK2013
1.00 1. 0. PSA
0.375 0.210 0.245
0.230 0.225 0.23
0.400 0.360 0.31
../out/zeng_geod.PNW.c.char.1hz
20
.0025 .00375 .00563 .00844 .0127 .0190 .0285 .0427 .0641 .0961 .144 .216 .324 .487 .730 1.09 1.64 2.46 3.69 5.54
6
35 0.18 1000.   0.0 0 CY2013
34 0.18 1000.   0.0 0 CB2013
33 0.18 1000.   0.0 0 BSSA2013
36 0.18 1000.   0.0 0 AS2013
37 0.18 1000.   0.0 0 ID2013
38 0.10 1000.   0.0 0 GK2013
1.  1.
3               !3 branches on Magnitude epistemic variability
-.2 0. .2           ! -dM, 0, + dM epistemic mag variability. Branches have same moment rate
.2 .6 .2          !Weights assigned to epistemic mag variability branches
0.12 5          !M aleatory variability, sigma=0.12, 5 steps on either side of 0, each sigma*0.4
           1           2           1           0    566 Mill Creek Thrust fault                       
 7.100 0.0000406 1.0000 0.20332E+16
   60.000000       17.320515       0.0000000       56.477695    
          11
      46.21717     -120.92140
      46.24160     -120.86651
      46.25840     -120.80560
      46.26290     -120.77047
      46.28275     -120.70803
      46.30261     -120.56168
      46.30261     -120.51595
      46.27053     -120.37562
      46.26901     -120.33600
      46.29192     -120.26592
      46.29192     -120.22630
           1           2           1           0    567 Horse Heaven Hills structure (NW trend)       
 7.100 0.0000284 1.0000 0.14257E+16
   60.000000       17.320515       0.0000000       59.404301    
           9
      46.26611     -119.54414
      46.24121     -119.49335
      46.21926     -119.40535
      46.20287     -119.34647
      46.15009     -119.25161
      46.12221     -119.18488
      46.10279     -119.07683
      46.05051     -119.00065
      46.01018     -118.88065
           1           1           1           0    571 Strawberry Point fault                        
 6.700 0.0002530 1.0000 0.31850E+16
   90.000000       15.000000       0.0000000       26.213823    
           4
      48.34588     -122.80319
      48.34157     -122.72646
      48.31821     -122.61614
      48.29701     -122.45757
           1           2           1           0    572 Southern Whidbey Island fault-middle          
 7.400 0.0000855 1.0000 0.12073E+17
   60.000000       17.320515       0.0000000       91.464691    
          85
      47.71552     -122.01735
      47.78009     -122.09944
      47.78632     -122.10884
      47.79255     -122.11836
      47.79871     -122.12764
      47.80530     -122.13643
      47.81153     -122.14613
      47.81733     -122.15614
      47.82312     -122.16634
      47.82850     -122.17665
      47.83374     -122.18715
      47.83893     -122.19796
      47.84455     -122.20815
      47.85035     -122.21835
      47.85614     -122.22866
      47.86133     -122.23952
      47.86670     -122.25033
      47.87189     -122.26125
      47.87714     -122.27206
      47.88251     -122.28292
      47.88849     -122.29263
      47.89514     -122.30172
      47.90173     -122.31075
      47.90833     -122.31985
      47.91492     -122.32907
      47.92133     -122.33847
      47.92731     -122.34824
      47.93353     -122.35806
      47.93970     -122.36777
      47.94629     -122.37686
      47.95294     -122.38596
      47.95953     -122.39505
      47.96594     -122.40396
      47.97253     -122.41324
      47.97913     -122.42227
      47.98572     -122.43143
      47.99231     -122.44016
      47.99854     -122.44975
      48.00494     -122.45927
      48.01111     -122.46885
      48.01752     -122.47837
      48.02374     -122.48777
      48.02991     -122.49747
      48.03632     -122.50694
      48.04254     -122.51664
      48.04871     -122.52617
      48.05511     -122.53575
      48.06134     -122.54527
      48.06750     -122.55486
      48.07312     -122.56535
      48.07831     -122.57628
      48.08374     -122.58714
      48.08911     -122.59795
      48.09430     -122.60876
      48.09949     -122.61968
      48.10492     -122.63049
      48.11029     -122.64135
      48.11633     -122.65136
      48.12231     -122.66119
      48.12830     -122.67126
      48.13330     -122.68218
      48.13812     -122.69360
      48.14313     -122.70477
      48.14789     -122.71600
      48.15289     -122.72717
      48.15729     -122.73877
      48.16132     -122.75079
      48.16534     -122.76288
      48.16931     -122.77496
      48.17334     -122.78699
      48.17749     -122.79907
      48.18134     -122.81116
      48.18573     -122.82288
      48.19092     -122.83368
      48.19611     -122.84448
      48.20093     -122.85559
      48.20593     -122.86688
      48.21094     -122.87799
      48.21613     -122.88928
      48.22113     -122.90039
      48.22632     -122.91156
      48.23132     -122.92268
      48.23615     -122.93409
      48.24091     -122.94556
      48.24292     -122.94978
           1           2           1           0    572n Southern Whidbey Island fault-northern       
 7.400 0.0000808 1.0000 0.11410E+17
   60.000000       17.320515       0.0000000       86.440483    
          83
      47.76551     -122.00124
      47.81055     -122.05196
      47.81513     -122.06325
      47.81995     -122.07472
      47.82489     -122.08595
      47.83094     -122.09584
      47.83631     -122.10646
      47.84095     -122.11794
      47.84534     -122.12965
      47.84912     -122.14174
      47.85291     -122.15395
      47.85669     -122.16616
      47.86170     -122.17715
      47.86713     -122.18795
      47.87232     -122.19875
      47.87775     -122.20956
      47.88312     -122.22024
      47.88849     -122.23092
      47.89410     -122.24154
      47.89954     -122.25204
      47.90649     -122.26046
      47.91351     -122.26882
      47.92053     -122.27737
      47.92749     -122.28573
      47.93451     -122.29427
      47.94110     -122.30338
      47.94690     -122.31345
      47.95294     -122.32358
      47.95892     -122.33365
      47.96472     -122.34378
      47.97070     -122.35385
      47.97675     -122.36386
      47.98273     -122.37405
      47.98853     -122.38406
      47.99451     -122.39426
      48.00049     -122.40433
      48.00690     -122.41355
      48.01392     -122.42204
      48.02094     -122.43058
      48.02771     -122.43906
      48.03473     -122.44749
      48.04169     -122.45597
      48.04871     -122.46445
      48.05573     -122.47294
      48.06274     -122.48148
      48.06970     -122.48997
      48.07672     -122.49845
      48.08374     -122.50706
      48.09070     -122.51555
      48.09595     -122.52629
      48.10071     -122.53764
      48.10553     -122.54906
      48.11029     -122.56035
      48.11511     -122.57176
      48.11993     -122.58318
      48.12469     -122.59460
      48.12970     -122.60577
      48.13611     -122.61517
      48.14270     -122.62457
      48.14911     -122.63396
      48.15314     -122.64568
      48.15692     -122.65795
      48.16089     -122.67010
      48.16473     -122.68219
      48.16870     -122.69446
      48.17255     -122.70660
      48.17652     -122.71881
      48.18030     -122.73096
      48.18433     -122.74310
      48.18811     -122.75531
      48.19214     -122.76740
      48.19593     -122.77966
      48.19971     -122.79181
      48.20374     -122.80389
      48.20752     -122.81616
      48.21155     -122.82837
      48.21631     -122.83966
      48.22132     -122.85077
      48.22651     -122.86188
      48.23169     -122.87299
      48.23670     -122.88409
      48.24170     -122.89460
      48.24292     -122.89729
           1           2           1           0    572s Southern Whidbey Island fault-southern       
 7.400 0.0000952 1.0000 0.13441E+17
   60.000000       17.320515       0.0000000       89.604492    
          85
      47.70813     -122.08455
      47.75592     -122.13753
      47.76313     -122.14534
      47.77051     -122.15321
      47.77771     -122.16103
      47.78492     -122.16896
      47.79169     -122.17781
      47.79834     -122.18672
      47.80512     -122.19563
      47.81189     -122.20454
      47.81830     -122.21376
      47.82453     -122.22347
      47.83069     -122.23306
      47.83710     -122.24276
      47.84314     -122.25253
      47.84833     -122.26357
      47.85334     -122.27456
      47.85852     -122.28555
      47.86371     -122.29665
      47.86890     -122.30764
      47.87390     -122.31844
      47.88031     -122.32803
      47.88654     -122.33767
      47.89294     -122.34725
      47.89911     -122.35696
      47.90552     -122.36655
      47.91174     -122.37613
      47.91791     -122.38577
      47.92432     -122.39505
      47.93152     -122.40335
      47.93854     -122.41165
      47.94574     -122.41995
      47.95270     -122.42813
      47.95972     -122.43643
      47.96692     -122.44473
      47.97394     -122.45304
      47.98071     -122.46146
      47.98633     -122.47184
      47.99213     -122.48228
      47.99774     -122.49265
      48.00354     -122.50297
      48.00933     -122.51347
      48.01489     -122.52384
      48.02069     -122.53428
      48.02631     -122.54478
      48.03210     -122.55516
      48.03772     -122.56548
      48.04352     -122.57597
      48.04913     -122.58635
      48.05493     -122.59679
      48.06055     -122.60716
      48.06635     -122.61766
      48.07190     -122.62798
      48.07770     -122.63848
      48.08331     -122.64898
      48.08893     -122.65936
      48.09473     -122.66979
      48.10034     -122.68029
      48.10614     -122.69067
      48.11169     -122.70116
      48.11749     -122.71160
      48.12311     -122.72211
      48.12891     -122.73248
      48.13452     -122.74298
      48.14014     -122.75336
      48.14514     -122.76447
      48.14929     -122.77649
      48.15332     -122.78839
      48.15753     -122.80048
      48.16150     -122.81250
      48.16571     -122.82446
      48.16974     -122.83649
      48.17450     -122.84790
      48.18073     -122.85760
      48.18689     -122.86719
      48.19250     -122.87756
      48.19751     -122.88879
      48.20270     -122.89996
      48.20770     -122.91119
      48.21271     -122.92236
      48.21771     -122.93360
      48.22272     -122.94477
      48.22791     -122.95600
      48.23291     -122.96717
      48.23792     -122.97840
           1           1           1           0    573 Utsalady Point fault                          
 6.700 0.0001493 1.0000 0.18792E+16
   90.000000       15.000000       0.0000000       24.564705    
           5
      48.34381     -122.80077
      48.33510     -122.73869
      48.30833     -122.65351
      48.25299     -122.53276
      48.24634     -122.50680
           2           2           1           1    574 Devils Mountain fault                         
   1.9556360      0.80000001       7.5000000       7.5000000      0.10000000       1.0000000      1.80150363E+16
   60.000000       17.320515       0.0000000       125.10431    
          21
      48.23341     -121.63847
      48.25928     -121.69552
      48.28749     -121.90826
      48.31687     -122.00071
      48.32370     -122.03629
      48.33987     -122.14617
      48.34705     -122.24311
      48.35819     -122.31516
      48.36098     -122.35703
      48.35972     -122.53232
      48.36035     -122.54382
      48.37050     -122.55882
      48.37428     -122.66673
      48.36547     -122.80454
      48.37194     -122.85404
      48.37499     -122.92070
      48.37454     -122.93921
      48.36735     -122.96338
      48.36708     -123.05798
      48.37184     -123.18403
      48.38424     -123.28545
           1           2           1           0    575 Saddle Mountain fault                         
 7.400 0.0000309 1.0000 0.43653E+16
   60.000000       17.320515       0.0000000       90.942879    
          22
      46.90812     -120.29073
      46.88719     -120.20502
      46.87075     -120.17393
      46.85979     -120.14294
      46.85252     -120.10646
      46.84883     -120.05354
      46.85063     -120.02254
      46.84524     -119.99335
      46.81964     -119.94591
      46.81236     -119.91859
      46.81604     -119.88940
      46.81416     -119.82184
      46.82153     -119.73433
      46.81416     -119.63209
      46.81784     -119.59929
      46.81057     -119.52634
      46.79781     -119.47522
      46.79781     -119.43874
      46.77589     -119.32563
      46.75397     -119.25816
      46.75217     -119.23076
      46.71570     -119.16876
           1           2           1           0    786 Stonewall anticline                           
 6.800 0.0006556 1.0000 0.11658E+17
   60.000000       17.320515       0.0000000       30.358767    
           4
      44.49168     -124.41664
      44.60195     -124.50040
      44.66642     -124.53324
      44.74394     -124.55499
           1           1           1           0    797 Alvin Canyon fault                            
 7.200 0.0023319 .05 0.16508E+18
   90.000000       15.000000       0.0000000       71.232918    
           7
      44.60938     -125.42388
      44.57013     -125.30664
      44.47598     -124.90369
      44.45927     -124.86291
      44.42908     -124.76057
      44.40995     -124.64665
      44.39154     -124.58188
           1           1           1           0    798 Daisy Bank fault                              
 7.300 0.0016920 .05 0.16920E+18
   90.000000       15.000000       0.0000000       81.209633    
          12
      44.87548     -125.51526
      44.85374     -125.43584
      44.84296     -125.33997
      44.81332     -125.19685
      44.76562     -125.06559
      44.72896     -125.02606
      44.70956     -124.99066
      44.68333     -124.91654
      44.65817     -124.86434
      44.61730     -124.71709
      44.57957     -124.63866
      44.56681     -124.60173
           1           1           1           0    799 Wecoma fault                                  
 7.300 0.0024517 .05 0.24517E+18
   90.000000       15.000000       0.0000000       88.445656    
          12
      45.21058     -125.63556
      45.17743     -125.50682
      45.13431     -125.41527
      45.11679     -125.36100
      45.10260     -125.33261
      45.07394     -125.21761
      45.01456     -125.06901
      45.00270     -125.02292
      44.95814     -124.93578
      44.92086     -124.80029
      44.89391     -124.67918
      44.87540     -124.62249
