0               !Use with hazFX. Characteristic-M fault file 
24.6 50. 0.05           !site grid. Using M=M(SRL) Wells and Co. except special situations 
-125. -100. 0.05
760.0 2.0          ! Vs30 and depth (km) to 2.5 km/s rock
1. 200.
3       !3 spectral periods.  M<6.5 sources are in a separate file
0. 1. 0. PGA. 
0.375 0.210 0.245
0.230 0.225 0.23
0.400 0.360 0.31
../out/bird_geod.PNW.c.char.pga
20
.005 .007 .0098 .0137 .0192 .0269 .0376 .0527 .0738 .103 .145 .203 .284 .397 .556 .778 1.09 1.52 2.2 3.3
6
35 0.18 1000.   0.0 0 CY2013
34 0.18 1000.   0.0 0 CB2013
33 0.18 1000.   0.0 0 BSSA2013
36 0.18 1000.   0.0 0 AS2013
37 0.18 1000.   0.0 0 ID2013
38 0.10 1000.   0.0 0 GK2013
0.20 1. 0. PSA
0.375 0.210 0.245
0.230 0.225 0.23
0.400 0.360 0.31
../out/bird_geod.PNW.c.char.5hz
19
.005 .0075 .0113 .0169 .0253 .0380 .0570 .0854 .128 .192 .288 .432 .649 .973 1.46 2.19 3.28 4.92 7.38
6
35 0.18 1000.   0.0 0 CY2013
34 0.18 1000.   0.0 0 CB2013
33 0.18 1000.   0.0 0 BSSA2013
36 0.18 1000.   0.0 0 AS2013
37 0.18 1000.   0.0 0 ID2013
38 0.10 1000.   0.0 0 GK2013
1.00 1. 0. PSA
0.375 0.210 0.245
0.230 0.225 0.23
0.400 0.360 0.31
../out/bird_geod.PNW.c.char.1hz
20
.0025 .00375 .00563 .00844 .0127 .0190 .0285 .0427 .0641 .0961 .144 .216 .324 .487 .730 1.09 1.64 2.46 3.69 5.54
6
35 0.18 1000.   0.0 0 CY2013
34 0.18 1000.   0.0 0 CB2013
33 0.18 1000.   0.0 0 BSSA2013
36 0.18 1000.   0.0 0 AS2013
37 0.18 1000.   0.0 0 ID2013
38 0.10 1000.   0.0 0 GK2013
1.  1.
3               !3 branches on Magnitude epistemic variability
-.2 0. .2           ! -dM, 0, + dM epistemic mag variability. Branches have same moment rate
.2 .6 .2          !Weights assigned to epistemic mag variability branches
0.12 5          !M aleatory variability, sigma=0.12, 5 steps on either side of 0, each sigma*0.4
           1           2           1           0    566 Mill Creek Thrust fault                       
 7.100 0.0000947 1.0000 0.47441E+16
   60.000000       17.320515       0.0000000       56.477695    
          11
      46.21717     -120.92140
      46.24160     -120.86651
      46.25840     -120.80560
      46.26290     -120.77047
      46.28275     -120.70803
      46.30261     -120.56168
      46.30261     -120.51595
      46.27053     -120.37562
      46.26901     -120.33600
      46.29192     -120.26592
      46.29192     -120.22630
           1           2           1           0    567 Horse Heaven Hills structure (NW trend)       
 7.100 0.0000284 1.0000 0.14257E+16
   60.000000       17.320515       0.0000000       59.404301    
           9
      46.26611     -119.54414
      46.24121     -119.49335
      46.21926     -119.40535
      46.20287     -119.34647
      46.15009     -119.25161
      46.12221     -119.18488
      46.10279     -119.07683
      46.05051     -119.00065
      46.01018     -118.88065
           1           1           1           0    571 Strawberry Point fault                        
 6.700 0.0004029 1.0000 0.50724E+16
   90.000000       15.000000       0.0000000       26.213823    
           4
      48.34588     -122.80319
      48.34157     -122.72646
      48.31821     -122.61614
      48.29701     -122.45757
           1           2           1           0    572 Southern Whidbey Island fault-middle          
 7.400 0.0002642 1.0000 0.37318E+17
   60.000000       17.320515       0.0000000       91.464691    
          85
      47.71552     -122.01735
      47.78009     -122.09944
      47.78632     -122.10884
      47.79255     -122.11836
      47.79871     -122.12764
      47.80530     -122.13643
      47.81153     -122.14613
      47.81733     -122.15614
      47.82312     -122.16634
      47.82850     -122.17665
      47.83374     -122.18715
      47.83893     -122.19796
      47.84455     -122.20815
      47.85035     -122.21835
      47.85614     -122.22866
      47.86133     -122.23952
      47.86670     -122.25033
      47.87189     -122.26125
      47.87714     -122.27206
      47.88251     -122.28292
      47.88849     -122.29263
      47.89514     -122.30172
      47.90173     -122.31075
      47.90833     -122.31985
      47.91492     -122.32907
      47.92133     -122.33847
      47.92731     -122.34824
      47.93353     -122.35806
      47.93970     -122.36777
      47.94629     -122.37686
      47.95294     -122.38596
      47.95953     -122.39505
      47.96594     -122.40396
      47.97253     -122.41324
      47.97913     -122.42227
      47.98572     -122.43143
      47.99231     -122.44016
      47.99854     -122.44975
      48.00494     -122.45927
      48.01111     -122.46885
      48.01752     -122.47837
      48.02374     -122.48777
      48.02991     -122.49747
      48.03632     -122.50694
      48.04254     -122.51664
      48.04871     -122.52617
      48.05511     -122.53575
      48.06134     -122.54527
      48.06750     -122.55486
      48.07312     -122.56535
      48.07831     -122.57628
      48.08374     -122.58714
      48.08911     -122.59795
      48.09430     -122.60876
      48.09949     -122.61968
      48.10492     -122.63049
      48.11029     -122.64135
      48.11633     -122.65136
      48.12231     -122.66119
      48.12830     -122.67126
      48.13330     -122.68218
      48.13812     -122.69360
      48.14313     -122.70477
      48.14789     -122.71600
      48.15289     -122.72717
      48.15729     -122.73877
      48.16132     -122.75079
      48.16534     -122.76288
      48.16931     -122.77496
      48.17334     -122.78699
      48.17749     -122.79907
      48.18134     -122.81116
      48.18573     -122.82288
      48.19092     -122.83368
      48.19611     -122.84448
      48.20093     -122.85559
      48.20593     -122.86688
      48.21094     -122.87799
      48.21613     -122.88928
      48.22113     -122.90039
      48.22632     -122.91156
      48.23132     -122.92268
      48.23615     -122.93409
      48.24091     -122.94556
      48.24292     -122.94978
           1           1           1           0    573 Utsalady Point fault                          
 6.700 0.0001229 1.0000 0.15476E+16
   90.000000       15.000000       0.0000000       24.564705    
           5
      48.34381     -122.80077
      48.33510     -122.73869
      48.30833     -122.65351
      48.25299     -122.53276
      48.24634     -122.50680
           2           2           1           1    574 Devils Mountain fault                         
   2.2743948      0.80000001       7.5000000       7.5000000      0.10000000       1.0000000      3.75313269E+16
   60.000000       17.320515       0.0000000       125.10431    
          21
      48.23341     -121.63847
      48.25928     -121.69552
      48.28749     -121.90826
      48.31687     -122.00071
      48.32370     -122.03629
      48.33987     -122.14617
      48.34705     -122.24311
      48.35819     -122.31516
      48.36098     -122.35703
      48.35972     -122.53232
      48.36035     -122.54382
      48.37050     -122.55882
      48.37428     -122.66673
      48.36547     -122.80454
      48.37194     -122.85404
      48.37499     -122.92070
      48.37454     -122.93921
      48.36735     -122.96338
      48.36708     -123.05798
      48.37184     -123.18403
      48.38424     -123.28545
           1           2           1           0    575 Saddle Mountain fault                         
 7.400 0.0001159 1.0000 0.16370E+17
   60.000000       17.320515       0.0000000       90.942879    
          22
      46.90812     -120.29073
      46.88719     -120.20502
      46.87075     -120.17393
      46.85979     -120.14294
      46.85252     -120.10646
      46.84883     -120.05354
      46.85063     -120.02254
      46.84524     -119.99335
      46.81964     -119.94591
      46.81236     -119.91859
      46.81604     -119.88940
      46.81416     -119.82184
      46.82153     -119.73433
      46.81416     -119.63209
      46.81784     -119.59929
      46.81057     -119.52634
      46.79781     -119.47522
      46.79781     -119.43874
      46.77589     -119.32563
      46.75397     -119.25816
      46.75217     -119.23076
      46.71570     -119.16876
           1           2           1           0    786 Stonewall anticline                           
 6.800 0.0006146 1.0000 0.10929E+17
   60.000000       17.320515       0.0000000       30.358767    
           4
      44.49168     -124.41664
      44.60195     -124.50040
      44.66642     -124.53324
      44.74394     -124.55499
           1           1           1           0    797 Alvin Canyon fault                            
 7.200 0.0014761 0.05 0.10450E+18
   90.000000       15.000000       0.0000000       71.232918    
           7
      44.60938     -125.42388
      44.57013     -125.30664
      44.47598     -124.90369
      44.45927     -124.86291
      44.42908     -124.76057
      44.40995     -124.64665
      44.39154     -124.58188
           1           1           1           0    798 Daisy Bank fault                              
 7.300 0.0004824 0.05 0.48239E+17
   90.000000       15.000000       0.0000000       81.209633    
          12
      44.87548     -125.51526
      44.85374     -125.43584
      44.84296     -125.33997
      44.81332     -125.19685
      44.76562     -125.06559
      44.72896     -125.02606
      44.70956     -124.99066
      44.68333     -124.91654
      44.65817     -124.86434
      44.61730     -124.71709
      44.57957     -124.63866
      44.56681     -124.60173
           1           1           1           0    799 Wecoma fault                                  
 7.300 0.0008279 0.05 0.82785E+17
   90.000000       15.000000       0.0000000       88.445656    
          12
      45.21058     -125.63556
      45.17743     -125.50682
      45.13431     -125.41527
      45.11679     -125.36100
      45.10260     -125.33261
      45.07394     -125.21761
      45.01456     -125.06901
      45.00270     -125.02292
      44.95814     -124.93578
      44.92086     -124.80029
      44.89391     -124.67918
      44.87540     -124.62249
           1           1           1           0    845a Hite fault system                            
 7.300 0.0000755 1.0000 0.75451E+16
   90.000000       15.000000       0.0000000       88.246597    
          10
      46.36103     -117.64005
      46.18772     -117.86924
      46.09231     -117.95918
      46.00076     -118.00779
      45.95818     -118.02225
      45.87184     -118.08910
      45.80320     -118.15738
      45.75334     -118.18874
      45.72818     -118.20006
      45.68748     -118.20850
           1           1           1           0    =871 Turner and Mill Creek faults                 
 6.600 0.0000351 1.0000 0.31271E+15
   60.000000       17.320515       0.0000000       20.060209    
           5
      44.76015     -123.07200
      44.81289     -123.00929
      44.82286     -122.99016
      44.81594     -122.97488
      44.83104     -122.86168
           1           2           1           0    873 Mount Angel fault                             
 6.800 0.0000307 1.0000 0.54555E+15
   60.000000       17.320515       0.0000000       30.308125    
           4
      44.96732     -122.61166
      45.05653     -122.78236
      45.08663     -122.81829
      45.16056     -122.87211
           1           2           1           0    877 Portland Hills fault                          
 7.000 0.0000673 1.0000 0.23868E+16
   60.000000       17.320515       0.0000000       49.724617    
          10
      45.72241     -122.92970
      45.65791     -122.86196
      45.58227     -122.77095
      45.52423     -122.69764
      45.51561     -122.67841
      45.43556     -122.62029
      45.40475     -122.58902
      45.39478     -122.57195
      45.38561     -122.56611
      45.37375     -122.54050
           1           2           1           0    882 Happy Camp fault                              
 6.600 0.0000133 1.0000 0.11819E+15
   60.000000       17.320515       0.0000000       19.698153    
           3
      45.38928     -123.83943
      45.43977     -123.94248
      45.48379     -124.05264
           1           2           1           0    893 Coquille anticline                            
 6.800 0.0005229 1.0000 0.92986E+16
   60.000000       17.320515       0.0000000       29.240702    
           7
      43.30915     -124.55213
      43.26072     -124.54377
      43.23728     -124.52248
      43.15615     -124.49292
      43.13495     -124.47225
      43.12120     -124.41916
      43.09838     -124.38286
           1           2           1           0    894 Cape Blanco anticline                         
 7.000 0.0040959 .5 0.14533E+18
   45.000000       21.213217       0.0000000       47.214981    
           8
      43.02085     -124.95758
      42.99381     -124.87744
      42.97818     -124.79838
      42.96255     -124.75633
      42.89508     -124.68419
      42.86597     -124.64610
      42.85276     -124.60404
      42.82949     -124.46290
           1           1           1           0    897 Whaleshead fault zone                         
 7.000 0.0008289 1.0000 0.29409E+17
   90.000000       15.000000       0.0000000       46.350204    
          11
      42.12390     -124.37019
      42.16235     -124.33595
      42.18661     -124.32589
      42.26737     -124.31502
      42.30178     -124.33379
      42.31723     -124.35132
      42.37410     -124.36317
      42.40707     -124.37737
      42.46008     -124.41457
      42.49054     -124.41780
      42.50940     -124.43909
           1           1           1           0    OR1 Gales Creek fault zone                        
 6.700 0.0002828 1.0000 0.35599E+16
   90.000000       15.000000       0.0000000       27.279154    
           4
      45.69806     -123.31063
      45.55720     -123.21234
      45.51587     -123.15197
      45.49215     -123.12708
           1           1           1           0    OR3 Newberg fault                                 
 6.900 0.0000241 1.0000 0.60420E+15
   90.000000       15.000000       0.0000000       33.566872    
           6
      45.22525     -122.89107
      45.28176     -122.92619
      45.31679     -122.95898
      45.34662     -122.99816
      45.41678     -123.05449
      45.48156     -123.11406
           1           2           1           0    WA1 Rattlesnake-Wallula fault system              
 7.400 0.0000554 1.0000 0.78232E+16
   60.000000       17.320515       0.0000000       108.65530    
          13
      46.36685     -119.53937
      46.25698     -119.36813
      46.16938     -119.19293
      46.15681     -119.14989
      46.14117     -119.12286
      46.05286     -118.91765
      46.03669     -118.83958
      46.01756     -118.78944
      45.97991     -118.72440
      45.94955     -118.66132
      45.88819     -118.46214
      45.86348     -118.42809
      45.81973     -118.40086
           1           2           1           0    newWA1 Lake Creek-Boundary Creek fault            
 6.800 0.0005208 1.0000 0.92619E+16
   60.000000       17.320515       0.0000000       29.685532    
           7
      48.02582     -123.29797
      48.02541     -123.34356
      48.03072     -123.36143
      48.03357     -123.39780
      48.05117     -123.48440
      48.07483     -123.67229
      48.07669     -123.68792
           1           2           1           0    newwa3 Boulder Creek fault, Kendall scarp         
 6.800 0.0000769 1.0000 0.13669E+16
   60.000000       17.320515       0.0000000       10.848526    
           4
      48.91836     -121.98997
      48.92453     -122.01945
      48.91293     -122.08378
      48.90817     -122.13407
           1           2           1           0    581 Tacoma fault zone                             
 6.900 0.0001902 1.0000 0.47771E+16
   60.000000       17.320515       0.0000000       34.616676    
          15
      47.37620     -122.50719
      47.38110     -122.61616
      47.38037     -122.63713
      47.37423     -122.67172
      47.37238     -122.68620
      47.36787     -122.74178
      47.36738     -122.75375
      47.36681     -122.77297
      47.36654     -122.78112
      47.36650     -122.78480
      47.36569     -122.79224
      47.36497     -122.80721
      47.36705     -122.85613
      47.37390     -122.90364
      47.37341     -122.96342
