0               !Use with hazFX. Characteristic-M fault file 
24.6 50. 0.05           !site grid. Using M=M(SRL) Wells and Co. except special situations 
-125. -100. 0.05
760.0 2.0          ! Vs30 and depth (km) to 2.5 km/s rock
1. 200.
3       !3 spectral periods.  M<6.5 sources are in a separate file
0. 1. 0. PGA. 
0.375 0.210 0.245
0.230 0.225 0.23
0.400 0.360 0.31
../out/zeng_geod.PNW.n.char.pga
20
.005 .007 .0098 .0137 .0192 .0269 .0376 .0527 .0738 .103 .145 .203 .284 .397 .556 .778 1.09 1.52 2.2 3.3
6
35 0.18 1000.   0.0 0 CY2013
34 0.18 1000.   0.0 0 CB2013
33 0.18 1000.   0.0 0 BSSA2013
36 0.18 1000.   0.0 0 AS2013
37 0.18 1000.   0.0 0 ID2013
38 0.10 1000.   0.0 0 GK2013
0.20 1. 0. PSA
0.375 0.210 0.245
0.230 0.225 0.23
0.400 0.360 0.31
../out/zeng_geod.PNW.n.char.5hz
19
.005 .0075 .0113 .0169 .0253 .0380 .0570 .0854 .128 .192 .288 .432 .649 .973 1.46 2.19 3.28 4.92 7.38
6
35 0.18 1000.   0.0 0 CY2013
34 0.18 1000.   0.0 0 CB2013
33 0.18 1000.   0.0 0 BSSA2013
36 0.18 1000.   0.0 0 AS2013
37 0.18 1000.   0.0 0 ID2013
38 0.10 1000.   0.0 0 GK2013
1.00 1. 0. PSA
0.375 0.210 0.245
0.230 0.225 0.23
0.400 0.360 0.31
../out/zeng_geod.PNW.n.char.1hz
20
.0025 .00375 .00563 .00844 .0127 .0190 .0285 .0427 .0641 .0961 .144 .216 .324 .487 .730 1.09 1.64 2.46 3.69 5.54
6
35 0.18 1000.   0.0 0 CY2013
34 0.18 1000.   0.0 0 CB2013
33 0.18 1000.   0.0 0 BSSA2013
36 0.18 1000.   0.0 0 AS2013
37 0.18 1000.   0.0 0 ID2013
38 0.10 1000.   0.0 0 GK2013
1.  1.
3               !3 branches on Magnitude epistemic variability
-.2 0. .2           ! -dM, 0, + dM epistemic mag variability. Branches have same moment rate
.2 .6 .2          !Weights assigned to epistemic mag variability branches
0.12 5          !M aleatory variability, sigma=0.12, 5 steps on either side of 0, each sigma*0.4           
1           3           1           0    806 Cottonwood Mountain fault                     
 7.000 0.0001193 0.6000 0.42318E+16
   50.000000       19.581120       0.0000000       42.450268    
           8
      43.92403     -117.33468
      43.98761     -117.37880
      44.09457     -117.46243
      44.10338     -117.48013
      44.12161     -117.49684
      44.15759     -117.52932
      44.19304     -117.54446
      44.25750     -117.58512
           1           3           1           0    806 Cottonwood Mountain fault                     
 7.000 0.0001193 0.2000 0.35769E+16
   65.000000       16.550674       0.0000000       42.450268    
           8
      43.92403     -117.33468
      43.98761     -117.37880
      44.09457     -117.46243
      44.10338     -117.48013
      44.12161     -117.49684
      44.15759     -117.52932
      44.19304     -117.54446
      44.25750     -117.58512
           1           3           1           0    806 Cottonwood Mountain fault                     
 7.000 0.0001193 0.2000 0.56519E+16
   35.000000       26.151720       0.0000000       42.450268    
           8
      43.92403     -117.33468
      43.98761     -117.37880
      44.09457     -117.46243
      44.10338     -117.48013
      44.12161     -117.49684
      44.15759     -117.52932
      44.19304     -117.54446
      44.25750     -117.58512
           1           3           1           0    829ab Abert Rim fault                             
 7.000 0.0005605 0.6000 0.19888E+17
   50.000000       19.581120       0.0000000       45.499718    
          13
      42.76402     -120.06280
      42.71873     -120.11734
      42.70633     -120.12506
      42.67569     -120.16298
      42.63796     -120.17638
      42.60346     -120.18063
      42.58361     -120.18283
      42.56798     -120.17618
      42.54215     -120.20663
      42.50819     -120.23264
      42.47050     -120.24379
      42.45245     -120.23848
      42.40402     -120.26917
           1           3           1           0    829ab Abert Rim fault                             
 7.000 0.0005605 0.2000 0.16810E+17
   65.000000       16.550674       0.0000000       45.499718    
          13
      42.76402     -120.06280
      42.71873     -120.11734
      42.70633     -120.12506
      42.67569     -120.16298
      42.63796     -120.17638
      42.60346     -120.18063
      42.58361     -120.18283
      42.56798     -120.17618
      42.54215     -120.20663
      42.50819     -120.23264
      42.47050     -120.24379
      42.45245     -120.23848
      42.40402     -120.26917
           1           3           1           0    829ab Abert Rim fault                             
 7.000 0.0005605 0.2000 0.26561E+17
   35.000000       26.151720       0.0000000       45.499718    
          13
      42.76402     -120.06280
      42.71873     -120.11734
      42.70633     -120.12506
      42.67569     -120.16298
      42.63796     -120.17638
      42.60346     -120.18063
      42.58361     -120.18283
      42.56798     -120.17618
      42.54215     -120.20663
      42.50819     -120.23264
      42.47050     -120.24379
      42.45245     -120.23848
      42.40402     -120.26917
           1           3           1           0    835 Southeast Newberry fault zone                 
 7.200 0.0004255 0.6000 0.30124E+17
   50.000000       19.581120       0.0000000       67.730034    
          13
      43.67346     -120.96698
      43.66205     -120.95440
      43.64256     -120.92035
      43.62513     -120.90643
      43.60797     -120.88387
      43.46468     -120.80274
      43.43567     -120.77040
      43.40459     -120.72682
      43.35347     -120.69457
      43.33128     -120.66169
      43.25689     -120.58820
      43.22473     -120.59241
      43.15834     -120.56241
           1           3           1           0    835 Southeast Newberry fault zone                 
 7.200 0.0004255 0.2000 0.25462E+17
   65.000000       16.550674       0.0000000       67.730034    
          13
      43.67346     -120.96698
      43.66205     -120.95440
      43.64256     -120.92035
      43.62513     -120.90643
      43.60797     -120.88387
      43.46468     -120.80274
      43.43567     -120.77040
      43.40459     -120.72682
      43.35347     -120.69457
      43.33128     -120.66169
      43.25689     -120.58820
      43.22473     -120.59241
      43.15834     -120.56241
           1           3           1           0    835 Southeast Newberry fault zone                 
 7.200 0.0004255 0.2000 0.40233E+17
   35.000000       26.151720       0.0000000       67.730034    
          13
      43.67346     -120.96698
      43.66205     -120.95440
      43.64256     -120.92035
      43.62513     -120.90643
      43.60797     -120.88387
      43.46468     -120.80274
      43.43567     -120.77040
      43.40459     -120.72682
      43.35347     -120.69457
      43.33128     -120.66169
      43.25689     -120.58820
      43.22473     -120.59241
      43.15834     -120.56241
           1           3           1           0    839a Chemult graben fault system (west)           
 7.200 0.0005594 0.6000 0.39600E+17
   50.000000       19.581120       0.0000000       67.947464    
          12
      42.98620     -121.67888
      43.02761     -121.71338
      43.06804     -121.77806
      43.09760     -121.77510
      43.20496     -121.79980
      43.28976     -121.79999
      43.32453     -121.80960
      43.37115     -121.77924
      43.40924     -121.76711
      43.42506     -121.65696
      43.45992     -121.63199
      43.48956     -121.62516
           1           3           1           0    839a Chemult graben fault system (west)           
 7.200 0.0005594 0.2000 0.33471E+17
   65.000000       16.550674       0.0000000       67.947464    
          12
      42.98620     -121.67888
      43.02761     -121.71338
      43.06804     -121.77806
      43.09760     -121.77510
      43.20496     -121.79980
      43.28976     -121.79999
      43.32453     -121.80960
      43.37115     -121.77924
      43.40924     -121.76711
      43.42506     -121.65696
      43.45992     -121.63199
      43.48956     -121.62516
           1           3           1           0    839a Chemult graben fault system (west)           
 7.200 0.0005594 0.2000 0.52888E+17
   35.000000       26.151720       0.0000000       67.947464    
          12
      42.98620     -121.67888
      43.02761     -121.71338
      43.06804     -121.77806
      43.09760     -121.77510
      43.20496     -121.79980
      43.28976     -121.79999
      43.32453     -121.80960
      43.37115     -121.77924
      43.40924     -121.76711
      43.42506     -121.65696
      43.45992     -121.63199
      43.48956     -121.62516
           1           3           1           0    839b Chemult graben fault system (east)           
 7.200 0.0000601 0.6000 0.42524E+16
   50.000000       19.581120       0.0000000       61.615704    
          14
      43.47429     -121.51052
      43.43656     -121.57251
      43.42649     -121.57907
      43.38805     -121.65310
      43.32812     -121.72730
      43.29551     -121.73215
      43.26901     -121.73889
      43.22975     -121.73808
      43.19238     -121.72218
      43.12707     -121.70745
      43.09643     -121.69469
      43.07604     -121.70745
      43.04522     -121.68283
      43.00552     -121.66010
           1           3           1           0    839b Chemult graben fault system (east)           
 7.200 0.0000601 0.2000 0.35943E+16
   65.000000       16.550674       0.0000000       61.615704    
          14
      43.47429     -121.51052
      43.43656     -121.57251
      43.42649     -121.57907
      43.38805     -121.65310
      43.32812     -121.72730
      43.29551     -121.73215
      43.26901     -121.73889
      43.22975     -121.73808
      43.19238     -121.72218
      43.12707     -121.70745
      43.09643     -121.69469
      43.07604     -121.70745
      43.04522     -121.68283
      43.00552     -121.66010
           1           3           1           0    839b Chemult graben fault system (east)           
 7.200 0.0000601 0.2000 0.56794E+16
   35.000000       26.151720       0.0000000       61.615704    
          14
      43.47429     -121.51052
      43.43656     -121.57251
      43.42649     -121.57907
      43.38805     -121.65310
      43.32812     -121.72730
      43.29551     -121.73215
      43.26901     -121.73889
      43.22975     -121.73808
      43.19238     -121.72218
      43.12707     -121.70745
      43.09643     -121.69469
      43.07604     -121.70745
      43.04522     -121.68283
      43.00552     -121.66010
           1           3           1           0    853abc Metolius fault zone                        
 7.400 0.0000300 0.6000 0.42323E+16
   50.000000       19.581120       0.0000000       91.985016    
          14
      44.53546     -121.66113
      44.48290     -121.62241
      44.29379     -121.52168
      44.25777     -121.49760
      44.21347     -121.45825
      44.20090     -121.45493
      44.15535     -121.42142
      43.99148     -121.39176
      43.97145     -121.38529
      43.93336     -121.35484
      43.89221     -121.34837
      43.83409     -121.27901
      43.80965     -121.28296
      43.78180     -121.25071
           1           3           1           0    853abc Metolius fault zone                        
 7.400 0.0000300 0.2000 0.35773E+16
   65.000000       16.550674       0.0000000       91.985016    
          14
      44.53546     -121.66113
      44.48290     -121.62241
      44.29379     -121.52168
      44.25777     -121.49760
      44.21347     -121.45825
      44.20090     -121.45493
      44.15535     -121.42142
      43.99148     -121.39176
      43.97145     -121.38529
      43.93336     -121.35484
      43.89221     -121.34837
      43.83409     -121.27901
      43.80965     -121.28296
      43.78180     -121.25071
           1           3           1           0    853abc Metolius fault zone                        
 7.400 0.0000300 0.2000 0.56524E+16
   35.000000       26.151720       0.0000000       91.985016    
          14
      44.53546     -121.66113
      44.48290     -121.62241
      44.29379     -121.52168
      44.25777     -121.49760
      44.21347     -121.45825
      44.20090     -121.45493
      44.15535     -121.42142
      43.99148     -121.39176
      43.97145     -121.38529
      43.93336     -121.35484
      43.89221     -121.34837
      43.83409     -121.27901
      43.80965     -121.28296
      43.78180     -121.25071
           2           3           1           1    856abcdef Steens fault zone                       
   2.6930044      0.80000001       7.5000000       7.5000000      0.10000000      0.60000002      9.84019270E+16
   50.000000       19.581120       0.0000000       213.86871    
          47
      41.75230     -118.75646
      41.77997     -118.77677
      41.80638     -118.77686
      41.82992     -118.77129
      41.89999     -118.74191
      41.91679     -118.73212
      41.92398     -118.71864
      41.93494     -118.71693
      41.96216     -118.67669
      41.97258     -118.67265
      42.02184     -118.63092
      42.06458     -118.60445
      42.09710     -118.58161
      42.12824     -118.60757
      42.16976     -118.60886
      42.20090     -118.64260
      42.25151     -118.66596
      42.29420     -118.67292
      42.31074     -118.66475
      42.33535     -118.66744
      42.37767     -118.65145
      42.40201     -118.63699
      42.48538     -118.62432
      42.52033     -118.61390
      42.53282     -118.60564
      42.55330     -118.53727
      42.58816     -118.53323
      42.61457     -118.51759
      42.66245     -118.49828
      42.73262     -118.49801
      42.74735     -118.48867
      42.76388     -118.48489
      42.79730     -118.45794
      42.82245     -118.44851
      42.83647     -118.43270
      42.88543     -118.38904
      42.94503     -118.34158
      43.01893     -118.27152
      43.04696     -118.24053
      43.09358     -118.15968
      43.12009     -118.13686
      43.14704     -118.09732
      43.15198     -118.08385
      43.26823     -117.95663
      43.31873     -117.89651
      43.34597     -117.84461
      43.38826     -117.82277
           2           3           1           1    856abcdef Steens fault zone                       
   2.6930044      0.80000001       7.5000000       7.5000000      0.10000000      0.20000000      8.31728921E+16
   65.000000       16.550674       0.0000000       213.86871    
          47
      41.75230     -118.75646
      41.77997     -118.77677
      41.80638     -118.77686
      41.82992     -118.77129
      41.89999     -118.74191
      41.91679     -118.73212
      41.92398     -118.71864
      41.93494     -118.71693
      41.96216     -118.67669
      41.97258     -118.67265
      42.02184     -118.63092
      42.06458     -118.60445
      42.09710     -118.58161
      42.12824     -118.60757
      42.16976     -118.60886
      42.20090     -118.64260
      42.25151     -118.66596
      42.29420     -118.67292
      42.31074     -118.66475
      42.33535     -118.66744
      42.37767     -118.65145
      42.40201     -118.63699
      42.48538     -118.62432
      42.52033     -118.61390
      42.53282     -118.60564
      42.55330     -118.53727
      42.58816     -118.53323
      42.61457     -118.51759
      42.66245     -118.49828
      42.73262     -118.49801
      42.74735     -118.48867
      42.76388     -118.48489
      42.79730     -118.45794
      42.82245     -118.44851
      42.83647     -118.43270
      42.88543     -118.38904
      42.94503     -118.34158
      43.01893     -118.27152
      43.04696     -118.24053
      43.09358     -118.15968
      43.12009     -118.13686
      43.14704     -118.09732
      43.15198     -118.08385
      43.26823     -117.95663
      43.31873     -117.89651
      43.34597     -117.84461
      43.38826     -117.82277
           2           3           1           1    856abcdef Steens fault zone                       
   2.6930044      0.80000001       7.5000000       7.5000000      0.10000000      0.20000000      1.31421472E+17
   35.000000       26.151720       0.0000000       213.86871    
          47
      41.75230     -118.75646
      41.77997     -118.77677
      41.80638     -118.77686
      41.82992     -118.77129
      41.89999     -118.74191
      41.91679     -118.73212
      41.92398     -118.71864
      41.93494     -118.71693
      41.96216     -118.67669
      41.97258     -118.67265
      42.02184     -118.63092
      42.06458     -118.60445
      42.09710     -118.58161
      42.12824     -118.60757
      42.16976     -118.60886
      42.20090     -118.64260
      42.25151     -118.66596
      42.29420     -118.67292
      42.31074     -118.66475
      42.33535     -118.66744
      42.37767     -118.65145
      42.40201     -118.63699
      42.48538     -118.62432
      42.52033     -118.61390
      42.53282     -118.60564
      42.55330     -118.53727
      42.58816     -118.53323
      42.61457     -118.51759
      42.66245     -118.49828
      42.73262     -118.49801
      42.74735     -118.48867
      42.76388     -118.48489
      42.79730     -118.45794
      42.82245     -118.44851
      42.83647     -118.43270
      42.88543     -118.38904
      42.94503     -118.34158
      43.01893     -118.27152
      43.04696     -118.24053
      43.09358     -118.15968
      43.12009     -118.13686
      43.14704     -118.09732
      43.15198     -118.08385
      43.26823     -117.95663
      43.31873     -117.89651
      43.34597     -117.84461
      43.38826     -117.82277
           1           3           1           0    858 Tule Springs Rim fault                        
 6.900 0.0001799 0.6000 0.45200E+16
   50.000000       19.581120       0.0000000       36.839462    
           7
      42.64705     -118.35309
      42.58368     -118.36623
      42.50924     -118.37079
      42.48247     -118.40256
      42.41889     -118.40904
      42.40152     -118.47491
      42.36180     -118.49209
           1           3           1           0    858 Tule Springs Rim fault                        
 6.900 0.0001799 0.2000 0.38205E+16
   65.000000       16.550674       0.0000000       36.839462    
           7
      42.64705     -118.35309
      42.58368     -118.36623
      42.50924     -118.37079
      42.48247     -118.40256
      42.41889     -118.40904
      42.40152     -118.47491
      42.36180     -118.49209
           1           3           1           0    858 Tule Springs Rim fault                        
 6.900 0.0001799 0.2000 0.60367E+16
   35.000000       26.151720       0.0000000       36.839462    
           7
      42.64705     -118.35309
      42.58368     -118.36623
      42.50924     -118.37079
      42.48247     -118.40256
      42.41889     -118.40904
      42.40152     -118.47491
      42.36180     -118.49209
