0               !Use with hazFX. Characteristic-M fault file 
24.6 50. 0.05           !site grid. Using M=M(SRL) Wells and Co. except special situations 
-125. -100. 0.05
760.0 2.0          ! Vs30 and depth (km) to 2.5 km/s rock
1.0 200.
3       !3 spectral periods.  M<6.5 sources are in a separate file
0. 1. 0. PGA. 
0.370 0.220 0.220
0.250 0.230 0.230
0.400 0.360 0.330
../out/SRB_6gmpes.3dip.ORWAnormal_c.65.pga
20
.005 .007 .0098 .0137 .0192 .0269 .0376 .0527 .0738 .103 .145 .203 .284 .397 .556 .778 1.09 1.52 2.2 3.3
6
35 0.18 1000.   0.0 0 CY2013
34 0.18 1000.   0.0 0 CB2013
33 0.18 1000.   0.0 0 BSSA2013
36 0.18 1000.   0.0 0 AS2013
37 0.18 1000.   0.0 0 ID2013
38 0.10 1000.   0.0 0 GK2013
0.20 1. 0. PSA
0.370 0.220 0.220
0.250 0.230 0.230
0.400 0.360 0.330
../out/SRB_6gmpes.3dip.ORWAnormal_c.65.5hz
19
.005 .0075 .0113 .0169 .0253 .0380 .0570 .0854 .128 .192 .288 .432 .649 .973 1.46 2.19 3.28 4.92 7.38
6
35 0.18 1000.   0.0 0 CY2013
34 0.18 1000.   0.0 0 CB2013
33 0.18 1000.   0.0 0 BSSA2013
36 0.18 1000.   0.0 0 AS2013
37 0.18 1000.   0.0 0 ID2013
38 0.10 1000.   0.0 0 GK2013
1.00 1. 0. PSA
0.370 0.220 0.220
0.250 0.230 0.230
0.400 0.360 0.330
../out/SRB_6gmpes.3dip.ORWAnormal_c.65.1hz
20
.0025 .00375 .00563 .00844 .0127 .0190 .0285 .0427 .0641 .0961 .144 .216 .324 .487 .730 1.09 1.64 2.46 3.69 5.54
6
35 0.18 1000.   0.0 0 CY2013
34 0.18 1000.   0.0 0 CB2013
33 0.18 1000.   0.0 0 BSSA2013
36 0.18 1000.   0.0 0 AS2013
37 0.18 1000.   0.0 0 ID2013
38 0.10 1000.   0.0 0 GK2013
1.  1.
3               !3 branches on Magnitude epistemic variability
-.2 0. .2           ! -dM, 0, + dM epistemic mag variability. Branches have same moment rate
.2 .6 .2          !Weights assigned to epistemic mag variability branches
0.12 5          !M aleatory variability, sigma=0.12, 5 steps on either side of 0, each sigma*0.4
           1           1           1           1    878 Grant Butte fault                             
   6.21000004       2.61587527E-04  0.360000014       6.06203831E+14
   50.0000000       19.5811195       0.00000000       9.38138962    
           5
      45.49836     -122.43135
      45.48821     -122.45605
      45.48812     -122.47205
      45.47797     -122.49882
      45.47608     -122.54401
           1           1           1           1    878 Grant Butte fault                             
   6.21000004       2.61587527E-04  0.120000005       8.09620327E+14
   35.0000000       26.1517200       0.00000000       9.38138962    
           5
      45.49836     -122.43135
      45.48821     -122.45605
      45.48812     -122.47205
      45.47797     -122.49882
      45.47608     -122.54401
           1           1           1           1    878 Grant Butte fault                             
   6.21000004       2.61587527E-04  0.120000005       5.12385572E+14
   65.0000000       16.5506744       0.00000000       9.38138962    
           5
      45.49836     -122.43135
      45.48821     -122.45605
      45.48812     -122.47205
      45.47797     -122.49882
      45.47608     -122.54401
           1           3           1           1    865 Mount Hood fault                              
   6.28999996       4.44490754E-04  0.360000014       1.35788612E+15
   50.0000000       19.5811195       0.00000000       11.0672150    
           5
      45.33090     -121.80624
      45.32901     -121.81756
      45.33431     -121.83058
      45.35453     -121.85808
      45.38588     -121.91854
           1           3           1           1    865 Mount Hood fault                              
   6.28999996       4.44490754E-04  0.120000005       1.81353558E+15
   35.0000000       26.1517200       0.00000000       11.0672150    
           5
      45.33090     -121.80624
      45.32901     -121.81756
      45.33431     -121.83058
      45.35453     -121.85808
      45.38588     -121.91854
           1           3           1           1    865 Mount Hood fault                              
   6.28999996       4.44490754E-04  0.120000005       1.14773485E+15
   65.0000000       16.5506744       0.00000000       11.0672150    
           5
      45.33090     -121.80624
      45.32901     -121.81756
      45.33431     -121.83058
      45.35453     -121.85808
      45.38588     -121.91854
           1           3           1           1    834 Paulina Marsh fault                           
   6.26000023       8.41143075E-04  0.360000014       2.31670321E+15
   50.0000000       19.5811195       0.00000000       10.4175920    
           5
      43.23120     -121.03912
      43.18924     -121.00515
      43.17613     -120.99725
      43.15771     -120.99518
      43.14855     -120.98421
           1           3           1           1    834 Paulina Marsh fault                           
   6.26000023       8.41143075E-04  0.120000005       3.09409149E+15
   35.0000000       26.1517200       0.00000000       10.4175920    
           5
      43.23120     -121.03912
      43.18924     -121.00515
      43.17613     -120.99725
      43.15771     -120.99518
      43.14855     -120.98421
           1           3           1           1    834 Paulina Marsh fault                           
   6.26000023       8.41143075E-04  0.120000005       1.95816189E+15
   65.0000000       16.5506744       0.00000000       10.4175920    
           5
      43.23120     -121.03912
      43.18924     -121.00515
      43.17613     -120.99725
      43.15771     -120.99518
      43.14855     -120.98421
           1           1           1           1    878 Grant Butte fault                             
   6.21000004       2.21103284E-04  0.120000005       5.12385538E+14
   65.0000000       16.5506763       0.00000000       9.38138962    
           5
      45.49836     -122.43135
      45.48821     -122.45605
      45.48812     -122.47205
      45.47797     -122.49882
      45.47608     -122.54401
           1           1           1           1    878 Grant Butte fault                             
   6.21000004       2.21103284E-04   4.00000028E-02   6.06203831E+14
   50.0000000       19.5811214       0.00000000       9.38138962    
           5
      45.49836     -122.43135
      45.48821     -122.45605
      45.48812     -122.47205
      45.47797     -122.49882
      45.47608     -122.54401
           1           1           1           1    878 Grant Butte fault                             
   6.21000004       2.21103284E-04   4.00000028E-02   4.71542681E+14
   80.0000000       15.2314024       0.00000000       9.38138962    
           5
      45.49836     -122.43135
      45.48821     -122.45605
      45.48812     -122.47205
      45.47797     -122.49882
      45.47608     -122.54401
           1           3           1           1    865 Mount Hood fault                              
   6.28999996       3.17555154E-04  0.120000005       9.70107350E+14
   65.0000000       16.5506763       0.00000000       11.0672150    
           5
      45.33090     -121.80624
      45.32901     -121.81756
      45.33431     -121.83058
      45.35453     -121.85808
      45.38588     -121.91854
           1           3           1           1    865 Mount Hood fault                              
   6.28999996       3.17555154E-04   4.00000028E-02   1.14773498E+15
   50.0000000       19.5811214       0.00000000       11.0672150    
           5
      45.33090     -121.80624
      45.32901     -121.81756
      45.33431     -121.83058
      45.35453     -121.85808
      45.38588     -121.91854
           1           3           1           1    865 Mount Hood fault                              
   6.28999996       3.17555154E-04   4.00000028E-02   8.92778947E+14
   80.0000000       15.2314024       0.00000000       11.0672150    
           5
      45.33090     -121.80624
      45.32901     -121.81756
      45.33431     -121.83058
      45.35453     -121.85808
      45.38588     -121.91854
           1           3           1           1    834 Paulina Marsh fault                           
   6.26000023       6.00933330E-04  0.120000005       1.65510981E+15
   65.0000000       16.5506763       0.00000000       10.4175920    
           5
      43.23120     -121.03912
      43.18924     -121.00515
      43.17613     -120.99725
      43.15771     -120.99518
      43.14855     -120.98421
           1           3           1           1    834 Paulina Marsh fault                           
   6.26000023       6.00933330E-04   4.00000028E-02   1.95816203E+15
   50.0000000       19.5811214       0.00000000       10.4175920    
           5
      43.23120     -121.03912
      43.18924     -121.00515
      43.17613     -120.99725
      43.15771     -120.99518
      43.14855     -120.98421
           1           3           1           1    834 Paulina Marsh fault                           
   6.26000023       6.00933330E-04   4.00000028E-02   1.52317901E+15
   80.0000000       15.2314024       0.00000000       10.4175920    
           5
      43.23120     -121.03912
      43.18924     -121.00515
      43.17613     -120.99725
      43.15771     -120.99518
      43.14855     -120.98421
           1           1           1           1    878 Grant Butte fault                             
   6.21000004       3.49365262E-04  0.120000005       8.09620327E+14
   35.0000000       26.1517200       0.00000000       9.38138962    
           5
      45.49836     -122.43135
      45.48821     -122.45605
      45.48812     -122.47205
      45.47797     -122.49882
      45.47608     -122.54401
           1           1           1           1    878 Grant Butte fault                             
   6.21000004       3.49365262E-04   4.00000028E-02   1.35775365E+15
   20.0000000       43.8570938       0.00000000       9.38138962    
           5
      45.49836     -122.43135
      45.48821     -122.45605
      45.48812     -122.47205
      45.47797     -122.49882
      45.47608     -122.54401
           1           1           1           1    878 Grant Butte fault                             
   6.21000004       3.49365262E-04   4.00000028E-02   6.06203831E+14
   50.0000000       19.5811195       0.00000000       9.38138962    
           5
      45.49836     -122.43135
      45.48821     -122.45605
      45.48812     -122.47205
      45.47797     -122.49882
      45.47608     -122.54401
           1           3           1           1    865 Mount Hood fault                              
   6.28999996       7.92845036E-04  0.120000005       2.42208238E+15
   35.0000000       26.1517200       0.00000000       11.0672150    
           5
      45.33090     -121.80624
      45.32901     -121.81756
      45.33431     -121.83058
      45.35453     -121.85808
      45.38588     -121.91854
           1           3           1           1    865 Mount Hood fault                              
   6.28999996       7.92845036E-04   4.00000028E-02   4.06189311E+15
   20.0000000       43.8570938       0.00000000       11.0672150    
           5
      45.33090     -121.80624
      45.32901     -121.81756
      45.33431     -121.83058
      45.35453     -121.85808
      45.38588     -121.91854
           1           3           1           1    865 Mount Hood fault                              
   6.28999996       7.92845036E-04   4.00000028E-02   1.81353598E+15
   50.0000000       19.5811195       0.00000000       11.0672150    
           5
      45.33090     -121.80624
      45.32901     -121.81756
      45.33431     -121.83058
      45.35453     -121.85808
      45.38588     -121.91854
           1           3           1           1    834 Paulina Marsh fault                           
   6.26000023       1.50035939E-03  0.120000005       4.13233809E+15
   35.0000000       26.1517200       0.00000000       10.4175920    
           5
      43.23120     -121.03912
      43.18924     -121.00515
      43.17613     -120.99725
      43.15771     -120.99518
      43.14855     -120.98421
           1           3           1           1    834 Paulina Marsh fault                           
   6.26000023       1.50035939E-03   4.00000028E-02   6.93003496E+15
   20.0000000       43.8570938       0.00000000       10.4175920    
           5
      43.23120     -121.03912
      43.18924     -121.00515
      43.17613     -120.99725
      43.15771     -120.99518
      43.14855     -120.98421
           1           3           1           1    834 Paulina Marsh fault                           
   6.26000023       1.50035939E-03   4.00000028E-02   3.09409122E+15
   50.0000000       19.5811195       0.00000000       10.4175920    
           5
      43.23120     -121.03912
      43.18924     -121.00515
      43.17613     -120.99725
      43.15771     -120.99518
      43.14855     -120.98421
