0               !Use with hazFX. Characteristic-M fault file 
24.6 50. 0.05           !site grid. Using M=M(SRL) Wells and Co. except special situations 
-125. -100. 0.05
760.0 2.0          ! Vs30 and depth (km) to 2.5 km/s rock
1.0 200.
3       !3 spectral periods.  M<6.5 sources are in a separate file
0. 1. 0. PGA. 
0.370 0.220 0.220
0.250 0.230 0.230
0.400 0.360 0.330
../out/SRB_6gmpes.3dip.ORWAnormal_c.gr.pga
20
.005 .007 .0098 .0137 .0192 .0269 .0376 .0527 .0738 .103 .145 .203 .284 .397 .556 .778 1.09 1.52 2.2 3.3
6
35 0.18 1000.   0.0 0 CY2013
34 0.18 1000.   0.0 0 CB2013
33 0.18 1000.   0.0 0 BSSA2013
36 0.18 1000.   0.0 0 AS2013
37 0.18 1000.   0.0 0 ID2013
38 0.10 1000.   0.0 0 GK2013
0.20 1. 0. PSA
0.370 0.220 0.220
0.250 0.230 0.230
0.400 0.360 0.330
../out/SRB_6gmpes.3dip.ORWAnormal_c.gr.5hz
19
.005 .0075 .0113 .0169 .0253 .0380 .0570 .0854 .128 .192 .288 .432 .649 .973 1.46 2.19 3.28 4.92 7.38
6
35 0.18 1000.   0.0 0 CY2013
34 0.18 1000.   0.0 0 CB2013
33 0.18 1000.   0.0 0 BSSA2013
36 0.18 1000.   0.0 0 AS2013
37 0.18 1000.   0.0 0 ID2013
38 0.10 1000.   0.0 0 GK2013
1.00 1. 0. PSA
0.370 0.220 0.220
0.250 0.230 0.230
0.400 0.360 0.330
../out/SRB_6gmpes.3dip.ORWAnormal_c.gr.1hz
20
.0025 .00375 .00563 .00844 .0127 .0190 .0285 .0427 .0641 .0961 .144 .216 .324 .487 .730 1.09 1.64 2.46 3.69 5.54
6
35 0.18 1000.   0.0 0 CY2013
34 0.18 1000.   0.0 0 CB2013
33 0.18 1000.   0.0 0 BSSA2013
36 0.18 1000.   0.0 0 AS2013
37 0.18 1000.   0.0 0 ID2013
38 0.10 1000.   0.0 0 GK2013
1.  1.
3               !3 branches on Magnitude epistemic variability
-.2 0. .2           ! -dM, 0, + dM epistemic mag variability. Branches have same moment rate
.2 .6 .2          !Weights assigned to epistemic mag variability branches
0.0 1          !M aleatory variability, sigma=0.12, 5 steps on either side of 0, each sigma*0.4
           2           3           1           1    896 Battle Rock fault zone                        
 1.15032  0.80  6.500  7.000 0.1250 0.36000 0.34541E+16
   50.0000000       19.5811195       0.00000000       45.0436058    
           6
      42.51569     -124.37593
      42.55270     -124.37935
      42.58082     -124.39453
      42.73849     -124.49785
      42.83174     -124.51474
      42.89714     -124.54305
           2           3           1           1    896 Battle Rock fault zone                        
 1.15032  0.80  6.500  7.000 0.1250 0.12000 0.46132E+16
   35.0000000       26.1517200       0.00000000       45.0436058    
           6
      42.51569     -124.37593
      42.55270     -124.37935
      42.58082     -124.39453
      42.73849     -124.49785
      42.83174     -124.51474
      42.89714     -124.54305
           2           3           1           1    896 Battle Rock fault zone                        
 1.15032  0.80  6.500  7.000 0.1250 0.12000 0.29196E+16
   65.0000000       16.5506744       0.00000000       45.0436058    
           6
      42.51569     -124.37593
      42.55270     -124.37935
      42.58082     -124.39453
      42.73849     -124.49785
      42.83174     -124.51474
      42.89714     -124.54305
           2           3           1           1    895 Beaver Creek fault zone                       
 1.82066  0.80  6.500  6.520 0.0200 0.36000 0.26770E+16
   50.0000000       19.5811195       0.00000000       17.4550591    
           7
      42.76508     -124.49048
      42.78395     -124.45787
      42.79634     -124.45014
      42.81297     -124.42211
      42.82671     -124.39058
      42.83471     -124.35410
      42.85528     -124.32140
           2           3           1           1    895 Beaver Creek fault zone                       
 1.82066  0.80  6.500  6.520 0.0200 0.12000 0.35754E+16
   35.0000000       26.1517200       0.00000000       17.4550591    
           7
      42.76508     -124.49048
      42.78395     -124.45787
      42.79634     -124.45014
      42.81297     -124.42211
      42.82671     -124.39058
      42.83471     -124.35410
      42.85528     -124.32140
           2           3           1           1    895 Beaver Creek fault zone                       
 1.82066  0.80  6.500  6.520 0.0200 0.12000 0.22627E+16
   65.0000000       16.5506744       0.00000000       17.4550591    
           7
      42.76508     -124.49048
      42.78395     -124.45787
      42.79634     -124.45014
      42.81297     -124.42211
      42.82671     -124.39058
      42.83471     -124.35410
      42.85528     -124.32140
           2           3           1           1    843bc Klamath graben fault system (east)          
 1.31329  0.80  6.500  7.360 0.1075 0.36000 0.14160E+17
   50.0000000       19.5811195       0.00000000       92.3285522    
          17
      42.78936     -121.99062
      42.77481     -121.98846
      42.71902     -121.95082
      42.67625     -121.94821
      42.63852     -121.92603
      42.62289     -121.92917
      42.60816     -121.91659
      42.48104     -121.86619
      42.44789     -121.86340
      42.38923     -121.80419
      42.31313     -121.74921
      42.19248     -121.70374
      42.13058     -121.66933
      42.08908     -121.63591
      42.07498     -121.63483
      42.06204     -121.62144
      42.03761     -121.57841
           2           3           1           1    843bc Klamath graben fault system (east)          
 1.31329  0.80  6.500  7.360 0.1075 0.12000 0.18912E+17
   35.0000000       26.1517200       0.00000000       92.3285522    
          17
      42.78936     -121.99062
      42.77481     -121.98846
      42.71902     -121.95082
      42.67625     -121.94821
      42.63852     -121.92603
      42.62289     -121.92917
      42.60816     -121.91659
      42.48104     -121.86619
      42.44789     -121.86340
      42.38923     -121.80419
      42.31313     -121.74921
      42.19248     -121.70374
      42.13058     -121.66933
      42.08908     -121.63591
      42.07498     -121.63483
      42.06204     -121.62144
      42.03761     -121.57841
           2           3           1           1    843bc Klamath graben fault system (east)          
 1.31329  0.80  6.500  7.360 0.1075 0.12000 0.11969E+17
   65.0000000       16.5506744       0.00000000       92.3285522    
          17
      42.78936     -121.99062
      42.77481     -121.98846
      42.71902     -121.95082
      42.67625     -121.94821
      42.63852     -121.92603
      42.62289     -121.92917
      42.60816     -121.91659
      42.48104     -121.86619
      42.44789     -121.86340
      42.38923     -121.80419
      42.31313     -121.74921
      42.19248     -121.70374
      42.13058     -121.66933
      42.08908     -121.63591
      42.07498     -121.63483
      42.06204     -121.62144
      42.03761     -121.57841
           2           3           1           1    843a Klamath graben fault system (west)           
 1.20513  0.80  6.500  7.060 0.0933 0.36000 0.62161E+16
   50.0000000       19.5811195       0.00000000       50.6631584    
          12
      42.29974     -122.02556
      42.34987     -122.03518
      42.38742     -122.09438
      42.43657     -122.11208
      42.45804     -122.11334
      42.47493     -122.08801
      42.55120     -122.09753
      42.58704     -122.08953
      42.60070     -122.09393
      42.65748     -122.09492
      42.70437     -122.08388
      42.71992     -122.09744
           2           3           1           1    843a Klamath graben fault system (west)           
 1.20513  0.80  6.500  7.060 0.0933 0.12000 0.83019E+16
   35.0000000       26.1517200       0.00000000       50.6631584    
          12
      42.29974     -122.02556
      42.34987     -122.03518
      42.38742     -122.09438
      42.43657     -122.11208
      42.45804     -122.11334
      42.47493     -122.08801
      42.55120     -122.09753
      42.58704     -122.08953
      42.60070     -122.09393
      42.65748     -122.09492
      42.70437     -122.08388
      42.71992     -122.09744
           2           3           1           1    843a Klamath graben fault system (west)           
 1.20513  0.80  6.500  7.060 0.0933 0.12000 0.52541E+16
   65.0000000       16.5506744       0.00000000       50.6631584    
          12
      42.29974     -122.02556
      42.34987     -122.03518
      42.38742     -122.09438
      42.43657     -122.11208
      42.45804     -122.11334
      42.47493     -122.08801
      42.55120     -122.09753
      42.58704     -122.08953
      42.60070     -122.09393
      42.65748     -122.09492
      42.70437     -122.08388
      42.71992     -122.09744
           2           3           1           1    809a Pine Valley graben fault system, Brownlee sec
 0.44533  0.80  6.500  6.560 0.0600 0.96000 0.11650E+15
   50.0000000       19.5811195       0.00000000       18.9904060    
           7
      44.92442     -116.98402
      44.90043     -116.90999
      44.87887     -116.87791
      44.86593     -116.84943
      44.85623     -116.83893
      44.83458     -116.83057
      44.81176     -116.83605
           2           3           1           1    809a Pine Valley graben fault system, Brownlee sec
 0.44533  0.80  6.500  6.560 0.0600 0.32000 0.15559E+15
   35.0000000       26.1517200       0.00000000       18.9904060    
           7
      44.92442     -116.98402
      44.90043     -116.90999
      44.87887     -116.87791
      44.86593     -116.84943
      44.85623     -116.83893
      44.83458     -116.83057
      44.81176     -116.83605
           2           3           1           1    809a Pine Valley graben fault system, Brownlee sec
 0.44533  0.80  6.500  6.560 0.0600 0.32000 0.98471E+14
   65.0000000       16.5506744       0.00000000       18.9904060    
           7
      44.92442     -116.98402
      44.90043     -116.90999
      44.87887     -116.87791
      44.86593     -116.84943
      44.85623     -116.83893
      44.83458     -116.83057
      44.81176     -116.83605
           2           3           1           1    809b Pine Valley graben fault system, Halfway-Pose
 0.01422  0.80  6.500  6.910 0.1025 0.36000 0.23289E+15
   50.0000000       19.5811195       0.00000000       37.9633560    
          10
      44.75597     -116.85528
      44.76704     -116.86815
      44.79163     -116.88555
      44.81769     -116.92733
      44.83880     -117.01789
      44.86189     -117.08842
      44.87060     -117.10297
      44.90654     -117.12939
      44.94769     -117.14286
      44.98865     -117.14771
           2           3           1           1    809b Pine Valley graben fault system, Halfway-Pose
 0.01422  0.80  6.500  6.910 0.1025 0.12000 0.31104E+15
   35.0000000       26.1517200       0.00000000       37.9633560    
          10
      44.75597     -116.85528
      44.76704     -116.86815
      44.79163     -116.88555
      44.81769     -116.92733
      44.83880     -117.01789
      44.86189     -117.08842
      44.87060     -117.10297
      44.90654     -117.12939
      44.94769     -117.14286
      44.98865     -117.14771
           2           3           1           1    809b Pine Valley graben fault system, Halfway-Pose
 0.01422  0.80  6.500  6.910 0.1025 0.12000 0.19685E+15
   65.0000000       16.5506744       0.00000000       37.9633560    
          10
      44.75597     -116.85528
      44.76704     -116.86815
      44.79163     -116.88555
      44.81769     -116.92733
      44.83880     -117.01789
      44.86189     -117.08842
      44.87060     -117.10297
      44.90654     -117.12939
      44.94769     -117.14286
      44.98865     -117.14771
           2           3           1           1    844 Sky Lakes fault zone                          
 1.46325  0.80  6.500  7.080 0.0967 0.36000 0.11473E+17
   50.0000000       19.5811195       0.00000000       53.4315414    
          11
      42.14711     -122.04892
      42.19778     -122.10345
      42.25725     -122.14757
      42.33667     -122.18854
      42.34924     -122.21046
      42.37718     -122.21234
      42.41770     -122.22636
      42.48445     -122.23202
      42.51661     -122.24100
      42.54509     -122.24262
      42.58920     -122.23688
           2           3           1           1    844 Sky Lakes fault zone                          
 1.46325  0.80  6.500  7.080 0.0967 0.12000 0.15322E+17
   35.0000000       26.1517200       0.00000000       53.4315414    
          11
      42.14711     -122.04892
      42.19778     -122.10345
      42.25725     -122.14757
      42.33667     -122.18854
      42.34924     -122.21046
      42.37718     -122.21234
      42.41770     -122.22636
      42.48445     -122.23202
      42.51661     -122.24100
      42.54509     -122.24262
      42.58920     -122.23688
           2           3           1           1    844 Sky Lakes fault zone                          
 1.46325  0.80  6.500  7.080 0.0967 0.12000 0.96970E+16
   65.0000000       16.5506744       0.00000000       53.4315414    
          11
      42.14711     -122.04892
      42.19778     -122.10345
      42.25725     -122.14757
      42.33667     -122.18854
      42.34924     -122.21046
      42.37718     -122.21234
      42.41770     -122.22636
      42.48445     -122.23202
      42.51661     -122.24100
      42.54509     -122.24262
      42.58920     -122.23688
           2           3           1           1    801 Wallowa fault                                 
 1.15535  0.80  6.500  7.080 0.0967 0.36000 0.56463E+16
   50.0000000       19.5811195       0.00000000       52.5933838    
           9
      45.27721     -117.14735
      45.28511     -117.18275
      45.33408     -117.29101
      45.34764     -117.31257
      45.38375     -117.34949
      45.45634     -117.45264
      45.52560     -117.52640
      45.54088     -117.55066
      45.60727     -117.61364
           2           3           1           1    801 Wallowa fault                                 
 1.15535  0.80  6.500  7.080 0.0967 0.12000 0.75410E+16
   35.0000000       26.1517200       0.00000000       52.5933838    
           9
      45.27721     -117.14735
      45.28511     -117.18275
      45.33408     -117.29101
      45.34764     -117.31257
      45.38375     -117.34949
      45.45634     -117.45264
      45.52560     -117.52640
      45.54088     -117.55066
      45.60727     -117.61364
           2           3           1           1    801 Wallowa fault                                 
 1.15535  0.80  6.500  7.080 0.0967 0.12000 0.47725E+16
   65.0000000       16.5506744       0.00000000       52.5933838    
           9
      45.27721     -117.14735
      45.28511     -117.18275
      45.33408     -117.29101
      45.34764     -117.31257
      45.38375     -117.34949
      45.45634     -117.45264
      45.52560     -117.52640
      45.54088     -117.55066
      45.60727     -117.61364
           2           3           1           1    827ac Warner Valley faults (east)                 
 1.19634  0.80  6.500  7.500 0.1250 0.36000 0.12437E+17
   50.0000000       19.5811195       0.00000000       147.445511    
          27
      42.88800     -119.49937
      42.83585     -119.49937
      42.73001     -119.54539
      42.71927     -119.58527
      42.68093     -119.62055
      42.64411     -119.63895
      42.59103     -119.69740
      42.55668     -119.73713
      42.52832     -119.78464
      42.51066     -119.80002
      42.47692     -119.79848
      42.44471     -119.81536
      42.39716     -119.82763
      42.36648     -119.82763
      42.33734     -119.79695
      42.28519     -119.76167
      42.07811     -119.75860
      42.00449     -119.76780
      41.92695     -119.69497
      41.89111     -119.67268
      41.87008     -119.66711
      41.84493     -119.67323
      41.79560     -119.67017
      41.78555     -119.67403
      41.75626     -119.71221
      41.73362     -119.72542
      41.71304     -119.76567
           2           3           1           1    827ac Warner Valley faults (east)                 
 1.19634  0.80  6.500  7.500 0.1250 0.12000 0.16611E+17
   35.0000000       26.1517200       0.00000000       147.445511    
          27
      42.88800     -119.49937
      42.83585     -119.49937
      42.73001     -119.54539
      42.71927     -119.58527
      42.68093     -119.62055
      42.64411     -119.63895
      42.59103     -119.69740
      42.55668     -119.73713
      42.52832     -119.78464
      42.51066     -119.80002
      42.47692     -119.79848
      42.44471     -119.81536
      42.39716     -119.82763
      42.36648     -119.82763
      42.33734     -119.79695
      42.28519     -119.76167
      42.07811     -119.75860
      42.00449     -119.76780
      41.92695     -119.69497
      41.89111     -119.67268
      41.87008     -119.66711
      41.84493     -119.67323
      41.79560     -119.67017
      41.78555     -119.67403
      41.75626     -119.71221
      41.73362     -119.72542
      41.71304     -119.76567
           2           3           1           1    827ac Warner Valley faults (east)                 
 1.19634  0.80  6.500  7.500 0.1250 0.12000 0.10513E+17
   65.0000000       16.5506744       0.00000000       147.445511    
          27
      42.88800     -119.49937
      42.83585     -119.49937
      42.73001     -119.54539
      42.71927     -119.58527
      42.68093     -119.62055
      42.64411     -119.63895
      42.59103     -119.69740
      42.55668     -119.73713
      42.52832     -119.78464
      42.51066     -119.80002
      42.47692     -119.79848
      42.44471     -119.81536
      42.39716     -119.82763
      42.36648     -119.82763
      42.33734     -119.79695
      42.28519     -119.76167
      42.07811     -119.75860
      42.00449     -119.76780
      41.92695     -119.69497
      41.89111     -119.67268
      41.87008     -119.66711
      41.84493     -119.67323
      41.79560     -119.67017
      41.78555     -119.67403
      41.75626     -119.71221
      41.73362     -119.72542
      41.71304     -119.76567
           2           3           1           1    827b Warner Valley faults (west)                  
 1.18429  0.80  6.500  6.990 0.1225 0.36000 0.37014E+16
   50.0000000       19.5811195       0.00000000       43.8806763    
          12
      42.07340     -119.96027
      42.08367     -119.95971
      42.11098     -119.95486
      42.14557     -119.93491
      42.16552     -119.91209
      42.19408     -119.90338
      42.26448     -119.88455
      42.29774     -119.89445
      42.32534     -119.90932
      42.39965     -119.91357
      42.43078     -119.92136
      42.45272     -119.92560
           2           3           1           1    827b Warner Valley faults (west)                  
 1.18429  0.80  6.500  6.990 0.1225 0.12000 0.49435E+16
   35.0000000       26.1517200       0.00000000       43.8806763    
          12
      42.07340     -119.96027
      42.08367     -119.95971
      42.11098     -119.95486
      42.14557     -119.93491
      42.16552     -119.91209
      42.19408     -119.90338
      42.26448     -119.88455
      42.29774     -119.89445
      42.32534     -119.90932
      42.39965     -119.91357
      42.43078     -119.92136
      42.45272     -119.92560
           2           3           1           1    827b Warner Valley faults (west)                  
 1.18429  0.80  6.500  6.990 0.1225 0.12000 0.31286E+16
   65.0000000       16.5506744       0.00000000       43.8806763    
          12
      42.07340     -119.96027
      42.08367     -119.95971
      42.11098     -119.95486
      42.14557     -119.93491
      42.16552     -119.91209
      42.19408     -119.90338
      42.26448     -119.88455
      42.29774     -119.89445
      42.32534     -119.90932
      42.39965     -119.91357
      42.43078     -119.92136
      42.45272     -119.92560
           2           3           1           1    831abc Winter Rim fault system                    
 1.69606  0.80  6.500  7.190 0.1150 0.36000 0.21739E+17
   50.0000000       19.5811195       0.00000000       65.9277802    
          18
      42.56142     -120.49791
      42.60213     -120.52299
      42.67124     -120.53516
      42.70897     -120.58394
      42.71777     -120.61170
      42.71660     -120.63183
      42.70032     -120.66471
      42.70636     -120.69741
      42.72433     -120.71880
      42.72595     -120.73497
      42.73520     -120.75572
      42.75236     -120.77531
      42.78365     -120.79794
      42.83672     -120.80711
      42.88577     -120.82310
      42.90832     -120.82401
      42.97048     -120.78255
      42.99861     -120.77831
           2           3           1           1    831abc Winter Rim fault system                    
 1.69606  0.80  6.500  7.190 0.1150 0.12000 0.29034E+17
   35.0000000       26.1517200       0.00000000       65.9277802    
          18
      42.56142     -120.49791
      42.60213     -120.52299
      42.67124     -120.53516
      42.70897     -120.58394
      42.71777     -120.61170
      42.71660     -120.63183
      42.70032     -120.66471
      42.70636     -120.69741
      42.72433     -120.71880
      42.72595     -120.73497
      42.73520     -120.75572
      42.75236     -120.77531
      42.78365     -120.79794
      42.83672     -120.80711
      42.88577     -120.82310
      42.90832     -120.82401
      42.97048     -120.78255
      42.99861     -120.77831
           2           3           1           1    831abc Winter Rim fault system                    
 1.69606  0.80  6.500  7.190 0.1150 0.12000 0.18375E+17
   65.0000000       16.5506744       0.00000000       65.9277802    
          18
      42.56142     -120.49791
      42.60213     -120.52299
      42.67124     -120.53516
      42.70897     -120.58394
      42.71777     -120.61170
      42.71660     -120.63183
      42.70032     -120.66471
      42.70636     -120.69741
      42.72433     -120.71880
      42.72595     -120.73497
      42.73520     -120.75572
      42.75236     -120.77531
      42.78365     -120.79794
      42.83672     -120.80711
      42.88577     -120.82310
      42.90832     -120.82401
      42.97048     -120.78255
      42.99861     -120.77831
           2           3           1           1    896 Battle Rock fault zone                        
 1.00428  0.80  6.500  7.000 0.1250 0.12000 0.24677E+16
   65.0000000       16.5506763       0.00000000       45.0436058    
           6
      42.51569     -124.37593
      42.55270     -124.37935
      42.58082     -124.39453
      42.73849     -124.49785
      42.83174     -124.51474
      42.89714     -124.54305
           2           3           1           1    896 Battle Rock fault zone                        
 1.00428  0.80  6.500  7.000 0.1250 0.04000 0.29196E+16
   50.0000000       19.5811214       0.00000000       45.0436058    
           6
      42.51569     -124.37593
      42.55270     -124.37935
      42.58082     -124.39453
      42.73849     -124.49785
      42.83174     -124.51474
      42.89714     -124.54305
           2           3           1           1    896 Battle Rock fault zone                        
 1.00428  0.80  6.500  7.000 0.1250 0.04000 0.22710E+16
   80.0000000       15.2314024       0.00000000       45.0436058    
           6
      42.51569     -124.37593
      42.55270     -124.37935
      42.58082     -124.39453
      42.73849     -124.49785
      42.83174     -124.51474
      42.89714     -124.54305
           2           3           1           1    895 Beaver Creek fault zone                       
 1.67461  0.80  6.500  6.520 0.0200 0.12000 0.19126E+16
   65.0000000       16.5506763       0.00000000       17.4550591    
           7
      42.76508     -124.49048
      42.78395     -124.45787
      42.79634     -124.45014
      42.81297     -124.42211
      42.82671     -124.39058
      42.83471     -124.35410
      42.85528     -124.32140
           2           3           1           1    895 Beaver Creek fault zone                       
 1.67461  0.80  6.500  6.520 0.0200 0.04000 0.22627E+16
   50.0000000       19.5811214       0.00000000       17.4550591    
           7
      42.76508     -124.49048
      42.78395     -124.45787
      42.79634     -124.45014
      42.81297     -124.42211
      42.82671     -124.39058
      42.83471     -124.35410
      42.85528     -124.32140
           2           3           1           1    895 Beaver Creek fault zone                       
 1.67461  0.80  6.500  6.520 0.0200 0.04000 0.17601E+16
   80.0000000       15.2314024       0.00000000       17.4550591    
           7
      42.76508     -124.49048
      42.78395     -124.45787
      42.79634     -124.45014
      42.81297     -124.42211
      42.82671     -124.39058
      42.83471     -124.35410
      42.85528     -124.32140
           2           3           1           1    843bc Klamath graben fault system (east)          
 1.16725  0.80  6.500  7.360 0.1075 0.12000 0.10116E+17
   65.0000000       16.5506763       0.00000000       92.3285522    
          17
      42.78936     -121.99062
      42.77481     -121.98846
      42.71902     -121.95082
      42.67625     -121.94821
      42.63852     -121.92603
      42.62289     -121.92917
      42.60816     -121.91659
      42.48104     -121.86619
      42.44789     -121.86340
      42.38923     -121.80419
      42.31313     -121.74921
      42.19248     -121.70374
      42.13058     -121.66933
      42.08908     -121.63591
      42.07498     -121.63483
      42.06204     -121.62144
      42.03761     -121.57841
           2           3           1           1    843bc Klamath graben fault system (east)          
 1.16725  0.80  6.500  7.360 0.1075 0.04000 0.11969E+17
   50.0000000       19.5811214       0.00000000       92.3285522    
          17
      42.78936     -121.99062
      42.77481     -121.98846
      42.71902     -121.95082
      42.67625     -121.94821
      42.63852     -121.92603
      42.62289     -121.92917
      42.60816     -121.91659
      42.48104     -121.86619
      42.44789     -121.86340
      42.38923     -121.80419
      42.31313     -121.74921
      42.19248     -121.70374
      42.13058     -121.66933
      42.08908     -121.63591
      42.07498     -121.63483
      42.06204     -121.62144
      42.03761     -121.57841
           2           3           1           1    843bc Klamath graben fault system (east)          
 1.16725  0.80  6.500  7.360 0.1075 0.04000 0.93100E+16
   80.0000000       15.2314024       0.00000000       92.3285522    
          17
      42.78936     -121.99062
      42.77481     -121.98846
      42.71902     -121.95082
      42.67625     -121.94821
      42.63852     -121.92603
      42.62289     -121.92917
      42.60816     -121.91659
      42.48104     -121.86619
      42.44789     -121.86340
      42.38923     -121.80419
      42.31313     -121.74921
      42.19248     -121.70374
      42.13058     -121.66933
      42.08908     -121.63591
      42.07498     -121.63483
      42.06204     -121.62144
      42.03761     -121.57841
           2           3           1           1    843a Klamath graben fault system (west)           
 1.05909  0.80  6.500  7.060 0.0933 0.12000 0.44409E+16
   65.0000000       16.5506763       0.00000000       50.6631584    
          12
      42.29974     -122.02556
      42.34987     -122.03518
      42.38742     -122.09438
      42.43657     -122.11208
      42.45804     -122.11334
      42.47493     -122.08801
      42.55120     -122.09753
      42.58704     -122.08953
      42.60070     -122.09393
      42.65748     -122.09492
      42.70437     -122.08388
      42.71992     -122.09744
           2           3           1           1    843a Klamath graben fault system (west)           
 1.05909  0.80  6.500  7.060 0.0933 0.04000 0.52541E+16
   50.0000000       19.5811214       0.00000000       50.6631584    
          12
      42.29974     -122.02556
      42.34987     -122.03518
      42.38742     -122.09438
      42.43657     -122.11208
      42.45804     -122.11334
      42.47493     -122.08801
      42.55120     -122.09753
      42.58704     -122.08953
      42.60070     -122.09393
      42.65748     -122.09492
      42.70437     -122.08388
      42.71992     -122.09744
           2           3           1           1    843a Klamath graben fault system (west)           
 1.05909  0.80  6.500  7.060 0.0933 0.04000 0.40869E+16
   80.0000000       15.2314024       0.00000000       50.6631584    
          12
      42.29974     -122.02556
      42.34987     -122.03518
      42.38742     -122.09438
      42.43657     -122.11208
      42.45804     -122.11334
      42.47493     -122.08801
      42.55120     -122.09753
      42.58704     -122.08953
      42.60070     -122.09393
      42.65748     -122.09492
      42.70437     -122.08388
      42.71992     -122.09744
           2           3           1           1    809a Pine Valley graben fault system, Brownlee sec
 0.29928  0.80  6.500  6.560 0.0600 0.12000 0.83231E+14
   65.0000000       16.5506763       0.00000000       18.9904060    
           7
      44.92442     -116.98402
      44.90043     -116.90999
      44.87887     -116.87791
      44.86593     -116.84943
      44.85623     -116.83893
      44.83458     -116.83057
      44.81176     -116.83605
           2           3           1           1    809a Pine Valley graben fault system, Brownlee sec
 0.29928  0.80  6.500  6.560 0.0600 0.04000 0.98471E+14
   50.0000000       19.5811214       0.00000000       18.9904060    
           7
      44.92442     -116.98402
      44.90043     -116.90999
      44.87887     -116.87791
      44.86593     -116.84943
      44.85623     -116.83893
      44.83458     -116.83057
      44.81176     -116.83605
           2           3           1           1    809a Pine Valley graben fault system, Brownlee sec
 0.29928  0.80  6.500  6.560 0.0600 0.04000 0.76597E+14
   80.0000000       15.2314024       0.00000000       18.9904060    
           7
      44.92442     -116.98402
      44.90043     -116.90999
      44.87887     -116.87791
      44.86593     -116.84943
      44.85623     -116.83893
      44.83458     -116.83057
      44.81176     -116.83605
           2           3           1           1    809b Pine Valley graben fault system, Halfway-Pose
-0.13182  0.80  6.500  6.910 0.1025 0.12000 0.16639E+15
   65.0000000       16.5506763       0.00000000       37.9633560    
          10
      44.75597     -116.85528
      44.76704     -116.86815
      44.79163     -116.88555
      44.81769     -116.92733
      44.83880     -117.01789
      44.86189     -117.08842
      44.87060     -117.10297
      44.90654     -117.12939
      44.94769     -117.14286
      44.98865     -117.14771
           2           3           1           1    809b Pine Valley graben fault system, Halfway-Pose
-0.13182  0.80  6.500  6.910 0.1025 0.04000 0.19685E+15
   50.0000000       19.5811214       0.00000000       37.9633560    
          10
      44.75597     -116.85528
      44.76704     -116.86815
      44.79163     -116.88555
      44.81769     -116.92733
      44.83880     -117.01789
      44.86189     -117.08842
      44.87060     -117.10297
      44.90654     -117.12939
      44.94769     -117.14286
      44.98865     -117.14771
           2           3           1           1    809b Pine Valley graben fault system, Halfway-Pose
-0.13182  0.80  6.500  6.910 0.1025 0.04000 0.15312E+15
   80.0000000       15.2314024       0.00000000       37.9633560    
          10
      44.75597     -116.85528
      44.76704     -116.86815
      44.79163     -116.88555
      44.81769     -116.92733
      44.83880     -117.01789
      44.86189     -117.08842
      44.87060     -117.10297
      44.90654     -117.12939
      44.94769     -117.14286
      44.98865     -117.14771
           2           3           1           1    844 Sky Lakes fault zone                          
 1.31720  0.80  6.500  7.080 0.0967 0.12000 0.81963E+16
   65.0000000       16.5506763       0.00000000       53.4315414    
          11
      42.14711     -122.04892
      42.19778     -122.10345
      42.25725     -122.14757
      42.33667     -122.18854
      42.34924     -122.21046
      42.37718     -122.21234
      42.41770     -122.22636
      42.48445     -122.23202
      42.51661     -122.24100
      42.54509     -122.24262
      42.58920     -122.23688
           2           3           1           1    844 Sky Lakes fault zone                          
 1.31720  0.80  6.500  7.080 0.0967 0.04000 0.96970E+16
   50.0000000       19.5811214       0.00000000       53.4315414    
          11
      42.14711     -122.04892
      42.19778     -122.10345
      42.25725     -122.14757
      42.33667     -122.18854
      42.34924     -122.21046
      42.37718     -122.21234
      42.41770     -122.22636
      42.48445     -122.23202
      42.51661     -122.24100
      42.54509     -122.24262
      42.58920     -122.23688
           2           3           1           1    844 Sky Lakes fault zone                          
 1.31720  0.80  6.500  7.080 0.0967 0.04000 0.75430E+16
   80.0000000       15.2314024       0.00000000       53.4315414    
          11
      42.14711     -122.04892
      42.19778     -122.10345
      42.25725     -122.14757
      42.33667     -122.18854
      42.34924     -122.21046
      42.37718     -122.21234
      42.41770     -122.22636
      42.48445     -122.23202
      42.51661     -122.24100
      42.54509     -122.24262
      42.58920     -122.23688
           2           3           1           1    801 Wallowa fault                                 
 1.00931  0.80  6.500  7.080 0.0967 0.12000 0.40339E+16
   65.0000000       16.5506763       0.00000000       52.5933838    
           9
      45.27721     -117.14735
      45.28511     -117.18275
      45.33408     -117.29101
      45.34764     -117.31257
      45.38375     -117.34949
      45.45634     -117.45264
      45.52560     -117.52640
      45.54088     -117.55066
      45.60727     -117.61364
           2           3           1           1    801 Wallowa fault                                 
 1.00931  0.80  6.500  7.080 0.0967 0.04000 0.47725E+16
   50.0000000       19.5811214       0.00000000       52.5933838    
           9
      45.27721     -117.14735
      45.28511     -117.18275
      45.33408     -117.29101
      45.34764     -117.31257
      45.38375     -117.34949
      45.45634     -117.45264
      45.52560     -117.52640
      45.54088     -117.55066
      45.60727     -117.61364
           2           3           1           1    801 Wallowa fault                                 
 1.00931  0.80  6.500  7.080 0.0967 0.04000 0.37123E+16
   80.0000000       15.2314024       0.00000000       52.5933838    
           9
      45.27721     -117.14735
      45.28511     -117.18275
      45.33408     -117.29101
      45.34764     -117.31257
      45.38375     -117.34949
      45.45634     -117.45264
      45.52560     -117.52640
      45.54088     -117.55066
      45.60727     -117.61364
           2           3           1           1    827ac Warner Valley faults (east)                 
 1.05030  0.80  6.500  7.500 0.1250 0.12000 0.88856E+16
   65.0000000       16.5506763       0.00000000       147.445511    
          27
      42.88800     -119.49937
      42.83585     -119.49937
      42.73001     -119.54539
      42.71927     -119.58527
      42.68093     -119.62055
      42.64411     -119.63895
      42.59103     -119.69740
      42.55668     -119.73713
      42.52832     -119.78464
      42.51066     -119.80002
      42.47692     -119.79848
      42.44471     -119.81536
      42.39716     -119.82763
      42.36648     -119.82763
      42.33734     -119.79695
      42.28519     -119.76167
      42.07811     -119.75860
      42.00449     -119.76780
      41.92695     -119.69497
      41.89111     -119.67268
      41.87008     -119.66711
      41.84493     -119.67323
      41.79560     -119.67017
      41.78555     -119.67403
      41.75626     -119.71221
      41.73362     -119.72542
      41.71304     -119.76567
           2           3           1           1    827ac Warner Valley faults (east)                 
 1.05030  0.80  6.500  7.500 0.1250 0.04000 0.10513E+17
   50.0000000       19.5811214       0.00000000       147.445511    
          27
      42.88800     -119.49937
      42.83585     -119.49937
      42.73001     -119.54539
      42.71927     -119.58527
      42.68093     -119.62055
      42.64411     -119.63895
      42.59103     -119.69740
      42.55668     -119.73713
      42.52832     -119.78464
      42.51066     -119.80002
      42.47692     -119.79848
      42.44471     -119.81536
      42.39716     -119.82763
      42.36648     -119.82763
      42.33734     -119.79695
      42.28519     -119.76167
      42.07811     -119.75860
      42.00449     -119.76780
      41.92695     -119.69497
      41.89111     -119.67268
      41.87008     -119.66711
      41.84493     -119.67323
      41.79560     -119.67017
      41.78555     -119.67403
      41.75626     -119.71221
      41.73362     -119.72542
      41.71304     -119.76567
           2           3           1           1    827ac Warner Valley faults (east)                 
 1.05030  0.80  6.500  7.500 0.1250 0.04000 0.81773E+16
   80.0000000       15.2314024       0.00000000       147.445511    
          27
      42.88800     -119.49937
      42.83585     -119.49937
      42.73001     -119.54539
      42.71927     -119.58527
      42.68093     -119.62055
      42.64411     -119.63895
      42.59103     -119.69740
      42.55668     -119.73713
      42.52832     -119.78464
      42.51066     -119.80002
      42.47692     -119.79848
      42.44471     -119.81536
      42.39716     -119.82763
      42.36648     -119.82763
      42.33734     -119.79695
      42.28519     -119.76167
      42.07811     -119.75860
      42.00449     -119.76780
      41.92695     -119.69497
      41.89111     -119.67268
      41.87008     -119.66711
      41.84493     -119.67323
      41.79560     -119.67017
      41.78555     -119.67403
      41.75626     -119.71221
      41.73362     -119.72542
      41.71304     -119.76567
           2           3           1           1    827b Warner Valley faults (west)                  
 1.03824  0.80  6.500  6.990 0.1225 0.12000 0.26444E+16
   65.0000000       16.5506763       0.00000000       43.8806763    
          12
      42.07340     -119.96027
      42.08367     -119.95971
      42.11098     -119.95486
      42.14557     -119.93491
      42.16552     -119.91209
      42.19408     -119.90338
      42.26448     -119.88455
      42.29774     -119.89445
      42.32534     -119.90932
      42.39965     -119.91357
      42.43078     -119.92136
      42.45272     -119.92560
           2           3           1           1    827b Warner Valley faults (west)                  
 1.03824  0.80  6.500  6.990 0.1225 0.04000 0.31286E+16
   50.0000000       19.5811214       0.00000000       43.8806763    
          12
      42.07340     -119.96027
      42.08367     -119.95971
      42.11098     -119.95486
      42.14557     -119.93491
      42.16552     -119.91209
      42.19408     -119.90338
      42.26448     -119.88455
      42.29774     -119.89445
      42.32534     -119.90932
      42.39965     -119.91357
      42.43078     -119.92136
      42.45272     -119.92560
           2           3           1           1    827b Warner Valley faults (west)                  
 1.03824  0.80  6.500  6.990 0.1225 0.04000 0.24336E+16
   80.0000000       15.2314024       0.00000000       43.8806763    
          12
      42.07340     -119.96027
      42.08367     -119.95971
      42.11098     -119.95486
      42.14557     -119.93491
      42.16552     -119.91209
      42.19408     -119.90338
      42.26448     -119.88455
      42.29774     -119.89445
      42.32534     -119.90932
      42.39965     -119.91357
      42.43078     -119.92136
      42.45272     -119.92560
           2           3           1           1    831abc Winter Rim fault system                    
 1.55001  0.80  6.500  7.190 0.1150 0.12000 0.15531E+17
   65.0000000       16.5506763       0.00000000       65.9277802    
          18
      42.56142     -120.49791
      42.60213     -120.52299
      42.67124     -120.53516
      42.70897     -120.58394
      42.71777     -120.61170
      42.71660     -120.63183
      42.70032     -120.66471
      42.70636     -120.69741
      42.72433     -120.71880
      42.72595     -120.73497
      42.73520     -120.75572
      42.75236     -120.77531
      42.78365     -120.79794
      42.83672     -120.80711
      42.88577     -120.82310
      42.90832     -120.82401
      42.97048     -120.78255
      42.99861     -120.77831
           2           3           1           1    831abc Winter Rim fault system                    
 1.55001  0.80  6.500  7.190 0.1150 0.04000 0.18375E+17
   50.0000000       19.5811214       0.00000000       65.9277802    
          18
      42.56142     -120.49791
      42.60213     -120.52299
      42.67124     -120.53516
      42.70897     -120.58394
      42.71777     -120.61170
      42.71660     -120.63183
      42.70032     -120.66471
      42.70636     -120.69741
      42.72433     -120.71880
      42.72595     -120.73497
      42.73520     -120.75572
      42.75236     -120.77531
      42.78365     -120.79794
      42.83672     -120.80711
      42.88577     -120.82310
      42.90832     -120.82401
      42.97048     -120.78255
      42.99861     -120.77831
           2           3           1           1    831abc Winter Rim fault system                    
 1.55001  0.80  6.500  7.190 0.1150 0.04000 0.14293E+17
   80.0000000       15.2314024       0.00000000       65.9277802    
          18
      42.56142     -120.49791
      42.60213     -120.52299
      42.67124     -120.53516
      42.70897     -120.58394
      42.71777     -120.61170
      42.71660     -120.63183
      42.70032     -120.66471
      42.70636     -120.69741
      42.72433     -120.71880
      42.72595     -120.73497
      42.73520     -120.75572
      42.75236     -120.77531
      42.78365     -120.79794
      42.83672     -120.80711
      42.88577     -120.82310
      42.90832     -120.82401
      42.97048     -120.78255
      42.99861     -120.77831
           2           3           1           1    896 Battle Rock fault zone                        
 1.40165  0.80  6.500  7.000 0.1250 0.12000 0.61612E+16
   35.0000000       26.1517200       0.00000000       45.0436058    
           6
      42.51569     -124.37593
      42.55270     -124.37935
      42.58082     -124.39453
      42.73849     -124.49785
      42.83174     -124.51474
      42.89714     -124.54305
           2           3           1           1    896 Battle Rock fault zone                        
 1.40165  0.80  6.500  7.000 0.1250 0.04000 0.10332E+17
   20.0000000       43.8570938       0.00000000       45.0436058    
           6
      42.51569     -124.37593
      42.55270     -124.37935
      42.58082     -124.39453
      42.73849     -124.49785
      42.83174     -124.51474
      42.89714     -124.54305
           2           3           1           1    896 Battle Rock fault zone                        
 1.40165  0.80  6.500  7.000 0.1250 0.04000 0.46132E+16
   50.0000000       19.5811195       0.00000000       45.0436058    
           6
      42.51569     -124.37593
      42.55270     -124.37935
      42.58082     -124.39453
      42.73849     -124.49785
      42.83174     -124.51474
      42.89714     -124.54305
           2           3           1           1    895 Beaver Creek fault zone                       
 2.07198  0.80  6.500  6.520 0.0200 0.12000 0.47751E+16
   35.0000000       26.1517200       0.00000000       17.4550591    
           7
      42.76508     -124.49048
      42.78395     -124.45787
      42.79634     -124.45014
      42.81297     -124.42211
      42.82671     -124.39058
      42.83471     -124.35410
      42.85528     -124.32140
           2           3           1           1    895 Beaver Creek fault zone                       
 2.07198  0.80  6.500  6.520 0.0200 0.04000 0.80080E+16
   20.0000000       43.8570938       0.00000000       17.4550591    
           7
      42.76508     -124.49048
      42.78395     -124.45787
      42.79634     -124.45014
      42.81297     -124.42211
      42.82671     -124.39058
      42.83471     -124.35410
      42.85528     -124.32140
           2           3           1           1    895 Beaver Creek fault zone                       
 2.07198  0.80  6.500  6.520 0.0200 0.04000 0.35754E+16
   50.0000000       19.5811195       0.00000000       17.4550591    
           7
      42.76508     -124.49048
      42.78395     -124.45787
      42.79634     -124.45014
      42.81297     -124.42211
      42.82671     -124.39058
      42.83471     -124.35410
      42.85528     -124.32140
           2           3           1           1    843bc Klamath graben fault system (east)          
 1.56462  0.80  6.500  7.360 0.1075 0.12000 0.25258E+17
   35.0000000       26.1517200       0.00000000       92.3285522    
          17
      42.78936     -121.99062
      42.77481     -121.98846
      42.71902     -121.95082
      42.67625     -121.94821
      42.63852     -121.92603
      42.62289     -121.92917
      42.60816     -121.91659
      42.48104     -121.86619
      42.44789     -121.86340
      42.38923     -121.80419
      42.31313     -121.74921
      42.19248     -121.70374
      42.13058     -121.66933
      42.08908     -121.63591
      42.07498     -121.63483
      42.06204     -121.62144
      42.03761     -121.57841
           2           3           1           1    843bc Klamath graben fault system (east)          
 1.56462  0.80  6.500  7.360 0.1075 0.04000 0.42358E+17
   20.0000000       43.8570938       0.00000000       92.3285522    
          17
      42.78936     -121.99062
      42.77481     -121.98846
      42.71902     -121.95082
      42.67625     -121.94821
      42.63852     -121.92603
      42.62289     -121.92917
      42.60816     -121.91659
      42.48104     -121.86619
      42.44789     -121.86340
      42.38923     -121.80419
      42.31313     -121.74921
      42.19248     -121.70374
      42.13058     -121.66933
      42.08908     -121.63591
      42.07498     -121.63483
      42.06204     -121.62144
      42.03761     -121.57841
           2           3           1           1    843bc Klamath graben fault system (east)          
 1.56462  0.80  6.500  7.360 0.1075 0.04000 0.18912E+17
   50.0000000       19.5811195       0.00000000       92.3285522    
          17
      42.78936     -121.99062
      42.77481     -121.98846
      42.71902     -121.95082
      42.67625     -121.94821
      42.63852     -121.92603
      42.62289     -121.92917
      42.60816     -121.91659
      42.48104     -121.86619
      42.44789     -121.86340
      42.38923     -121.80419
      42.31313     -121.74921
      42.19248     -121.70374
      42.13058     -121.66933
      42.08908     -121.63591
      42.07498     -121.63483
      42.06204     -121.62144
      42.03761     -121.57841
           2           3           1           1    843a Klamath graben fault system (west)           
 1.45646  0.80  6.500  7.060 0.0933 0.12000 0.11088E+17
   35.0000000       26.1517200       0.00000000       50.6631584    
          12
      42.29974     -122.02556
      42.34987     -122.03518
      42.38742     -122.09438
      42.43657     -122.11208
      42.45804     -122.11334
      42.47493     -122.08801
      42.55120     -122.09753
      42.58704     -122.08953
      42.60070     -122.09393
      42.65748     -122.09492
      42.70437     -122.08388
      42.71992     -122.09744
           2           3           1           1    843a Klamath graben fault system (west)           
 1.45646  0.80  6.500  7.060 0.0933 0.04000 0.18594E+17
   20.0000000       43.8570938       0.00000000       50.6631584    
          12
      42.29974     -122.02556
      42.34987     -122.03518
      42.38742     -122.09438
      42.43657     -122.11208
      42.45804     -122.11334
      42.47493     -122.08801
      42.55120     -122.09753
      42.58704     -122.08953
      42.60070     -122.09393
      42.65748     -122.09492
      42.70437     -122.08388
      42.71992     -122.09744
           2           3           1           1    843a Klamath graben fault system (west)           
 1.45646  0.80  6.500  7.060 0.0933 0.04000 0.83020E+16
   50.0000000       19.5811195       0.00000000       50.6631584    
          12
      42.29974     -122.02556
      42.34987     -122.03518
      42.38742     -122.09438
      42.43657     -122.11208
      42.45804     -122.11334
      42.47493     -122.08801
      42.55120     -122.09753
      42.58704     -122.08953
      42.60070     -122.09393
      42.65748     -122.09492
      42.70437     -122.08388
      42.71992     -122.09744
           2           3           1           1    809a Pine Valley graben fault system, Brownlee sec
 0.69665  0.80  6.500  6.560 0.0600 0.12000 0.20780E+15
   35.0000000       26.1517200       0.00000000       18.9904060    
           7
      44.92442     -116.98402
      44.90043     -116.90999
      44.87887     -116.87791
      44.86593     -116.84943
      44.85623     -116.83893
      44.83458     -116.83057
      44.81176     -116.83605
           2           3           1           1    809a Pine Valley graben fault system, Brownlee sec
 0.69665  0.80  6.500  6.560 0.0600 0.04000 0.34849E+15
   20.0000000       43.8570938       0.00000000       18.9904060    
           7
      44.92442     -116.98402
      44.90043     -116.90999
      44.87887     -116.87791
      44.86593     -116.84943
      44.85623     -116.83893
      44.83458     -116.83057
      44.81176     -116.83605
           2           3           1           1    809a Pine Valley graben fault system, Brownlee sec
 0.69665  0.80  6.500  6.560 0.0600 0.04000 0.15559E+15
   50.0000000       19.5811195       0.00000000       18.9904060    
           7
      44.92442     -116.98402
      44.90043     -116.90999
      44.87887     -116.87791
      44.86593     -116.84943
      44.85623     -116.83893
      44.83458     -116.83057
      44.81176     -116.83605
           2           3           1           1    809b Pine Valley graben fault system, Halfway-Pose
 0.26554  0.80  6.500  6.910 0.1025 0.12000 0.41542E+15
   35.0000000       26.1517200       0.00000000       37.9633560    
          10
      44.75597     -116.85528
      44.76704     -116.86815
      44.79163     -116.88555
      44.81769     -116.92733
      44.83880     -117.01789
      44.86189     -117.08842
      44.87060     -117.10297
      44.90654     -117.12939
      44.94769     -117.14286
      44.98865     -117.14771
           2           3           1           1    809b Pine Valley graben fault system, Halfway-Pose
 0.26554  0.80  6.500  6.910 0.1025 0.04000 0.69667E+15
   20.0000000       43.8570938       0.00000000       37.9633560    
          10
      44.75597     -116.85528
      44.76704     -116.86815
      44.79163     -116.88555
      44.81769     -116.92733
      44.83880     -117.01789
      44.86189     -117.08842
      44.87060     -117.10297
      44.90654     -117.12939
      44.94769     -117.14286
      44.98865     -117.14771
           2           3           1           1    809b Pine Valley graben fault system, Halfway-Pose
 0.26554  0.80  6.500  6.910 0.1025 0.04000 0.31104E+15
   50.0000000       19.5811195       0.00000000       37.9633560    
          10
      44.75597     -116.85528
      44.76704     -116.86815
      44.79163     -116.88555
      44.81769     -116.92733
      44.83880     -117.01789
      44.86189     -117.08842
      44.87060     -117.10297
      44.90654     -117.12939
      44.94769     -117.14286
      44.98865     -117.14771
           2           3           1           1    844 Sky Lakes fault zone                          
 1.71457  0.80  6.500  7.080 0.0967 0.12000 0.20464E+17
   35.0000000       26.1517200       0.00000000       53.4315414    
          11
      42.14711     -122.04892
      42.19778     -122.10345
      42.25725     -122.14757
      42.33667     -122.18854
      42.34924     -122.21046
      42.37718     -122.21234
      42.41770     -122.22636
      42.48445     -122.23202
      42.51661     -122.24100
      42.54509     -122.24262
      42.58920     -122.23688
           2           3           1           1    844 Sky Lakes fault zone                          
 1.71457  0.80  6.500  7.080 0.0967 0.04000 0.34318E+17
   20.0000000       43.8570938       0.00000000       53.4315414    
          11
      42.14711     -122.04892
      42.19778     -122.10345
      42.25725     -122.14757
      42.33667     -122.18854
      42.34924     -122.21046
      42.37718     -122.21234
      42.41770     -122.22636
      42.48445     -122.23202
      42.51661     -122.24100
      42.54509     -122.24262
      42.58920     -122.23688
           2           3           1           1    844 Sky Lakes fault zone                          
 1.71457  0.80  6.500  7.080 0.0967 0.04000 0.15322E+17
   50.0000000       19.5811195       0.00000000       53.4315414    
          11
      42.14711     -122.04892
      42.19778     -122.10345
      42.25725     -122.14757
      42.33667     -122.18854
      42.34924     -122.21046
      42.37718     -122.21234
      42.41770     -122.22636
      42.48445     -122.23202
      42.51661     -122.24100
      42.54509     -122.24262
      42.58920     -122.23688
           2           3           1           1    801 Wallowa fault                                 
 1.40668  0.80  6.500  7.080 0.0967 0.12000 0.10071E+17
   35.0000000       26.1517200       0.00000000       52.5933838    
           9
      45.27721     -117.14735
      45.28511     -117.18275
      45.33408     -117.29101
      45.34764     -117.31257
      45.38375     -117.34949
      45.45634     -117.45264
      45.52560     -117.52640
      45.54088     -117.55066
      45.60727     -117.61364
           2           3           1           1    801 Wallowa fault                                 
 1.40668  0.80  6.500  7.080 0.0967 0.04000 0.16890E+17
   20.0000000       43.8570938       0.00000000       52.5933838    
           9
      45.27721     -117.14735
      45.28511     -117.18275
      45.33408     -117.29101
      45.34764     -117.31257
      45.38375     -117.34949
      45.45634     -117.45264
      45.52560     -117.52640
      45.54088     -117.55066
      45.60727     -117.61364
           2           3           1           1    801 Wallowa fault                                 
 1.40668  0.80  6.500  7.080 0.0967 0.04000 0.75410E+16
   50.0000000       19.5811195       0.00000000       52.5933838    
           9
      45.27721     -117.14735
      45.28511     -117.18275
      45.33408     -117.29101
      45.34764     -117.31257
      45.38375     -117.34949
      45.45634     -117.45264
      45.52560     -117.52640
      45.54088     -117.55066
      45.60727     -117.61364
           2           3           1           1    827ac Warner Valley faults (east)                 
 1.44767  0.80  6.500  7.500 0.1250 0.12000 0.22185E+17
   35.0000000       26.1517200       0.00000000       147.445511    
          27
      42.88800     -119.49937
      42.83585     -119.49937
      42.73001     -119.54539
      42.71927     -119.58527
      42.68093     -119.62055
      42.64411     -119.63895
      42.59103     -119.69740
      42.55668     -119.73713
      42.52832     -119.78464
      42.51066     -119.80002
      42.47692     -119.79848
      42.44471     -119.81536
      42.39716     -119.82763
      42.36648     -119.82763
      42.33734     -119.79695
      42.28519     -119.76167
      42.07811     -119.75860
      42.00449     -119.76780
      41.92695     -119.69497
      41.89111     -119.67268
      41.87008     -119.66711
      41.84493     -119.67323
      41.79560     -119.67017
      41.78555     -119.67403
      41.75626     -119.71221
      41.73362     -119.72542
      41.71304     -119.76567
           2           3           1           1    827ac Warner Valley faults (east)                 
 1.44767  0.80  6.500  7.500 0.1250 0.04000 0.37204E+17
   20.0000000       43.8570938       0.00000000       147.445511    
          27
      42.88800     -119.49937
      42.83585     -119.49937
      42.73001     -119.54539
      42.71927     -119.58527
      42.68093     -119.62055
      42.64411     -119.63895
      42.59103     -119.69740
      42.55668     -119.73713
      42.52832     -119.78464
      42.51066     -119.80002
      42.47692     -119.79848
      42.44471     -119.81536
      42.39716     -119.82763
      42.36648     -119.82763
      42.33734     -119.79695
      42.28519     -119.76167
      42.07811     -119.75860
      42.00449     -119.76780
      41.92695     -119.69497
      41.89111     -119.67268
      41.87008     -119.66711
      41.84493     -119.67323
      41.79560     -119.67017
      41.78555     -119.67403
      41.75626     -119.71221
      41.73362     -119.72542
      41.71304     -119.76567
           2           3           1           1    827ac Warner Valley faults (east)                 
 1.44767  0.80  6.500  7.500 0.1250 0.04000 0.16611E+17
   50.0000000       19.5811195       0.00000000       147.445511    
          27
      42.88800     -119.49937
      42.83585     -119.49937
      42.73001     -119.54539
      42.71927     -119.58527
      42.68093     -119.62055
      42.64411     -119.63895
      42.59103     -119.69740
      42.55668     -119.73713
      42.52832     -119.78464
      42.51066     -119.80002
      42.47692     -119.79848
      42.44471     -119.81536
      42.39716     -119.82763
      42.36648     -119.82763
      42.33734     -119.79695
      42.28519     -119.76167
      42.07811     -119.75860
      42.00449     -119.76780
      41.92695     -119.69497
      41.89111     -119.67268
      41.87008     -119.66711
      41.84493     -119.67323
      41.79560     -119.67017
      41.78555     -119.67403
      41.75626     -119.71221
      41.73362     -119.72542
      41.71304     -119.76567
           2           3           1           1    827b Warner Valley faults (west)                  
 1.43561  0.80  6.500  6.990 0.1225 0.12000 0.66023E+16
   35.0000000       26.1517200       0.00000000       43.8806763    
          12
      42.07340     -119.96027
      42.08367     -119.95971
      42.11098     -119.95486
      42.14557     -119.93491
      42.16552     -119.91209
      42.19408     -119.90338
      42.26448     -119.88455
      42.29774     -119.89445
      42.32534     -119.90932
      42.39965     -119.91357
      42.43078     -119.92136
      42.45272     -119.92560
           2           3           1           1    827b Warner Valley faults (west)                  
 1.43561  0.80  6.500  6.990 0.1225 0.04000 0.11072E+17
   20.0000000       43.8570938       0.00000000       43.8806763    
          12
      42.07340     -119.96027
      42.08367     -119.95971
      42.11098     -119.95486
      42.14557     -119.93491
      42.16552     -119.91209
      42.19408     -119.90338
      42.26448     -119.88455
      42.29774     -119.89445
      42.32534     -119.90932
      42.39965     -119.91357
      42.43078     -119.92136
      42.45272     -119.92560
           2           3           1           1    827b Warner Valley faults (west)                  
 1.43561  0.80  6.500  6.990 0.1225 0.04000 0.49435E+16
   50.0000000       19.5811195       0.00000000       43.8806763    
          12
      42.07340     -119.96027
      42.08367     -119.95971
      42.11098     -119.95486
      42.14557     -119.93491
      42.16552     -119.91209
      42.19408     -119.90338
      42.26448     -119.88455
      42.29774     -119.89445
      42.32534     -119.90932
      42.39965     -119.91357
      42.43078     -119.92136
      42.45272     -119.92560
           2           3           1           1    831abc Winter Rim fault system                    
 1.94738  0.80  6.500  7.190 0.1150 0.12000 0.38776E+17
   35.0000000       26.1517200       0.00000000       65.9277802    
          18
      42.56142     -120.49791
      42.60213     -120.52299
      42.67124     -120.53516
      42.70897     -120.58394
      42.71777     -120.61170
      42.71660     -120.63183
      42.70032     -120.66471
      42.70636     -120.69741
      42.72433     -120.71880
      42.72595     -120.73497
      42.73520     -120.75572
      42.75236     -120.77531
      42.78365     -120.79794
      42.83672     -120.80711
      42.88577     -120.82310
      42.90832     -120.82401
      42.97048     -120.78255
      42.99861     -120.77831
           2           3           1           1    831abc Winter Rim fault system                    
 1.94738  0.80  6.500  7.190 0.1150 0.04000 0.65029E+17
   20.0000000       43.8570938       0.00000000       65.9277802    
          18
      42.56142     -120.49791
      42.60213     -120.52299
      42.67124     -120.53516
      42.70897     -120.58394
      42.71777     -120.61170
      42.71660     -120.63183
      42.70032     -120.66471
      42.70636     -120.69741
      42.72433     -120.71880
      42.72595     -120.73497
      42.73520     -120.75572
      42.75236     -120.77531
      42.78365     -120.79794
      42.83672     -120.80711
      42.88577     -120.82310
      42.90832     -120.82401
      42.97048     -120.78255
      42.99861     -120.77831
           2           3           1           1    831abc Winter Rim fault system                    
 1.94738  0.80  6.500  7.190 0.1150 0.04000 0.29034E+17
   50.0000000       19.5811195       0.00000000       65.9277802    
          18
      42.56142     -120.49791
      42.60213     -120.52299
      42.67124     -120.53516
      42.70897     -120.58394
      42.71777     -120.61170
      42.71660     -120.63183
      42.70032     -120.66471
      42.70636     -120.69741
      42.72433     -120.71880
      42.72595     -120.73497
      42.73520     -120.75572
      42.75236     -120.77531
      42.78365     -120.79794
      42.83672     -120.80711
      42.88577     -120.82310
      42.90832     -120.82401
      42.97048     -120.78255
      42.99861     -120.77831
