0               !Use with hazFX. Characteristic-M fault file 
24.6 50. 0.05           !site grid. Using M=M(SRL) Wells and Co. except special situations 
-125. -100. 0.05
760.0 2.0          ! Vs30 and depth (km) to 2.5 km/s rock
1. 200.
3       !3 spectral periods.  M<6.5 sources are in a separate file
0. 1. 0. PGA. 
0.375 0.210 0.245
0.230 0.225 0.23
0.400 0.360 0.31
../out/d1SRBarea.UT.3dip.ch.pga
20
.005 .007 .0098 .0137 .0192 .0269 .0376 .0527 .0738 .103 .145 .203 .284 .397 .556 .778 1.09 1.52 2.2 3.3
6
35 0.20 1000.   0.0 0 CY2013
34 0.20 1000.   0.0 0 CB2013
33 0.20 1000.   0.0 0 BSSA2013
16 0.20 1000.   0.0 0 AS2008
37 0.10 1000.   0.0 0 ID2013
38 0.10 1000.   0.0 0 GK2013
0.20 1. 0. PSA
0.375 0.210 0.245
0.230 0.225 0.23
0.400 0.360 0.31
../out/d1SRBarea.UT.3dip.ch.5hz
19
.005 .0075 .0113 .0169 .0253 .0380 .0570 .0854 .128 .192 .288 .432 .649 .973 1.46 2.19 3.28 4.92 7.38
6
35 0.20 1000.   0.0 0 CY2013
34 0.20 1000.   0.0 0 CB2013
33 0.20 1000.   0.0 0 BSSA2013
16 0.20 1000.   0.0 0 AS2008
37 0.10 1000.   0.0 0 ID2013
38 0.10 1000.   0.0 0 GK2013
1.00 1. 0. PSA
0.375 0.210 0.245
0.230 0.225 0.23
0.400 0.360 0.31
../out/d1SRBarea.UT.3dip.ch.1hz
20
.0025 .00375 .00563 .00844 .0127 .0190 .0285 .0427 .0641 .0961 .144 .216 .324 .487 .730 1.09 1.64 2.46 3.69 5.54
6
35 0.20 1000.   0.0 0 CY2013
34 0.20 1000.   0.0 0 CB2013
33 0.20 1000.   0.0 0 BSSA2013
16 0.20 1000.   0.0 0 AS2008
37 0.10 1000.   0.0 0 ID2013
38 0.10 1000.   0.0 0 GK2013
1.  1.
3               !3 branches on Magnitude epistemic variability
-.2 0. .2           ! -dM, 0, + dM epistemic mag variability. Branches have same moment rate
.2 .6 .2          !Weights assigned to epistemic mag variability branches
0.12 5          !M aleatory variability, sigma=0.12, 5 steps on either side of 0, each sigma*0.4
           1           3           1           0    2352abc East Cache fault zone                     
 7.430 0.0000623 .6 0.97631E+16
   50.000000       19.581120       0.0000000       83.099205    
          19
      42.13217     -111.69703
      42.04943     -111.73072
      42.00056     -111.73710
      41.97504     -111.76334
      41.93282     -111.78822
      41.91404     -111.79459
      41.90937     -111.79037
      41.89482     -111.79190
      41.88008     -111.80313
      41.87568     -111.81535
      41.83112     -111.79145
      41.78019     -111.77608
      41.74353     -111.79172
      41.64067     -111.80637
      41.61722     -111.79980
      41.59422     -111.78444
      41.49989     -111.77608
      41.44752     -111.76036
      41.42079     -111.76464
           1           3           1           0    2369c Great Salt Lake fault zone, Antelope Island 
 7.200 0.0002381 .6 0.16856E+17
   50.000000       19.581120       0.0000000       39.455318    
          12
      41.03435     -112.31972
      41.01216     -112.30193
      40.98907     -112.26563
      40.96607     -112.27228
      40.94442     -112.26994
      40.87022     -112.23724
      40.85449     -112.21703
      40.81910     -112.18441
      40.79385     -112.19564
      40.75046     -112.20426
      40.73402     -112.21451
      40.72387     -112.23050
           1           3           1           0    2369b Great Salt Lake fault zone, Fremont Island s
 7.130 0.0002381 .6 0.13236E+17
   50.000000       19.581120       0.0000000       31.995790    
          11
      41.20998     -112.52186
      41.19920     -112.52016
      41.17826     -112.49221
      41.17126     -112.45268
      41.16156     -112.44091
      41.15150     -112.41405
      41.09319     -112.36455
      41.06013     -112.35448
      41.02599     -112.32735
      41.00362     -112.31918
      40.99266     -112.30606
           1           3           1           0    2369a Great Salt Lake fault zone, Promontory secti
 7.300 0.0002381 .6 0.23810E+17
   50.000000       19.581120       0.0000000       53.803913    
          13
      41.53411     -112.83632
      41.49341     -112.80398
      41.46736     -112.77558
      41.43565     -112.70497
      41.39819     -112.65528
      41.38813     -112.57631
      41.37555     -112.54738
      41.34644     -112.53372
      41.32443     -112.51351
      41.26307     -112.51260
      41.23693     -112.50291
      41.21492     -112.49023
      41.19183     -112.45879
           1           3           1           0    2358 Hansel Valley fault                          
 6.600 0.0001039 .6 0.92573E+15
   50.000000       19.581120       0.0000000       13.132431    
           5
      41.68387     -112.75636
      41.71019     -112.74944
      41.73930     -112.73354
      41.78090     -112.72923
      41.79805     -112.72141
           1           3           1           0    998ab Hurricane fault zone (northern)             
 7.250 0.0000653 .6 0.54965E+16
   50.000000       19.581120       0.0000000       46.784088    
          12
      37.66074     -113.05540
      37.61565     -113.09241
      37.58941     -113.10599
      37.56920     -113.12862
      37.56533     -113.14587
      37.55204     -113.16474
      37.50119     -113.19816
      37.48880     -113.21514
      37.42384     -113.23104
      37.40372     -113.22852
      37.33481     -113.26698
      37.29699     -113.28306
           1           3           1           0    2455 Joes Valley fault zone                       
 7.250 0.0001000 .6 0.84139E+16
   50.000000       19.581120       0.0000000       46.790268    
           9
      39.59973     -111.22290
      39.53119     -111.21904
      39.50010     -111.23144
      39.46812     -111.22883
      39.43146     -111.23332
      39.35986     -111.25793
      39.30209     -111.27115
      39.25834     -111.27033
      39.18468     -111.25812
           1           3           1           0    2353abc Morgan fault                              
 6.940 0.0000071 .6 0.20369E+15
   50.000000       19.581120       0.0000000       17.337070    
           5
      41.15141     -111.72289
      41.10667     -111.70673
      41.07658     -111.67223
      41.02726     -111.66872
      41.00956     -111.65533
           1           3           1           0    2361 North Promontory fault                       
 7.070 0.0000691 .6 0.31216E+16
   50.000000       19.581120       0.0000000       26.570068    
           7
      41.90146     -112.55062
      41.87918     -112.55017
      41.85447     -112.55709
      41.78889     -112.55556
      41.76598     -112.56033
      41.69914     -112.59438
      41.67354     -112.61810
           1           3           1           0    2398_2399 Oquirrh-Southern Oquirrh Mountains fault
 7.350 0.0000627 .6 0.74576E+16
   50.000000       19.581120       0.0000000       63.475822    
          18
      40.69467     -112.25404
      40.68613     -112.24739
      40.65290     -112.24487
      40.64957     -112.25529
      40.64112     -112.25700
      40.63789     -112.26383
      40.63142     -112.25961
      40.60456     -112.25781
      40.55542     -112.20112
      40.54428     -112.20112
      40.53521     -112.23984
      40.51769     -112.25861
      40.50072     -112.30508
      40.45984     -112.34554
      40.40189     -112.31769
      40.30905     -112.27556
      40.27047     -112.25903
      40.22883     -112.22392
           1           3           1           0    2534 Paragonah fault                              
 7.080 0.0001586 .6 0.74183E+16
   50.000000       19.581120       0.0000000       27.452986    
           7
      37.97832     -112.70242
      37.94949     -112.71571
      37.91238     -112.74824
      37.88992     -112.75273
      37.83781     -112.78893
      37.80251     -112.84373
      37.77682     -112.87006
           1           3           1           0    997a Sevier/Toroweap fault zone (northern)        
 7.450 0.0000122 .6 0.20537E+16
   50.000000       19.581120       0.0000000       87.403015    
          20
      37.87457     -112.29696
      37.79676     -112.33110
      37.77296     -112.33344
      37.72678     -112.32804
      37.68410     -112.33325
      37.66497     -112.35473
      37.63595     -112.37458
      37.60289     -112.38500
      37.58573     -112.39623
      37.55564     -112.40288
      37.52240     -112.42184
      37.37973     -112.52938
      37.37893     -112.53738
      37.37120     -112.54573
      37.35287     -112.55247
      37.34083     -112.56208
      37.33751     -112.56989
      37.27884     -112.62407
      37.20266     -112.66081
      37.16906     -112.66593
           1           3           1           0    2395 Stansbury fault zone                         
 7.300 0.0001271 .6 0.12707E+17
   50.000000       19.581120       0.0000000       54.078171    
          11
      40.68946     -112.66022
      40.59396     -112.68420
      40.54221     -112.67199
      40.53484     -112.66507
      40.50160     -112.68528
      40.47546     -112.69310
      40.43099     -112.67953
      40.42443     -112.68106
      40.39460     -112.66579
      40.27611     -112.54620
      40.25014     -112.52599
           1           3           1           0    2412 Strawberry fault                             
 7.190 0.0000334 .6 0.22828E+16
   50.000000       19.581120       0.0000000       38.860470    
          14
      40.28978     -111.21310
      40.28924     -111.18543
      40.28358     -111.16855
      40.25726     -111.14204
      40.25204     -111.10817
      40.23803     -111.10386
      40.20173     -111.10152
      40.16777     -111.11491
      40.15367     -111.11212
      40.14334     -111.11985
      40.12232     -111.11671
      40.09042     -111.14285
      40.05611     -111.14779
      40.00750     -111.13934
           1           3           1           0    2521a West Cache fault, Clarkston section         
 7.030 0.0001384 .6 0.54468E+16
   50.000000       19.581120       0.0000000       23.180574    
          19
      41.89618     -112.06735
      41.89811     -112.07092
      41.91275     -112.08149
      41.92101     -112.09007
      41.92996     -112.09294
      41.93912     -112.09914
      41.94935     -112.10383
      41.95304     -112.10270
      41.97075     -112.11127
      41.98226     -112.11015
      41.99070     -112.11059
      41.99508     -112.10746
      41.99978     -112.09651
      42.00863     -112.09432
      42.01313     -112.09182
      42.03043     -112.09144
      42.05117     -112.08487
      42.07551     -112.08156
      42.08934     -112.07899
           1           3           1           0    2521c West Cache fault, Wellsville section        
 6.990 0.0000350 .6 0.11998E+16
   50.000000       19.581120       0.0000000       20.424042    
           6
      41.57967     -111.87608
      41.60123     -111.91885
      41.62486     -111.95226
      41.68972     -112.00024
      41.69663     -112.01057
      41.72098     -112.02369
           1           3           1           0    2521b West Cache fault zone, Junction Hills fault 
 7.050 0.0000694 .6 0.29263E+16
   50.000000       19.581120       0.0000000       24.907093    
          14
      41.69395     -111.95033
      41.71392     -111.96810
      41.75059     -111.98090
      41.77139     -111.98941
      41.78530     -111.99424
      41.79061     -111.99619
      41.79405     -111.99590
      41.79414     -111.99593
      41.79781     -111.99839
      41.81655     -112.01749
      41.84968     -112.04518
      41.87923     -112.04980
      41.88940     -112.05688
      41.89580     -112.06554
           1           3           1           0    2352abc East Cache fault zone                     
 7.380 0.0000626 .2 0.82521E+16
   65.000000       16.550676       0.0000000       83.099205    
          19
      42.13217     -111.69703
      42.04943     -111.73072
      42.00056     -111.73710
      41.97504     -111.76334
      41.93282     -111.78822
      41.91404     -111.79459
      41.90937     -111.79037
      41.89482     -111.79190
      41.88008     -111.80313
      41.87568     -111.81535
      41.83112     -111.79145
      41.78019     -111.77608
      41.74353     -111.79172
      41.64067     -111.80637
      41.61722     -111.79980
      41.59422     -111.78444
      41.49989     -111.77608
      41.44752     -111.76036
      41.42079     -111.76464
           1           3           1           0    2369c Great Salt Lake fault zone, Antelope Island 
 7.140 0.0002381 .2 0.13701E+17
   65.000000       16.550676       0.0000000       39.455318    
          12
      41.03435     -112.31972
      41.01216     -112.30193
      40.98907     -112.26563
      40.96607     -112.27228
      40.94442     -112.26994
      40.87022     -112.23724
      40.85449     -112.21703
      40.81910     -112.18441
      40.79385     -112.19564
      40.75046     -112.20426
      40.73402     -112.21451
      40.72387     -112.23050
           1           3           1           0    2369b Great Salt Lake fault zone, Fremont Island s
 7.080 0.0002381 .2 0.11137E+17
   65.000000       16.550676       0.0000000       31.995790    
          11
      41.20998     -112.52186
      41.19920     -112.52016
      41.17826     -112.49221
      41.17126     -112.45268
      41.16156     -112.44091
      41.15150     -112.41405
      41.09319     -112.36455
      41.06013     -112.35448
      41.02599     -112.32735
      41.00362     -112.31918
      40.99266     -112.30606
           1           3           1           0    2369a Great Salt Lake fault zone, Promontory secti
 7.240 0.0002381 .2 0.19353E+17
   65.000000       16.550676       0.0000000       53.803913    
          13
      41.53411     -112.83632
      41.49341     -112.80398
      41.46736     -112.77558
      41.43565     -112.70497
      41.39819     -112.65528
      41.38813     -112.57631
      41.37555     -112.54738
      41.34644     -112.53372
      41.32443     -112.51351
      41.26307     -112.51260
      41.23693     -112.50291
      41.21492     -112.49023
      41.19183     -112.45879
           1           3           1           0    2358 Hansel Valley fault                          
 6.600 0.0000878 .2 0.78246E+15
   65.000000       16.550676       0.0000000       13.132431    
           5
      41.68387     -112.75636
      41.71019     -112.74944
      41.73930     -112.73354
      41.78090     -112.72923
      41.79805     -112.72141
           1           3           1           0    998ab Hurricane fault zone (northern)             
 7.200 0.0000656 .2 0.46459E+16
   65.000000       16.550676       0.0000000       46.784088    
          12
      37.66074     -113.05540
      37.61565     -113.09241
      37.58941     -113.10599
      37.56920     -113.12862
      37.56533     -113.14587
      37.55204     -113.16474
      37.50119     -113.19816
      37.48880     -113.21514
      37.42384     -113.23104
      37.40372     -113.22852
      37.33481     -113.26698
      37.29699     -113.28306
           1           3           1           0    2455 Joes Valley fault zone                       
 7.200 0.0001000 .2 0.70794E+16
   65.000000       16.550676       0.0000000       46.790268    
           9
      39.59973     -111.22290
      39.53119     -111.21904
      39.50010     -111.23144
      39.46812     -111.22883
      39.43146     -111.23332
      39.35986     -111.25793
      39.30209     -111.27115
      39.25834     -111.27033
      39.18468     -111.25812
           1           3           1           0    2353abc Morgan fault                              
 6.880 0.0000073 .2 0.17216E+15
   65.000000       16.550676       0.0000000       17.337070    
           5
      41.15141     -111.72289
      41.10667     -111.70673
      41.07658     -111.67223
      41.02726     -111.66872
      41.00956     -111.65533
           1           3           1           0    2361 North Promontory fault                       
 7.020 0.0000694 .2 0.26385E+16
   65.000000       16.550676       0.0000000       26.570068    
           7
      41.90146     -112.55062
      41.87918     -112.55017
      41.85447     -112.55709
      41.78889     -112.55556
      41.76598     -112.56033
      41.69914     -112.59438
      41.67354     -112.61810
           1           3           1           0    2398_2399 Oquirrh-Southern Oquirrh Mountains fault
 7.300 0.0000630 .2 0.63034E+16
   65.000000       16.550676       0.0000000       63.475822    
          18
      40.69467     -112.25404
      40.68613     -112.24739
      40.65290     -112.24487
      40.64957     -112.25529
      40.64112     -112.25700
      40.63789     -112.26383
      40.63142     -112.25961
      40.60456     -112.25781
      40.55542     -112.20112
      40.54428     -112.20112
      40.53521     -112.23984
      40.51769     -112.25861
      40.50072     -112.30508
      40.45984     -112.34554
      40.40189     -112.31769
      40.30905     -112.27556
      40.27047     -112.25903
      40.22883     -112.22392
           1           3           1           0    2534 Paragonah fault                              
 7.030 0.0001593 .2 0.62702E+16
   65.000000       16.550676       0.0000000       27.452986    
           7
      37.97832     -112.70242
      37.94949     -112.71571
      37.91238     -112.74824
      37.88992     -112.75273
      37.83781     -112.78893
      37.80251     -112.84373
      37.77682     -112.87006
           1           3           1           0    997a Sevier/Toroweap fault zone (northern)        
 7.400 0.0000123 .2 0.17359E+16
   65.000000       16.550676       0.0000000       87.403015    
          20
      37.87457     -112.29696
      37.79676     -112.33110
      37.77296     -112.33344
      37.72678     -112.32804
      37.68410     -112.33325
      37.66497     -112.35473
      37.63595     -112.37458
      37.60289     -112.38500
      37.58573     -112.39623
      37.55564     -112.40288
      37.52240     -112.42184
      37.37973     -112.52938
      37.37893     -112.53738
      37.37120     -112.54573
      37.35287     -112.55247
      37.34083     -112.56208
      37.33751     -112.56989
      37.27884     -112.62407
      37.20266     -112.66081
      37.16906     -112.66593
           1           3           1           0    2395 Stansbury fault zone                         
 7.240 0.0001321 .2 0.10740E+17
   65.000000       16.550676       0.0000000       54.078171    
          11
      40.68946     -112.66022
      40.59396     -112.68420
      40.54221     -112.67199
      40.53484     -112.66507
      40.50160     -112.68528
      40.47546     -112.69310
      40.43099     -112.67953
      40.42443     -112.68106
      40.39460     -112.66579
      40.27611     -112.54620
      40.25014     -112.52599
           1           3           1           0    2412 Strawberry fault                             
 7.140 0.0000335 .2 0.19295E+16
   65.000000       16.550676       0.0000000       38.860470    
          14
      40.28978     -111.21310
      40.28924     -111.18543
      40.28358     -111.16855
      40.25726     -111.14204
      40.25204     -111.10817
      40.23803     -111.10386
      40.20173     -111.10152
      40.16777     -111.11491
      40.15367     -111.11212
      40.14334     -111.11985
      40.12232     -111.11671
      40.09042     -111.14285
      40.05611     -111.14779
      40.00750     -111.13934
           1           3           1           0    2521a West Cache fault, Clarkston section         
 6.660 0.0004199 .2 0.46039E+16
   65.000000       16.550676       0.0000000       23.180574    
          19
      41.89618     -112.06735
      41.89811     -112.07092
      41.91275     -112.08149
      41.92101     -112.09007
      41.92996     -112.09294
      41.93912     -112.09914
      41.94935     -112.10383
      41.95304     -112.10270
      41.97075     -112.11127
      41.98226     -112.11015
      41.99070     -112.11059
      41.99508     -112.10746
      41.99978     -112.09651
      42.00863     -112.09432
      42.01313     -112.09182
      42.03043     -112.09144
      42.05117     -112.08487
      42.07551     -112.08156
      42.08934     -112.07899
           1           3           1           0    2521c West Cache fault, Wellsville section        
 6.940 0.0000352 .2 0.10141E+16
   65.000000       16.550676       0.0000000       20.424042    
           6
      41.57967     -111.87608
      41.60123     -111.91885
      41.62486     -111.95226
      41.68972     -112.00024
      41.69663     -112.01057
      41.72098     -112.02369
           1           3           1           0    2521b West Cache fault zone, Junction Hills fault 
 7.000 0.0000697 .2 0.24734E+16
   65.000000       16.550676       0.0000000       24.907093    
          14
      41.69395     -111.95033
      41.71392     -111.96810
      41.75059     -111.98090
      41.77139     -111.98941
      41.78530     -111.99424
      41.79061     -111.99619
      41.79405     -111.99590
      41.79414     -111.99593
      41.79781     -111.99839
      41.81655     -112.01749
      41.84968     -112.04518
      41.87923     -112.04980
      41.88940     -112.05688
      41.89580     -112.06554
           1           3           1           0    2352abc East Cache fault zone                     
 7.500 0.0000654 .2 0.13039E+17
   35.000000       26.151720       0.0000000       83.099205    
          19
      42.13217     -111.69703
      42.04943     -111.73072
      42.00056     -111.73710
      41.97504     -111.76334
      41.93282     -111.78822
      41.91404     -111.79459
      41.90937     -111.79037
      41.89482     -111.79190
      41.88008     -111.80313
      41.87568     -111.81535
      41.83112     -111.79145
      41.78019     -111.77608
      41.74353     -111.79172
      41.64067     -111.80637
      41.61722     -111.79980
      41.59422     -111.78444
      41.49989     -111.77608
      41.44752     -111.76036
      41.42079     -111.76464
           1           3           1           0    2369c Great Salt Lake fault zone, Antelope Island 
 7.290 0.0002381 .2 0.23002E+17
   35.000000       26.151720       0.0000000       39.455318    
          12
      41.03435     -112.31972
      41.01216     -112.30193
      40.98907     -112.26563
      40.96607     -112.27228
      40.94442     -112.26994
      40.87022     -112.23724
      40.85449     -112.21703
      40.81910     -112.18441
      40.79385     -112.19564
      40.75046     -112.20426
      40.73402     -112.21451
      40.72387     -112.23050
           1           3           1           0    2369b Great Salt Lake fault zone, Fremont Island s
 7.220 0.0002381 .2 0.18062E+17
   35.000000       26.151720       0.0000000       31.995790    
          11
      41.20998     -112.52186
      41.19920     -112.52016
      41.17826     -112.49221
      41.17126     -112.45268
      41.16156     -112.44091
      41.15150     -112.41405
      41.09319     -112.36455
      41.06013     -112.35448
      41.02599     -112.32735
      41.00362     -112.31918
      40.99266     -112.30606
           1           3           1           0    2369a Great Salt Lake fault zone, Promontory secti
 7.390 0.0002381 .2 0.32491E+17
   35.000000       26.151720       0.0000000       53.803913    
          13
      41.53411     -112.83632
      41.49341     -112.80398
      41.46736     -112.77558
      41.43565     -112.70497
      41.39819     -112.65528
      41.38813     -112.57631
      41.37555     -112.54738
      41.34644     -112.53372
      41.32443     -112.51351
      41.26307     -112.51260
      41.23693     -112.50291
      41.21492     -112.49023
      41.19183     -112.45879
           1           3           1           0    2358 Hansel Valley fault                          
 6.600 0.0001387 .2 0.12364E+16
   35.000000       26.151720       0.0000000       13.132431    
           5
      41.68387     -112.75636
      41.71019     -112.74944
      41.73930     -112.73354
      41.78090     -112.72923
      41.79805     -112.72141
           1           3           1           0    998ab Hurricane fault zone (northern)             
 7.340 0.0000639 .2 0.73409E+16
   35.000000       26.151720       0.0000000       46.784088    
          12
      37.66074     -113.05540
      37.61565     -113.09241
      37.58941     -113.10599
      37.56920     -113.12862
      37.56533     -113.14587
      37.55204     -113.16474
      37.50119     -113.19816
      37.48880     -113.21514
      37.42384     -113.23104
      37.40372     -113.22852
      37.33481     -113.26698
      37.29699     -113.28306
           1           3           1           0    2455 Joes Valley fault zone                       
 7.340 0.0001000 .2 0.11482E+17
   35.000000       26.151720       0.0000000       46.790268    
           9
      39.59973     -111.22290
      39.53119     -111.21904
      39.50010     -111.23144
      39.46812     -111.22883
      39.43146     -111.23332
      39.35986     -111.25793
      39.30209     -111.27115
      39.25834     -111.27033
      39.18468     -111.25812
           1           3           1           0    2353abc Morgan fault                              
 7.030 0.0000069 .2 0.27204E+15
   35.000000       26.151720       0.0000000       17.337070    
           5
      41.15141     -111.72289
      41.10667     -111.70673
      41.07658     -111.67223
      41.02726     -111.66872
      41.00956     -111.65533
           1           3           1           0    2361 North Promontory fault                       
 7.160 0.0000676 .2 0.41691E+16
   35.000000       26.151720       0.0000000       26.570068    
           7
      41.90146     -112.55062
      41.87918     -112.55017
      41.85447     -112.55709
      41.78889     -112.55556
      41.76598     -112.56033
      41.69914     -112.59438
      41.67354     -112.61810
           1           3           1           0    2398_2399 Oquirrh-Southern Oquirrh Mountains fault
 7.440 0.0000614 .2 0.99600E+16
   35.000000       26.151720       0.0000000       63.475822    
          18
      40.69467     -112.25404
      40.68613     -112.24739
      40.65290     -112.24487
      40.64957     -112.25529
      40.64112     -112.25700
      40.63789     -112.26383
      40.63142     -112.25961
      40.60456     -112.25781
      40.55542     -112.20112
      40.54428     -112.20112
      40.53521     -112.23984
      40.51769     -112.25861
      40.50072     -112.30508
      40.45984     -112.34554
      40.40189     -112.31769
      40.30905     -112.27556
      40.27047     -112.25903
      40.22883     -112.22392
           1           3           1           0    2534 Paragonah fault                              
 7.170 0.0001552 .2 0.99076E+16
   35.000000       26.151720       0.0000000       27.452986    
           7
      37.97832     -112.70242
      37.94949     -112.71571
      37.91238     -112.74824
      37.88992     -112.75273
      37.83781     -112.78893
      37.80251     -112.84373
      37.77682     -112.87006
           1           3           1           0    997a Sevier/Toroweap fault zone (northern)        
 7.500 0.0000137 .2 0.27429E+16
   35.000000       26.151720       0.0000000       87.403015    
          20
      37.87457     -112.29696
      37.79676     -112.33110
      37.77296     -112.33344
      37.72678     -112.32804
      37.68410     -112.33325
      37.66497     -112.35473
      37.63595     -112.37458
      37.60289     -112.38500
      37.58573     -112.39623
      37.55564     -112.40288
      37.52240     -112.42184
      37.37973     -112.52938
      37.37893     -112.53738
      37.37120     -112.54573
      37.35287     -112.55247
      37.34083     -112.56208
      37.33751     -112.56989
      37.27884     -112.62407
      37.20266     -112.66081
      37.16906     -112.66593
           1           3           1           0    2395 Stansbury fault zone                         
 7.390 0.0001244 .2 0.16971E+17
   35.000000       26.151720       0.0000000       54.078171    
          11
      40.68946     -112.66022
      40.59396     -112.68420
      40.54221     -112.67199
      40.53484     -112.66507
      40.50160     -112.68528
      40.47546     -112.69310
      40.43099     -112.67953
      40.42443     -112.68106
      40.39460     -112.66579
      40.27611     -112.54620
      40.25014     -112.52599
           1           3           1           0    2412 Strawberry fault                             
 7.280 0.0000327 .2 0.30488E+16
   35.000000       26.151720       0.0000000       38.860470    
          14
      40.28978     -111.21310
      40.28924     -111.18543
      40.28358     -111.16855
      40.25726     -111.14204
      40.25204     -111.10817
      40.23803     -111.10386
      40.20173     -111.10152
      40.16777     -111.11491
      40.15367     -111.11212
      40.14334     -111.11985
      40.12232     -111.11671
      40.09042     -111.14285
      40.05611     -111.14779
      40.00750     -111.13934
           1           3           1           0    2521a West Cache fault, Clarkston section         
 7.120 0.0001355 .2 0.72745E+16
   35.000000       26.151720       0.0000000       23.180574    
          19
      41.89618     -112.06735
      41.89811     -112.07092
      41.91275     -112.08149
      41.92101     -112.09007
      41.92996     -112.09294
      41.93912     -112.09914
      41.94935     -112.10383
      41.95304     -112.10270
      41.97075     -112.11127
      41.98226     -112.11015
      41.99070     -112.11059
      41.99508     -112.10746
      41.99978     -112.09651
      42.00863     -112.09432
      42.01313     -112.09182
      42.03043     -112.09144
      42.05117     -112.08487
      42.07551     -112.08156
      42.08934     -112.07899
           1           3           1           0    2521c West Cache fault, Wellsville section        
 7.080 0.0000343 .2 0.16024E+16
   35.000000       26.151720       0.0000000       20.424042    
           6
      41.57967     -111.87608
      41.60123     -111.91885
      41.62486     -111.95226
      41.68972     -112.00024
      41.69663     -112.01057
      41.72098     -112.02369
           1           3           1           0    2521b West Cache fault zone, Junction Hills fault 
 7.140 0.0000679 .2 0.39082E+16
   35.000000       26.151720       0.0000000       24.907093    
          14
      41.69395     -111.95033
      41.71392     -111.96810
      41.75059     -111.98090
      41.77139     -111.98941
      41.78530     -111.99424
      41.79061     -111.99619
      41.79405     -111.99590
      41.79414     -111.99593
      41.79781     -111.99839
      41.81655     -112.01749
      41.84968     -112.04518
      41.87923     -112.04980
      41.88940     -112.05688
      41.89580     -112.06554
