0               !Good to go with hazFXnga7c. Utah Char with Joes Valley. No Wasatch
24.6 50. 0.05           Rev Apr 5 2007. using M=M(SRL) Wells and Co. except special situations 
-125. -100. 0.05
760 2
1. 200.
3       
0. 1. 0. PGA
0.375 0.210 0.245
0.230 0.225 0.23
0.400 0.360 0.31
../out/ut.3dip.ch.pga
19
.005 .007 .0098 .0137 .0192 .0269 .0376 .0527 .0738 .103 .145 .203 .284 .397 .556 .778 1.09 1.52 2.13 
3
15 0.3333 1000.     0.3333 0 CY11-2007
14 0.3333 1000.     0.3333 0 C&B 2007, Nov
13 0.3333 1000.     0.3333 0 B&A 2007, Apr
0.20 1. 0. PSA
0.375 0.210 0.245
0.230 0.225 0.23
0.400 0.360 0.31
../out/ut.3dip.ch.5hz
19
.005 .0075 .0113 .0169 .0253 .0380 .0570 .0854 .128 .192 .288 .432 .649 .973 1.46 2.19 3.28 4.92 7.38           
3
15 0.3333 1000.     0.3333 0 CY11-2007
14 0.3333 1000.     0.3333 0 C&B 2007, Nov
13 0.3333 1000.     0.3333 0 B&A 2007, Apr
1.00 1. 0. PSA
0.375 0.210 0.245
0.230 0.225 0.23
0.400 0.360 0.31
../out/ut.3dip.ch.1hz
20
.0025 .00375 .00563 .00844 .0127 .0190 .0285 .0427 .0641 .0961 .144 .216 .324 .487 .730 1.09 1.64 2.46 3.69 5.54
3
15 0.3333 1000.     0.3333 0 CY11-2007
14 0.3333 1000.     0.3333 0 C&B 2007, Nov
13 0.3333 1000.     0.3333 0 B&A 2007, Apr
1.  1.
3
-.2 0. .2 
.2 .6 .2
0.12 5
 1 3 1 1    2352abc East Cache fault zone                     
 7.31 1.2297834E-4 0.6
 50.0 19.58112 0.0E+0 83.00283
 19
      42.13224     -111.69625
      42.04950     -111.72994
      42.00063     -111.73632
      41.97511     -111.76256
      41.93289     -111.78744
      41.91411     -111.79382
      41.90944     -111.78960
      41.89489     -111.79112
      41.88015     -111.80235
      41.87575     -111.81458
      41.83119     -111.79067
      41.78025     -111.77531
      41.74360     -111.79095
      41.64073     -111.80559
      41.61729     -111.79903
      41.59429     -111.78367
      41.49995     -111.77531
      41.44758     -111.75959
      41.42189     -111.76534
 1 3 1 1    2353abc Morgan fault                              
 6.52 3.9328322E-5 0.6
 50.0 19.58112 0.0E+0 17.336855
 5
      41.15147     -111.72213
      41.10673     -111.70596
      41.07663     -111.67146
      41.02731     -111.66795
      41.00961     -111.65457
 1 3 1 1    2361 North Promontory fault                       
 6.73 2.918248E-4 0.6
 50.0 19.58112 0.0E+0 26.569757
 7
      41.90154     -112.54981
      41.87926     -112.54937
      41.85455     -112.55628
      41.78897     -112.55476
      41.76606     -112.55952
      41.69922     -112.59357
      41.67361     -112.61729
 1 3 1 1    2369a Great Salt Lake fault zone, Promontory section
 7.09 5.1128416E-4 0.6
 50.0 19.58112 0.0E+0 53.80311
 13
      41.53418     -112.83550
      41.49349     -112.80316
      41.46743     -112.77477
      41.43572     -112.70416
      41.39826     -112.65448
      41.38820     -112.57551
      41.37562     -112.54659
      41.34651     -112.53293
      41.32450     -112.51271
      41.26314     -112.51181
      41.23700     -112.50211
      41.21498     -112.48944
      41.19190     -112.45800
 1 3 1 1    2369b Great Salt Lake fault zone, Fremont Island section
 6.83 7.463663E-4 0.6
 50.0 19.58112 0.0E+0 31.996004
 11
      41.21004     -112.52106
      41.19926     -112.51936
      41.17833     -112.49142
      41.17132     -112.45189
      41.16162     -112.44012
      41.15156     -112.41326
      41.09325     -112.36376
      41.06019     -112.35370
      41.02605     -112.32657
      41.00368     -112.31839
      40.99272     -112.30527
 1 3 1 1    2369c Great Salt Lake fault zone, Antelope section
 6.93 6.5158435E-4 0.6
 50.0 19.58112 0.0E+0 39.456085
 12
      41.03441     -112.31893
      41.01222     -112.30114
      40.98913     -112.26485
      40.96613     -112.27149
      40.94448     -112.26916
      40.87027     -112.23646
      40.85455     -112.21624
      40.81915     -112.18363
      40.79391     -112.19486
      40.75051     -112.20348
      40.73408     -112.21373
      40.72392     -112.22972
 1 3 1 1    2395 Stansbury fault zone                         
 7.09 3.4258622E-4 0.6
 50.0 19.58112 0.0E+0 54.076202
 11
      40.68951     -112.65942
      40.59402     -112.68340
      40.54227     -112.67119
      40.53490     -112.66427
      40.50166     -112.68449
      40.47552     -112.69230
      40.43105     -112.67873
      40.42449     -112.68026
      40.39466     -112.66499
      40.27617     -112.54541
      40.25020     -112.52520
 1 3 1 1    2398_2399 Oquirrh-Southern Oquirrh Mountains fault
 7.17 1.525241E-4 0.6
 50.0 19.58112 0.0E+0 63.475143
 18
      40.69473     -112.25326
      40.68619     -112.24660
      40.65295     -112.24409
      40.64963     -112.25452
      40.64118     -112.25622
      40.63795     -112.26305
      40.63148     -112.25883
      40.60462     -112.25703
      40.55548     -112.20034
      40.54433     -112.20034
      40.53526     -112.23906
      40.51774     -112.25784
      40.50078     -112.30430
      40.45990     -112.34476
      40.40194     -112.31691
      40.30910     -112.27478
      40.27052     -112.25825
      40.22889     -112.22314
 1 3 1 1    2412 Strawberry fault                             
 6.92 1.1072253E-4 0.6
 50.0 19.58112 0.0E+0 38.86254
 14
      40.28982     -111.21238
      40.28928     -111.18471
      40.28362     -111.16782
      40.25730     -111.14132
      40.25209     -111.10744
      40.23808     -111.10313
      40.20178     -111.10080
      40.16782     -111.11419
      40.15371     -111.11140
      40.14338     -111.11913
      40.12236     -111.11598
      40.09047     -111.14213
      40.05615     -111.14706
      40.00755     -111.13862
 1 3 1 1    2521a West Cache fault, Clarkston section         
 6.66 6.484304E-4 0.6
 50.0 19.58112 0.0E+0 23.179237
 19
      41.89625     -112.06657
      41.89819     -112.07013
      41.91283     -112.08070
      41.92109     -112.08927
      41.93003     -112.09216
      41.93920     -112.09834
      41.94943     -112.10303
      41.95312     -112.10191
      41.97083     -112.11048
      41.98233     -112.10936
      41.99078     -112.10979
      41.99516     -112.10667
      41.99985     -112.09572
      42.00871     -112.09353
      42.01321     -112.09103
      42.03051     -112.09065
      42.05125     -112.08408
      42.07558     -112.08076
      42.08941     -112.07820
 1 3 1 1    2521c West Cache fault, Wellsville section        
 6.6 1.7573814E-4 0.6
 50.0 19.58112 0.0E+0 20.424982
 6
      41.57973     -111.87531
      41.60130     -111.91807
      41.62492     -111.95148
      41.68979     -111.99946
      41.69670     -112.00980
      41.72105     -112.02291
 1 3 1 1    2534 Paragonah fault                              
 6.75 6.472231E-4 0.6
 50.0 19.58112 0.0E+0 27.453033
 7
      37.97835     -112.70164
      37.94951     -112.71494
      37.91241     -112.74746
      37.88995     -112.75195
      37.83784     -112.78816
      37.80253     -112.84296
      37.77684     -112.86929
 1 3 1 1    997a Sevier/Toroweap fault zone (northern)        
 7.33 2.1753668E-4 0.6
 50.0 19.58112 0.0E+0 87.40273
 20
      37.87458     -112.29620
      37.79678     -112.33034
      37.77298     -112.33267
      37.72680     -112.32729
      37.68412     -112.33250
      37.66499     -112.35397
      37.63597     -112.37382
      37.60291     -112.38424
      37.58575     -112.39547
      37.55566     -112.40212
      37.52242     -112.42107
      37.37975     -112.52861
      37.37894     -112.53661
      37.37122     -112.54497
      37.35289     -112.55170
      37.34085     -112.56132
      37.33752     -112.56913
      37.27886     -112.62331
      37.20268     -112.66005
      37.16908     -112.66517
 1 3 1 1    998ab Hurricane fault zone (northern)             
 7.02 1.887297E-4 0.6
 50.0 19.58112 0.0E+0 46.784835
 12
      37.66077     -113.05462
      37.61567     -113.09164
      37.58944     -113.10520
      37.56922     -113.12784
      37.56536     -113.14509
      37.55206     -113.16396
      37.50121     -113.19738
      37.48882     -113.21436
      37.42386     -113.23026
      37.40374     -113.22775
      37.33483     -113.26620
      37.29701     -113.28227
 1 3 1 0    2358 Hansel Valley fault                          
 6.6 1.12994865E-4 0.6
 50.0 19.58112 0.0E+0 13.132711
 5
      41.68394     -112.75555
      41.71027     -112.74863
      41.73938     -112.73273
      41.78097     -112.72842
      41.79813     -112.72060
 1 3 1 0    2455 Joes Valley fault zone !, fixed eq rate
 7.0 1.0225234E-4 0.6
 50.0 19.58112 0.0E+0 46.790504
 9
      39.59977     -111.22218
      39.53122     -111.21831
      39.50013     -111.23071
      39.46815     -111.22810
      39.43150     -111.23260
      39.35990     -111.25721
      39.30213     -111.27042
      39.25838     -111.26961
      39.18471     -111.25739
 1 3 1 1    2352abc East Cache fault zone                     
 7.31 1.7466326E-4 0.2
 40.0 23.33587 0.0E+0 83.00283
 19
      42.13224     -111.69625
      42.04950     -111.72994
      42.00063     -111.73632
      41.97511     -111.76256
      41.93289     -111.78744
      41.91411     -111.79382
      41.90944     -111.78960
      41.89489     -111.79112
      41.88015     -111.80235
      41.87575     -111.81458
      41.83119     -111.79067
      41.78025     -111.77531
      41.74360     -111.79095
      41.64073     -111.80559
      41.61729     -111.79903
      41.59429     -111.78367
      41.49995     -111.77531
      41.44758     -111.75959
      41.42189     -111.76534
 1 3 1 1    2353abc Morgan fault                              
 6.52 5.5857104E-5 0.2
 40.0 23.33587 0.0E+0 17.336855
 5
      41.15147     -111.72213
      41.10673     -111.70596
      41.07663     -111.67146
      41.02731     -111.66795
      41.00961     -111.65457
 1 3 1 1    2361 North Promontory fault                       
 6.73 4.14472E-4 0.2
 40.0 23.33587 0.0E+0 26.569757
 7
      41.90154     -112.54981
      41.87926     -112.54937
      41.85455     -112.55628
      41.78897     -112.55476
      41.76606     -112.55952
      41.69922     -112.59357
      41.67361     -112.61729
 1 3 1 1    2369a Great Salt Lake fault zone, Promontory section
 7.09 7.26165E-4 0.2
 40.0 23.33587 0.0E+0 53.80311
 13
      41.53418     -112.83550
      41.49349     -112.80316
      41.46743     -112.77477
      41.43572     -112.70416
      41.39826     -112.65448
      41.38820     -112.57551
      41.37562     -112.54659
      41.34651     -112.53293
      41.32450     -112.51271
      41.26314     -112.51181
      41.23700     -112.50211
      41.21498     -112.48944
      41.19190     -112.45800
 1 3 1 1    2369b Great Salt Lake fault zone, Fremont Island section
 6.83 1.0600467E-3 0.2
 40.0 23.33587 0.0E+0 31.996004
 11
      41.21004     -112.52106
      41.19926     -112.51936
      41.17833     -112.49142
      41.17132     -112.45189
      41.16162     -112.44012
      41.15156     -112.41326
      41.09325     -112.36376
      41.06019     -112.35370
      41.02605     -112.32657
      41.00368     -112.31839
      40.99272     -112.30527
 1 3 1 1    2369c Great Salt Lake fault zone, Antelope section
 6.93 9.2543015E-4 0.2
 40.0 23.33587 0.0E+0 39.456085
 12
      41.03441     -112.31893
      41.01222     -112.30114
      40.98913     -112.26485
      40.96613     -112.27149
      40.94448     -112.26916
      40.87027     -112.23646
      40.85455     -112.21624
      40.81915     -112.18363
      40.79391     -112.19486
      40.75051     -112.20348
      40.73408     -112.21373
      40.72392     -112.22972
 1 3 1 1    2395 Stansbury fault zone                         
 7.09 4.865672E-4 0.2
 40.0 23.33587 0.0E+0 54.076202
 11
      40.68951     -112.65942
      40.59402     -112.68340
      40.54227     -112.67119
      40.53490     -112.66427
      40.50166     -112.68449
      40.47552     -112.69230
      40.43105     -112.67873
      40.42449     -112.68026
      40.39466     -112.66499
      40.27617     -112.54541
      40.25020     -112.52520
 1 3 1 1    2398_2399 Oquirrh-Southern Oquirrh Mountains fault
 7.17 2.1662642E-4 0.2
 40.0 23.33587 0.0E+0 63.475143
 18
      40.69473     -112.25326
      40.68619     -112.24660
      40.65295     -112.24409
      40.64963     -112.25452
      40.64118     -112.25622
      40.63795     -112.26305
      40.63148     -112.25883
      40.60462     -112.25703
      40.55548     -112.20034
      40.54433     -112.20034
      40.53526     -112.23906
      40.51774     -112.25784
      40.50078     -112.30430
      40.45990     -112.34476
      40.40194     -112.31691
      40.30910     -112.27478
      40.27052     -112.25825
      40.22889     -112.22314
 1 3 1 1    2412 Strawberry fault                             
 6.92 1.5725663E-4 0.2
 40.0 23.33587 0.0E+0 38.86254
 14
      40.28982     -111.21238
      40.28928     -111.18471
      40.28362     -111.16782
      40.25730     -111.14132
      40.25209     -111.10744
      40.23808     -111.10313
      40.20178     -111.10080
      40.16782     -111.11419
      40.15371     -111.11140
      40.14338     -111.11913
      40.12236     -111.11598
      40.09047     -111.14213
      40.05615     -111.14706
      40.00755     -111.13862
 1 3 1 1    2521a West Cache fault, Clarkston section         
 6.66 9.209505E-4 0.2
 40.0 23.33587 0.0E+0 23.179237
 19
      41.89625     -112.06657
      41.89819     -112.07013
      41.91283     -112.08070
      41.92109     -112.08927
      41.93003     -112.09216
      41.93920     -112.09834
      41.94943     -112.10303
      41.95312     -112.10191
      41.97083     -112.11048
      41.98233     -112.10936
      41.99078     -112.10979
      41.99516     -112.10667
      41.99985     -112.09572
      42.00871     -112.09353
      42.01321     -112.09103
      42.03051     -112.09065
      42.05125     -112.08408
      42.07558     -112.08076
      42.08941     -112.07820
 1 3 1 1    2521c West Cache fault, Wellsville section        
 6.6 2.4959677E-4 0.2
 40.0 23.33587 0.0E+0 20.424982
 6
      41.57973     -111.87531
      41.60130     -111.91807
      41.62492     -111.95148
      41.68979     -111.99946
      41.69670     -112.00980
      41.72105     -112.02291
 1 3 1 1    2534 Paragonah fault                              
 6.75 9.19236E-4 0.2
 40.0 23.33587 0.0E+0 27.453033
 7
      37.97835     -112.70164
      37.94951     -112.71494
      37.91241     -112.74746
      37.88995     -112.75195
      37.83784     -112.78816
      37.80253     -112.84296
      37.77684     -112.86929
 1 3 1 1    997a Sevier/Toroweap fault zone (northern)        
 7.33 3.089623E-4 0.2
 40.0 23.33587 0.0E+0 87.40273
 20
      37.87458     -112.29620
      37.79678     -112.33034
      37.77298     -112.33267
      37.72680     -112.32729
      37.68412     -112.33250
      37.66499     -112.35397
      37.63597     -112.37382
      37.60291     -112.38424
      37.58575     -112.39547
      37.55566     -112.40212
      37.52242     -112.42107
      37.37975     -112.52861
      37.37894     -112.53661
      37.37122     -112.54497
      37.35289     -112.55170
      37.34085     -112.56132
      37.33752     -112.56913
      37.27886     -112.62331
      37.20268     -112.66005
      37.16908     -112.66517
 1 3 1 1    998ab Hurricane fault zone (northern)             
 7.02 2.680484E-4 0.2
 40.0 23.33587 0.0E+0 46.784835
 12
      37.66077     -113.05462
      37.61567     -113.09164
      37.58944     -113.10520
      37.56922     -113.12784
      37.56536     -113.14509
      37.55206     -113.16396
      37.50121     -113.19738
      37.48882     -113.21436
      37.42386     -113.23026
      37.40374     -113.22775
      37.33483     -113.26620
      37.29701     -113.28227
 1 3 1 0    2455 Joes Valley fault zone !, fixed eq rate
 7.0 1.0225234E-4 0.2
 40.0 23.33587 0.0E+0 46.790504
 9
      39.59977     -111.22218
      39.53122     -111.21831
      39.50013     -111.23071
      39.46815     -111.22810
      39.43150     -111.23260
      39.35990     -111.25721
      39.30213     -111.27042
      39.25838     -111.26961
      39.18471     -111.25739
 1 3 1 0    2358 Hansel Valley fault                          
 6.6 1.6048396E-4 0.2
 40.0 23.33587 0.0E+0 13.132711
 5
      41.68394     -112.75555
      41.71027     -112.74863
      41.73938     -112.73273
      41.78097     -112.72842
      41.79813     -112.72060
 1 3 1 1    2352abc East Cache fault zone                     
 7.31 9.622217E-5 0.2
 60.0 17.320515 0.0E+0 83.00283
 19
      42.13224     -111.69625
      42.04950     -111.72994
      42.00063     -111.73632
      41.97511     -111.76256
      41.93289     -111.78744
      41.91411     -111.79382
      41.90944     -111.78960
      41.89489     -111.79112
      41.88015     -111.80235
      41.87575     -111.81458
      41.83119     -111.79067
      41.78025     -111.77531
      41.74360     -111.79095
      41.64073     -111.80559
      41.61729     -111.79903
      41.59429     -111.78367
      41.49995     -111.77531
      41.44758     -111.75959
      41.42189     -111.76534
 1 3 1 1    2353abc Morgan fault                              
 6.52 3.077174E-5 0.2
 60.0 17.320515 0.0E+0 17.336855
 5
      41.15147     -111.72213
      41.10673     -111.70596
      41.07663     -111.67146
      41.02731     -111.66795
      41.00961     -111.65457
 1 3 1 1    2361 North Promontory fault                       
 6.73 2.2833304E-4 0.2
 60.0 17.320515 0.0E+0 26.569757
 7
      41.90154     -112.54981
      41.87926     -112.54937
      41.85455     -112.55628
      41.78897     -112.55476
      41.76606     -112.55952
      41.69922     -112.59357
      41.67361     -112.61729
 1 3 1 1    2369a Great Salt Lake fault zone, Promontory section
 7.09 4.0004504E-4 0.2
 60.0 17.320515 0.0E+0 53.80311
 13
      41.53418     -112.83550
      41.49349     -112.80316
      41.46743     -112.77477
      41.43572     -112.70416
      41.39826     -112.65448
      41.38820     -112.57551
      41.37562     -112.54659
      41.34651     -112.53293
      41.32450     -112.51271
      41.26314     -112.51181
      41.23700     -112.50211
      41.21498     -112.48944
      41.19190     -112.45800
 1 3 1 1    2369b Great Salt Lake fault zone, Fremont Island section
 6.83 5.8398075E-4 0.2
 60.0 17.320515 0.0E+0 31.996004
 11
      41.21004     -112.52106
      41.19926     -112.51936
      41.17833     -112.49142
      41.17132     -112.45189
      41.16162     -112.44012
      41.15156     -112.41326
      41.09325     -112.36376
      41.06019     -112.35370
      41.02605     -112.32657
      41.00368     -112.31839
      40.99272     -112.30527
 1 3 1 1    2369c Great Salt Lake fault zone, Antelope section
 6.93 5.098204E-4 0.2
 60.0 17.320515 0.0E+0 39.456085
 12
      41.03441     -112.31893
      41.01222     -112.30114
      40.98913     -112.26485
      40.96613     -112.27149
      40.94448     -112.26916
      40.87027     -112.23646
      40.85455     -112.21624
      40.81915     -112.18363
      40.79391     -112.19486
      40.75051     -112.20348
      40.73408     -112.21373
      40.72392     -112.22972
 1 3 1 1    2395 Stansbury fault zone                         
 7.09 2.6805035E-4 0.2
 60.0 17.320515 0.0E+0 54.076202
 11
      40.68951     -112.65942
      40.59402     -112.68340
      40.54227     -112.67119
      40.53490     -112.66427
      40.50166     -112.68449
      40.47552     -112.69230
      40.43105     -112.67873
      40.42449     -112.68026
      40.39466     -112.66499
      40.27617     -112.54541
      40.25020     -112.52520
 1 3 1 1    2398_2399 Oquirrh-Southern Oquirrh Mountains fault
 7.17 1.1933972E-4 0.2
 60.0 17.320515 0.0E+0 63.475143
 18
      40.69473     -112.25326
      40.68619     -112.24660
      40.65295     -112.24409
      40.64963     -112.25452
      40.64118     -112.25622
      40.63795     -112.26305
      40.63148     -112.25883
      40.60462     -112.25703
      40.55548     -112.20034
      40.54433     -112.20034
      40.53526     -112.23906
      40.51774     -112.25784
      40.50078     -112.30430
      40.45990     -112.34476
      40.40194     -112.31691
      40.30910     -112.27478
      40.27052     -112.25825
      40.22889     -112.22314
 1 3 1 1    2412 Strawberry fault                             
 6.92 8.663283E-5 0.2
 60.0 17.320515 0.0E+0 38.86254
 14
      40.28982     -111.21238
      40.28928     -111.18471
      40.28362     -111.16782
      40.25730     -111.14132
      40.25209     -111.10744
      40.23808     -111.10313
      40.20178     -111.10080
      40.16782     -111.11419
      40.15371     -111.11140
      40.14338     -111.11913
      40.12236     -111.11598
      40.09047     -111.14213
      40.05615     -111.14706
      40.00755     -111.13862
 1 3 1 1    2521a West Cache fault, Clarkston section         
 6.66 5.073526E-4 0.2
 60.0 17.320515 0.0E+0 23.179237
 19
      41.89625     -112.06657
      41.89819     -112.07013
      41.91283     -112.08070
      41.92109     -112.08927
      41.93003     -112.09216
      41.93920     -112.09834
      41.94943     -112.10303
      41.95312     -112.10191
      41.97083     -112.11048
      41.98233     -112.10936
      41.99078     -112.10979
      41.99516     -112.10667
      41.99985     -112.09572
      42.00871     -112.09353
      42.01321     -112.09103
      42.03051     -112.09065
      42.05125     -112.08408
      42.07558     -112.08076
      42.08941     -112.07820
 1 3 1 1    2521c West Cache fault, Wellsville section        
 6.6 1.3750313E-4 0.2
 60.0 17.320515 0.0E+0 20.424982
 6
      41.57973     -111.87531
      41.60130     -111.91807
      41.62492     -111.95148
      41.68979     -111.99946
      41.69670     -112.00980
      41.72105     -112.02291
 1 3 1 1    2534 Paragonah fault                              
 6.75 5.06408E-4 0.2
 60.0 17.320515 0.0E+0 27.453033
 7
      37.97835     -112.70164
      37.94951     -112.71494
      37.91241     -112.74746
      37.88995     -112.75195
      37.83784     -112.78816
      37.80253     -112.84296
      37.77684     -112.86929
 1 3 1 1    997a Sevier/Toroweap fault zone (northern)        
 7.33 1.7020766E-4 0.2
 60.0 17.320515 0.0E+0 87.40273
 20
      37.87458     -112.29620
      37.79678     -112.33034
      37.77298     -112.33267
      37.72680     -112.32729
      37.68412     -112.33250
      37.66499     -112.35397
      37.63597     -112.37382
      37.60291     -112.38424
      37.58575     -112.39547
      37.55566     -112.40212
      37.52242     -112.42107
      37.37975     -112.52861
      37.37894     -112.53661
      37.37122     -112.54497
      37.35289     -112.55170
      37.34085     -112.56132
      37.33752     -112.56913
      37.27886     -112.62331
      37.20268     -112.66005
      37.16908     -112.66517
 1 3 1 1    998ab Hurricane fault zone (northern)             
 7.02 1.4766814E-4 0.2
 60.0 17.320515 0.0E+0 46.784835
 12
      37.66077     -113.05462
      37.61567     -113.09164
      37.58944     -113.10520
      37.56922     -113.12784
      37.56536     -113.14509
      37.55206     -113.16396
      37.50121     -113.19738
      37.48882     -113.21436
      37.42386     -113.23026
      37.40374     -113.22775
      37.33483     -113.26620
      37.29701     -113.28227
 1 3 1 0    2455 Joes Valley fault zone !, fixed eq rate
 7.0 1.0225234E-4 0.2
 60.0 17.320515 0.0E+0 46.790504
 9
      39.59977     -111.22218
      39.53122     -111.21831
      39.50013     -111.23071
      39.46815     -111.22810
      39.43150     -111.23260
      39.35990     -111.25721
      39.30213     -111.27042
      39.25838     -111.26961
      39.18471     -111.25739
 1 3 1 0    2358 Hansel Valley fault                          
 6.6 8.841079E-5 0.2
 60.0 17.320515 0.0E+0 13.132711
 5
      41.68394     -112.75555
      41.71027     -112.74863
      41.73938     -112.73273
      41.78097     -112.72842
      41.79813     -112.72060
