0               !Use with hazFX. Characteristic-M fault file 
24.6 50. 0.05           Pechman vers of flt & Fixed Paleo Event Rate. Dips 35 50 65 d
-125. -100. 0.05
760.0 2.0          ! Vs30 and depth (km) to 2.5 km/s rock
1.0 300.
3       !3 spectral periods.  M<6.5 sources are in a separate file
0. 1. 0. PGA. 
0.370 0.220 0.220
0.250 0.230 0.230
0.400 0.360 0.330
../out/wasatchSLCseg.noclu.char.pga
20
.005 .007 .0098 .0137 .0192 .0269 .0376 .0527 .0738 .103 .145 .203 .284 .397 .556 .778 1.09 1.52 2.2 3.3
5
35 0.22 1000.   0.0 0 CY2013
34 0.22 1000.   0.0 0 CB2013
33 0.22 1000.   0.0 0 BSSA2013
36 0.22 1000.   0.0 0 AS2013
37 0.12 1000.   0.0 0 ID2013
0.20 1. 0. PSA
0.370 0.220 0.220
0.250 0.230 0.230
0.400 0.360 0.330
../out/wasatchSLCseg.noclu.char.5hz
19
.005 .0075 .0113 .0169 .0253 .0380 .0570 .0854 .128 .192 .288 .432 .649 .973 1.46 2.19 3.28 4.92 7.38
5
35 0.22 1000.   0.0 0 CY2013
34 0.22 1000.   0.0 0 CB2013
33 0.22 1000.   0.0 0 BSSA2013
36 0.22 1000.   0.0 0 AS2013
37 0.12 1000.   0.0 0 ID2013
1.00 1. 0. PSA
0.370 0.220 0.220
0.250 0.230 0.230
0.400 0.360 0.330
../out/wasatchSLCseg.noclu.char.1hz
20
.0025 .00375 .00563 .00844 .0127 .0190 .0285 .0427 .0641 .0961 .144 .216 .324 .487 .730 1.09 1.64 2.46 3.69 5.54
5
35 0.22 1000.   0.0 0 CY2013
34 0.22 1000.   0.0 0 CB2013
33 0.22 1000.   0.0 0 BSSA2013
36 0.22 1000.   0.0 0 AS2013
37 0.12 1000.   0.0 0 ID2013
1.  1.
3               !3 branches on Magnitude epistemic variability
-.2 0. .2           ! -dM, 0, + dM epistemic mag variability. Branches have same moment rate
.2 .6 .2          !Weights assigned to epistemic mag variability branches
0.12 5          !M aleatory variability, sigma=0.12, 5 steps on either side of 0, each sigma*0.4
 1 3 1 1    2351f Wasatch Flt SLC Pechmann                    
 7.070 0.0007690 0.6000 0.34748E+17
 50.0 19.58112 0.0E+0 51.653892
 210
      40.84938     -111.88703
      40.84183     -111.89871
      40.83033     -111.91354
      40.81461     -111.91794
      40.80912     -111.91292
      40.79265     -111.90028
      40.78126     -111.89137
      40.78065     -111.89108
      40.78017     -111.89083
      40.77956     -111.89065
      40.77847     -111.89034
      40.77768     -111.89017
      40.77689     -111.88998
      40.77610     -111.88980
      40.77550     -111.88974
      40.77477     -111.88968
      40.77411     -111.88974
      40.77338     -111.88980
      40.77235     -111.89005
      40.77162     -111.89034
      40.77102     -111.89059
      40.77041     -111.89077
      40.77004     -111.89083
      40.76889     -111.89131
      40.77498     -111.84132
      40.77392     -111.84270
      40.77274     -111.84419
      40.77148     -111.84632
      40.77055     -111.84756
      40.76967     -111.84875
      40.76905     -111.84975
      40.76830     -111.85050
      40.76767     -111.85150
      40.76699     -111.85269
      40.76599     -111.85463
      40.76505     -111.85638
      40.76424     -111.85769
      40.76330     -111.85887
      40.76268     -111.85956
      40.76180     -111.86094
      40.76080     -111.86187
      40.75999     -111.86275
      40.75880     -111.86343
      40.75762     -111.86369
      40.75662     -111.86362
      40.75568     -111.86343
      40.75474     -111.86294
      40.75387     -111.86225
      40.75299     -111.86175
      40.75212     -111.86075
      40.75143     -111.86012
      40.75068     -111.85950
      40.75006     -111.85900
      40.74771     -111.85744
      40.74562     -111.85692
      40.74432     -111.85639
      40.74301     -111.85587
      40.74144     -111.85483
      40.73962     -111.85457
      40.73727     -111.85457
      40.73544     -111.85561
      40.73388     -111.85744
      40.73257     -111.85874
      40.73179     -111.85979
      40.73022     -111.86031
      40.72866     -111.85979
      40.72683     -111.85979
      40.72501     -111.86005
      40.72318     -111.86005
      40.72109     -111.86005
      40.71894     -111.86022
      40.71722     -111.86108
      40.71564     -111.86195
      40.71421     -111.86237
      40.71292     -111.86237
      40.71134     -111.86208
      40.71034     -111.86137
      40.70948     -111.86066
      40.70819     -111.85950
      40.70719     -111.85836
      40.70604     -111.85735
      40.70461     -111.85635
      40.70346     -111.85549
      40.70217     -111.85378
      40.70074     -111.85220
      40.69859     -111.85120
      40.69656     -111.85091
      40.69448     -111.84883
      40.69265     -111.84753
      40.69082     -111.84570
      40.68900     -111.84518
      40.68639     -111.84413
      40.68639     -111.84309
      40.68325     -111.84178
      40.68143     -111.84074
      40.67986     -111.83943
      40.67882     -111.83813
      40.67778     -111.83682
      40.67699     -111.83604
      40.67543     -111.83526
      40.67386     -111.83421
      40.67260     -111.83145
      40.67182     -111.82910
      40.67104     -111.82649
      40.67051     -111.82414
      40.66973     -111.82180
      40.66921     -111.81997
      40.66869     -111.81789
      40.66816     -111.81580
      40.66764     -111.81371
      40.66712     -111.81188
      40.66660     -111.81032
      40.66608     -111.80927
      40.66582     -111.80771
      40.66582     -111.80718
      40.66347     -111.80666
      40.66190     -111.80640
      40.66060     -111.80640
      40.65877     -111.80666
      40.65720     -111.80718
      40.65538     -111.80745
      40.65434     -111.80823
      40.65381     -111.80849
      40.65225     -111.80849
      40.65042     -111.80849
      40.64859     -111.80692
      40.64781     -111.80588
      40.64729     -111.80484
      40.64546     -111.80353
      40.64363     -111.80222
      40.64129     -111.80066
      40.63972     -111.79935
      40.63868     -111.79858
      40.63581     -111.79935
      40.63398     -111.79961
      40.63189     -111.79910
      40.62981     -111.79779
      40.62850     -111.79649
      40.62667     -111.79544
      40.62563     -111.79440
      40.62433     -111.79388
      40.62198     -111.79362
      40.62067     -111.79205
      40.61963     -111.79075
      40.61911     -111.78944
      40.61832     -111.78787
      40.61624     -111.78709
      40.61441     -111.78761
      40.61206     -111.78892
      40.60998     -111.79048
      40.60815     -111.79127
      40.60658     -111.79257
      40.60502     -111.79309
      40.60241     -111.79309
      40.60058     -111.79362
      40.59902     -111.79362
      40.59771     -111.79283
      40.59510     -111.79205
      40.59380     -111.79101
      40.59275     -111.78996
      40.59119     -111.78918
      40.58936     -111.78892
      40.58727     -111.79022
      40.58571     -111.79179
      40.58336     -111.79336
      40.58205     -111.79492
      40.57913     -111.79533
      40.57656     -111.79533
      40.57501     -111.79559
      40.57296     -111.79559
      40.57115     -111.79585
      40.56961     -111.79585
      40.56806     -111.79507
      40.56600     -111.79430
      40.56420     -111.79430
      40.56240     -111.79482
      40.56086     -111.79765
      40.55931     -111.79816
      40.55777     -111.79816
      40.55622     -111.79945
      40.55442     -111.79945
      40.55262     -111.79971
      40.55107     -111.80074
      40.54824     -111.80202
      40.54670     -111.80383
      40.54464     -111.80614
      40.54335     -111.80769
      40.54232     -111.80923
      40.54129     -111.81078
      40.53897     -111.81232
      40.53717     -111.81361
      40.53537     -111.81490
      40.53279     -111.81902
      40.53099     -111.82108
      40.52996     -111.82417
      40.52790     -111.82648
      40.52481     -111.82906
      40.52250     -111.83163
      40.52069     -111.83369
      40.51838     -111.83549
      40.51657     -111.83652
      40.51426     -111.83781
      40.51220     -111.83910
      40.50937     -111.83884
      40.50705     -111.83884
      40.50473     -111.83807
      40.50267     -111.83730
      40.50113     -111.83627
      40.50010     -111.83524
      40.49853     -111.83362
 1 3 1 1    2351f Wasatch Flt SLC Pechmann                    
 7.070 0.0007690 0.2000 0.46408E+17
 35.0 26.15172 0.0E+0 51.653892
 210
      40.84938     -111.88703
      40.84183     -111.89871
      40.83033     -111.91354
      40.81461     -111.91794
      40.80912     -111.91292
      40.79265     -111.90028
      40.78126     -111.89137
      40.78065     -111.89108
      40.78017     -111.89083
      40.77956     -111.89065
      40.77847     -111.89034
      40.77768     -111.89017
      40.77689     -111.88998
      40.77610     -111.88980
      40.77550     -111.88974
      40.77477     -111.88968
      40.77411     -111.88974
      40.77338     -111.88980
      40.77235     -111.89005
      40.77162     -111.89034
      40.77102     -111.89059
      40.77041     -111.89077
      40.77004     -111.89083
      40.76889     -111.89131
      40.77498     -111.84132
      40.77392     -111.84270
      40.77274     -111.84419
      40.77148     -111.84632
      40.77055     -111.84756
      40.76967     -111.84875
      40.76905     -111.84975
      40.76830     -111.85050
      40.76767     -111.85150
      40.76699     -111.85269
      40.76599     -111.85463
      40.76505     -111.85638
      40.76424     -111.85769
      40.76330     -111.85887
      40.76268     -111.85956
      40.76180     -111.86094
      40.76080     -111.86187
      40.75999     -111.86275
      40.75880     -111.86343
      40.75762     -111.86369
      40.75662     -111.86362
      40.75568     -111.86343
      40.75474     -111.86294
      40.75387     -111.86225
      40.75299     -111.86175
      40.75212     -111.86075
      40.75143     -111.86012
      40.75068     -111.85950
      40.75006     -111.85900
      40.74771     -111.85744
      40.74562     -111.85692
      40.74432     -111.85639
      40.74301     -111.85587
      40.74144     -111.85483
      40.73962     -111.85457
      40.73727     -111.85457
      40.73544     -111.85561
      40.73388     -111.85744
      40.73257     -111.85874
      40.73179     -111.85979
      40.73022     -111.86031
      40.72866     -111.85979
      40.72683     -111.85979
      40.72501     -111.86005
      40.72318     -111.86005
      40.72109     -111.86005
      40.71894     -111.86022
      40.71722     -111.86108
      40.71564     -111.86195
      40.71421     -111.86237
      40.71292     -111.86237
      40.71134     -111.86208
      40.71034     -111.86137
      40.70948     -111.86066
      40.70819     -111.85950
      40.70719     -111.85836
      40.70604     -111.85735
      40.70461     -111.85635
      40.70346     -111.85549
      40.70217     -111.85378
      40.70074     -111.85220
      40.69859     -111.85120
      40.69656     -111.85091
      40.69448     -111.84883
      40.69265     -111.84753
      40.69082     -111.84570
      40.68900     -111.84518
      40.68639     -111.84413
      40.68639     -111.84309
      40.68325     -111.84178
      40.68143     -111.84074
      40.67986     -111.83943
      40.67882     -111.83813
      40.67778     -111.83682
      40.67699     -111.83604
      40.67543     -111.83526
      40.67386     -111.83421
      40.67260     -111.83145
      40.67182     -111.82910
      40.67104     -111.82649
      40.67051     -111.82414
      40.66973     -111.82180
      40.66921     -111.81997
      40.66869     -111.81789
      40.66816     -111.81580
      40.66764     -111.81371
      40.66712     -111.81188
      40.66660     -111.81032
      40.66608     -111.80927
      40.66582     -111.80771
      40.66582     -111.80718
      40.66347     -111.80666
      40.66190     -111.80640
      40.66060     -111.80640
      40.65877     -111.80666
      40.65720     -111.80718
      40.65538     -111.80745
      40.65434     -111.80823
      40.65381     -111.80849
      40.65225     -111.80849
      40.65042     -111.80849
      40.64859     -111.80692
      40.64781     -111.80588
      40.64729     -111.80484
      40.64546     -111.80353
      40.64363     -111.80222
      40.64129     -111.80066
      40.63972     -111.79935
      40.63868     -111.79858
      40.63581     -111.79935
      40.63398     -111.79961
      40.63189     -111.79910
      40.62981     -111.79779
      40.62850     -111.79649
      40.62667     -111.79544
      40.62563     -111.79440
      40.62433     -111.79388
      40.62198     -111.79362
      40.62067     -111.79205
      40.61963     -111.79075
      40.61911     -111.78944
      40.61832     -111.78787
      40.61624     -111.78709
      40.61441     -111.78761
      40.61206     -111.78892
      40.60998     -111.79048
      40.60815     -111.79127
      40.60658     -111.79257
      40.60502     -111.79309
      40.60241     -111.79309
      40.60058     -111.79362
      40.59902     -111.79362
      40.59771     -111.79283
      40.59510     -111.79205
      40.59380     -111.79101
      40.59275     -111.78996
      40.59119     -111.78918
      40.58936     -111.78892
      40.58727     -111.79022
      40.58571     -111.79179
      40.58336     -111.79336
      40.58205     -111.79492
      40.57913     -111.79533
      40.57656     -111.79533
      40.57501     -111.79559
      40.57296     -111.79559
      40.57115     -111.79585
      40.56961     -111.79585
      40.56806     -111.79507
      40.56600     -111.79430
      40.56420     -111.79430
      40.56240     -111.79482
      40.56086     -111.79765
      40.55931     -111.79816
      40.55777     -111.79816
      40.55622     -111.79945
      40.55442     -111.79945
      40.55262     -111.79971
      40.55107     -111.80074
      40.54824     -111.80202
      40.54670     -111.80383
      40.54464     -111.80614
      40.54335     -111.80769
      40.54232     -111.80923
      40.54129     -111.81078
      40.53897     -111.81232
      40.53717     -111.81361
      40.53537     -111.81490
      40.53279     -111.81902
      40.53099     -111.82108
      40.52996     -111.82417
      40.52790     -111.82648
      40.52481     -111.82906
      40.52250     -111.83163
      40.52069     -111.83369
      40.51838     -111.83549
      40.51657     -111.83652
      40.51426     -111.83781
      40.51220     -111.83910
      40.50937     -111.83884
      40.50705     -111.83884
      40.50473     -111.83807
      40.50267     -111.83730
      40.50113     -111.83627
      40.50010     -111.83524
      40.49853     -111.83362
 1 3 1 1    2351f Wasatch Flt SLC Pechmann                    
 7.070 0.0007690 0.2000 0.29370E+17
 65.0 16.550674 0.0E+0 51.653892
 210
      40.84938     -111.88703
      40.84183     -111.89871
      40.83033     -111.91354
      40.81461     -111.91794
      40.80912     -111.91292
      40.79265     -111.90028
      40.78126     -111.89137
      40.78065     -111.89108
      40.78017     -111.89083
      40.77956     -111.89065
      40.77847     -111.89034
      40.77768     -111.89017
      40.77689     -111.88998
      40.77610     -111.88980
      40.77550     -111.88974
      40.77477     -111.88968
      40.77411     -111.88974
      40.77338     -111.88980
      40.77235     -111.89005
      40.77162     -111.89034
      40.77102     -111.89059
      40.77041     -111.89077
      40.77004     -111.89083
      40.76889     -111.89131
      40.77498     -111.84132
      40.77392     -111.84270
      40.77274     -111.84419
      40.77148     -111.84632
      40.77055     -111.84756
      40.76967     -111.84875
      40.76905     -111.84975
      40.76830     -111.85050
      40.76767     -111.85150
      40.76699     -111.85269
      40.76599     -111.85463
      40.76505     -111.85638
      40.76424     -111.85769
      40.76330     -111.85887
      40.76268     -111.85956
      40.76180     -111.86094
      40.76080     -111.86187
      40.75999     -111.86275
      40.75880     -111.86343
      40.75762     -111.86369
      40.75662     -111.86362
      40.75568     -111.86343
      40.75474     -111.86294
      40.75387     -111.86225
      40.75299     -111.86175
      40.75212     -111.86075
      40.75143     -111.86012
      40.75068     -111.85950
      40.75006     -111.85900
      40.74771     -111.85744
      40.74562     -111.85692
      40.74432     -111.85639
      40.74301     -111.85587
      40.74144     -111.85483
      40.73962     -111.85457
      40.73727     -111.85457
      40.73544     -111.85561
      40.73388     -111.85744
      40.73257     -111.85874
      40.73179     -111.85979
      40.73022     -111.86031
      40.72866     -111.85979
      40.72683     -111.85979
      40.72501     -111.86005
      40.72318     -111.86005
      40.72109     -111.86005
      40.71894     -111.86022
      40.71722     -111.86108
      40.71564     -111.86195
      40.71421     -111.86237
      40.71292     -111.86237
      40.71134     -111.86208
      40.71034     -111.86137
      40.70948     -111.86066
      40.70819     -111.85950
      40.70719     -111.85836
      40.70604     -111.85735
      40.70461     -111.85635
      40.70346     -111.85549
      40.70217     -111.85378
      40.70074     -111.85220
      40.69859     -111.85120
      40.69656     -111.85091
      40.69448     -111.84883
      40.69265     -111.84753
      40.69082     -111.84570
      40.68900     -111.84518
      40.68639     -111.84413
      40.68639     -111.84309
      40.68325     -111.84178
      40.68143     -111.84074
      40.67986     -111.83943
      40.67882     -111.83813
      40.67778     -111.83682
      40.67699     -111.83604
      40.67543     -111.83526
      40.67386     -111.83421
      40.67260     -111.83145
      40.67182     -111.82910
      40.67104     -111.82649
      40.67051     -111.82414
      40.66973     -111.82180
      40.66921     -111.81997
      40.66869     -111.81789
      40.66816     -111.81580
      40.66764     -111.81371
      40.66712     -111.81188
      40.66660     -111.81032
      40.66608     -111.80927
      40.66582     -111.80771
      40.66582     -111.80718
      40.66347     -111.80666
      40.66190     -111.80640
      40.66060     -111.80640
      40.65877     -111.80666
      40.65720     -111.80718
      40.65538     -111.80745
      40.65434     -111.80823
      40.65381     -111.80849
      40.65225     -111.80849
      40.65042     -111.80849
      40.64859     -111.80692
      40.64781     -111.80588
      40.64729     -111.80484
      40.64546     -111.80353
      40.64363     -111.80222
      40.64129     -111.80066
      40.63972     -111.79935
      40.63868     -111.79858
      40.63581     -111.79935
      40.63398     -111.79961
      40.63189     -111.79910
      40.62981     -111.79779
      40.62850     -111.79649
      40.62667     -111.79544
      40.62563     -111.79440
      40.62433     -111.79388
      40.62198     -111.79362
      40.62067     -111.79205
      40.61963     -111.79075
      40.61911     -111.78944
      40.61832     -111.78787
      40.61624     -111.78709
      40.61441     -111.78761
      40.61206     -111.78892
      40.60998     -111.79048
      40.60815     -111.79127
      40.60658     -111.79257
      40.60502     -111.79309
      40.60241     -111.79309
      40.60058     -111.79362
      40.59902     -111.79362
      40.59771     -111.79283
      40.59510     -111.79205
      40.59380     -111.79101
      40.59275     -111.78996
      40.59119     -111.78918
      40.58936     -111.78892
      40.58727     -111.79022
      40.58571     -111.79179
      40.58336     -111.79336
      40.58205     -111.79492
      40.57913     -111.79533
      40.57656     -111.79533
      40.57501     -111.79559
      40.57296     -111.79559
      40.57115     -111.79585
      40.56961     -111.79585
      40.56806     -111.79507
      40.56600     -111.79430
      40.56420     -111.79430
      40.56240     -111.79482
      40.56086     -111.79765
      40.55931     -111.79816
      40.55777     -111.79816
      40.55622     -111.79945
      40.55442     -111.79945
      40.55262     -111.79971
      40.55107     -111.80074
      40.54824     -111.80202
      40.54670     -111.80383
      40.54464     -111.80614
      40.54335     -111.80769
      40.54232     -111.80923
      40.54129     -111.81078
      40.53897     -111.81232
      40.53717     -111.81361
      40.53537     -111.81490
      40.53279     -111.81902
      40.53099     -111.82108
      40.52996     -111.82417
      40.52790     -111.82648
      40.52481     -111.82906
      40.52250     -111.83163
      40.52069     -111.83369
      40.51838     -111.83549
      40.51657     -111.83652
      40.51426     -111.83781
      40.51220     -111.83910
      40.50937     -111.83884
      40.50705     -111.83884
      40.50473     -111.83807
      40.50267     -111.83730
      40.50113     -111.83627
      40.50010     -111.83524
      40.49853     -111.83362
