0               !Use with hazFX. Characteristic-M fault file 
24.6 50. 0.05           !site grid. Using M=M(SRL) Wells and Co. except special situations 
-125. -100. 0.05
760.0 2.0          ! Vs30 and depth (km) to 2.5 km/s rock
1.0 300.
3       !3 spectral periods.  M<6.5 sources are in a separate file
0. 1. 0. PGA. 
0.375 0.210 0.245
0.230 0.225 0.23
0.400 0.360 0.31
../out/Wasatch74_4gmpes.gr.pga
20
.005 .007 .0098 .0137 .0192 .0269 .0376 .0527 .0738 .103 .145 .203 .284 .397 .556 .778 1.09 1.52 2.2 3.3
4
35 0.25 1000.   0.0 0 CY2013
34 0.25 1000.   0.0 0 CB2013
33 0.25 1000.   0.0 0 BSSA2013
16 0.25 1000.   0.0 0 AS2008
0.20 1. 0. PSA
0.375 0.210 0.245
0.230 0.225 0.23
0.400 0.360 0.31
../out/Wasatch74_4gmpes.gr.5hz
19
.005 .0075 .0113 .0169 .0253 .0380 .0570 .0854 .128 .192 .288 .432 .649 .973 1.46 2.19 3.28 4.92 7.38
4
35 0.25 1000.   0.0 0 CY2013
34 0.25 1000.   0.0 0 CB2013
33 0.25 1000.   0.0 0 BSSA2013
16 0.25 1000.   0.0 0 AS2008
1.00 1. 0. PSA
0.375 0.210 0.245
0.230 0.225 0.23
0.400 0.360 0.31
../out/Wasatch74_4gmpes.gr.1hz
20
.0025 .00375 .00563 .00844 .0127 .0190 .0285 .0427 .0641 .0961 .144 .216 .324 .487 .730 1.09 1.64 2.46 3.69 5.54
4
35 0.25 1000.   0.0 0 CY2013
34 0.25 1000.   0.0 0 CB2013
33 0.25 1000.   0.0 0 BSSA2013
16 0.25 1000.   0.0 0 AS2008
1.  1.
3               !3 branches on Magnitude epistemic variability
-.2 0. .2           ! -dM, 0, + dM epistemic mag variability. Branches have same moment rate
.2 .6 .2          !Weights assigned to epistemic mag variability branches
0.0 1          !M aleatory variability, sigma=0.12, 5 steps on either side of 0, each sigma*0.4
 2 3 1 1    2351 Wasatch fault zone                           
 3.2287204 0.8 7.4 7.4 0.1 0.6 2.8755565E+17
 50.0 19.58112 0.0E+0 312.4896
 138
      41.65221     -112.04826
      41.64043     -112.06065
      41.63061     -112.05528
      41.61645     -112.05608
      41.61065     -112.04198
      41.56024     -112.01787
      41.55426     -112.01988
      41.52362     -111.99870
      41.49926     -111.98857
      41.44366     -112.02928
      41.42761     -112.02898
      41.41663     -112.02159
      41.38062     -112.02538
      41.35907     -111.98857
      41.33344     -111.96129
      41.33686     -111.94121
      41.30683     -111.93059
      41.29486     -111.94188
      41.27723     -111.94908
      41.26282     -111.94719
      41.25983     -111.93980
      41.25006     -111.93827
      41.24067     -111.92765
      41.22284     -111.92948
      41.21485     -111.92417
      41.20844     -111.93278
      41.18683     -111.93955
      41.17963     -111.93699
      41.17682     -111.92899
      41.16462     -111.92478
      41.15082     -111.90690
      41.14283     -111.90818
      41.13147     -111.89817
      41.10382     -111.91087
      41.08527     -111.90440
      41.06806     -111.91068
      41.05567     -111.90385
      41.03925     -111.90726
      41.02924     -111.89970
      41.00464     -111.89585
      40.99927     -111.88517
      40.99183     -111.88548
      40.97705     -111.87467
      40.96363     -111.87205
      40.96082     -111.87949
      40.95447     -111.88096
      40.94605     -111.87418
      40.90485     -111.86527
      40.89063     -111.85258
      40.86604     -111.85679
      40.84943     -111.88688
      40.84187     -111.89866
      40.83045     -111.91355
      40.81464     -111.91795
      40.78126     -111.89280
      40.77578     -111.83772
      40.76862     -111.89225
      40.75605     -111.86405
      40.74744     -111.85795
      40.73725     -111.85490
      40.73084     -111.86057
      40.71223     -111.86326
      40.68165     -111.84165
      40.67268     -111.83347
      40.65205     -111.80948
      40.63087     -111.79965
      40.61683     -111.78775
      40.60487     -111.79416
      40.59003     -111.78946
      40.58125     -111.79605
      40.56385     -111.79465
      40.54902     -111.80136
      40.52864     -111.82657
      40.51307     -111.83914
      40.50062     -111.83664
      40.49507     -111.82169
      40.48585     -111.75375
      40.48127     -111.74667
      40.47602     -111.74448
      40.46028     -111.75058
      40.45546     -111.74625
      40.44484     -111.75327
      40.43446     -111.75308
      40.41523     -111.74179
      40.41102     -111.74356
      40.39766     -111.72745
      40.38465     -111.72067
      40.35384     -111.69155
      40.34187     -111.67605
      40.31325     -111.65694
      40.31184     -111.63845
      40.28767     -111.63204
      40.27803     -111.63528
      40.23445     -111.63155
      40.21223     -111.62399
      40.20924     -111.61697
      40.19466     -111.60915
      40.18965     -111.59908
      40.17268     -111.59713
      40.16707     -111.58156
      40.14888     -111.55574
      40.13308     -111.55086
      40.12728     -111.55824
      40.12123     -111.55586
      40.10048     -111.57167
      40.08424     -111.57265
      40.08363     -111.59664
      40.07167     -111.61874
      40.04866     -111.63528
      40.03242     -111.63143
      40.00624     -111.64364
      40.00026     -111.73404
      39.99226     -111.75186
      39.97664     -111.76297
      39.94447     -111.75784
      39.93123     -111.78586
      39.88246     -111.79166
      39.86726     -111.80466
      39.82863     -111.80716
      39.82265     -111.81247
      39.75063     -111.82847
      39.73286     -111.82834
      39.70668     -111.81638
      39.70003     -111.82028
      39.64345     -111.82755
      39.62404     -111.82065
      39.57405     -111.82156
      39.55043     -111.83206
      39.52724     -111.86197
      39.50563     -111.85995
      39.48885     -111.87167
      39.47927     -111.88406
      39.45723     -111.88516
      39.43343     -111.91324
      39.42104     -111.91476
      39.41823     -111.92056
      39.38643     -111.91916
      39.38063     -111.92258
 2 3 1 1    2351 Wasatch fault zone                           
 3.2287204 0.8 7.4 7.4 0.1 0.2 3.8404724E+17
 35.0 26.15172 0.0E+0 312.4896
 138
      41.65221     -112.04826
      41.64043     -112.06065
      41.63061     -112.05528
      41.61645     -112.05608
      41.61065     -112.04198
      41.56024     -112.01787
      41.55426     -112.01988
      41.52362     -111.99870
      41.49926     -111.98857
      41.44366     -112.02928
      41.42761     -112.02898
      41.41663     -112.02159
      41.38062     -112.02538
      41.35907     -111.98857
      41.33344     -111.96129
      41.33686     -111.94121
      41.30683     -111.93059
      41.29486     -111.94188
      41.27723     -111.94908
      41.26282     -111.94719
      41.25983     -111.93980
      41.25006     -111.93827
      41.24067     -111.92765
      41.22284     -111.92948
      41.21485     -111.92417
      41.20844     -111.93278
      41.18683     -111.93955
      41.17963     -111.93699
      41.17682     -111.92899
      41.16462     -111.92478
      41.15082     -111.90690
      41.14283     -111.90818
      41.13147     -111.89817
      41.10382     -111.91087
      41.08527     -111.90440
      41.06806     -111.91068
      41.05567     -111.90385
      41.03925     -111.90726
      41.02924     -111.89970
      41.00464     -111.89585
      40.99927     -111.88517
      40.99183     -111.88548
      40.97705     -111.87467
      40.96363     -111.87205
      40.96082     -111.87949
      40.95447     -111.88096
      40.94605     -111.87418
      40.90485     -111.86527
      40.89063     -111.85258
      40.86604     -111.85679
      40.84943     -111.88688
      40.84187     -111.89866
      40.83045     -111.91355
      40.81464     -111.91795
      40.78126     -111.89280
      40.77578     -111.83772
      40.76862     -111.89225
      40.75605     -111.86405
      40.74744     -111.85795
      40.73725     -111.85490
      40.73084     -111.86057
      40.71223     -111.86326
      40.68165     -111.84165
      40.67268     -111.83347
      40.65205     -111.80948
      40.63087     -111.79965
      40.61683     -111.78775
      40.60487     -111.79416
      40.59003     -111.78946
      40.58125     -111.79605
      40.56385     -111.79465
      40.54902     -111.80136
      40.52864     -111.82657
      40.51307     -111.83914
      40.50062     -111.83664
      40.49507     -111.82169
      40.48585     -111.75375
      40.48127     -111.74667
      40.47602     -111.74448
      40.46028     -111.75058
      40.45546     -111.74625
      40.44484     -111.75327
      40.43446     -111.75308
      40.41523     -111.74179
      40.41102     -111.74356
      40.39766     -111.72745
      40.38465     -111.72067
      40.35384     -111.69155
      40.34187     -111.67605
      40.31325     -111.65694
      40.31184     -111.63845
      40.28767     -111.63204
      40.27803     -111.63528
      40.23445     -111.63155
      40.21223     -111.62399
      40.20924     -111.61697
      40.19466     -111.60915
      40.18965     -111.59908
      40.17268     -111.59713
      40.16707     -111.58156
      40.14888     -111.55574
      40.13308     -111.55086
      40.12728     -111.55824
      40.12123     -111.55586
      40.10048     -111.57167
      40.08424     -111.57265
      40.08363     -111.59664
      40.07167     -111.61874
      40.04866     -111.63528
      40.03242     -111.63143
      40.00624     -111.64364
      40.00026     -111.73404
      39.99226     -111.75186
      39.97664     -111.76297
      39.94447     -111.75784
      39.93123     -111.78586
      39.88246     -111.79166
      39.86726     -111.80466
      39.82863     -111.80716
      39.82265     -111.81247
      39.75063     -111.82847
      39.73286     -111.82834
      39.70668     -111.81638
      39.70003     -111.82028
      39.64345     -111.82755
      39.62404     -111.82065
      39.57405     -111.82156
      39.55043     -111.83206
      39.52724     -111.86197
      39.50563     -111.85995
      39.48885     -111.87167
      39.47927     -111.88406
      39.45723     -111.88516
      39.43343     -111.91324
      39.42104     -111.91476
      39.41823     -111.92056
      39.38643     -111.91916
      39.38063     -111.92258
 2 3 1 1    2351 Wasatch fault zone                           
 3.2287204 0.8 7.4 7.4 0.1 0.2 2.4305249E+17
 65.0 16.550674 0.0E+0 312.4896
 138
      41.65221     -112.04826
      41.64043     -112.06065
      41.63061     -112.05528
      41.61645     -112.05608
      41.61065     -112.04198
      41.56024     -112.01787
      41.55426     -112.01988
      41.52362     -111.99870
      41.49926     -111.98857
      41.44366     -112.02928
      41.42761     -112.02898
      41.41663     -112.02159
      41.38062     -112.02538
      41.35907     -111.98857
      41.33344     -111.96129
      41.33686     -111.94121
      41.30683     -111.93059
      41.29486     -111.94188
      41.27723     -111.94908
      41.26282     -111.94719
      41.25983     -111.93980
      41.25006     -111.93827
      41.24067     -111.92765
      41.22284     -111.92948
      41.21485     -111.92417
      41.20844     -111.93278
      41.18683     -111.93955
      41.17963     -111.93699
      41.17682     -111.92899
      41.16462     -111.92478
      41.15082     -111.90690
      41.14283     -111.90818
      41.13147     -111.89817
      41.10382     -111.91087
      41.08527     -111.90440
      41.06806     -111.91068
      41.05567     -111.90385
      41.03925     -111.90726
      41.02924     -111.89970
      41.00464     -111.89585
      40.99927     -111.88517
      40.99183     -111.88548
      40.97705     -111.87467
      40.96363     -111.87205
      40.96082     -111.87949
      40.95447     -111.88096
      40.94605     -111.87418
      40.90485     -111.86527
      40.89063     -111.85258
      40.86604     -111.85679
      40.84943     -111.88688
      40.84187     -111.89866
      40.83045     -111.91355
      40.81464     -111.91795
      40.78126     -111.89280
      40.77578     -111.83772
      40.76862     -111.89225
      40.75605     -111.86405
      40.74744     -111.85795
      40.73725     -111.85490
      40.73084     -111.86057
      40.71223     -111.86326
      40.68165     -111.84165
      40.67268     -111.83347
      40.65205     -111.80948
      40.63087     -111.79965
      40.61683     -111.78775
      40.60487     -111.79416
      40.59003     -111.78946
      40.58125     -111.79605
      40.56385     -111.79465
      40.54902     -111.80136
      40.52864     -111.82657
      40.51307     -111.83914
      40.50062     -111.83664
      40.49507     -111.82169
      40.48585     -111.75375
      40.48127     -111.74667
      40.47602     -111.74448
      40.46028     -111.75058
      40.45546     -111.74625
      40.44484     -111.75327
      40.43446     -111.75308
      40.41523     -111.74179
      40.41102     -111.74356
      40.39766     -111.72745
      40.38465     -111.72067
      40.35384     -111.69155
      40.34187     -111.67605
      40.31325     -111.65694
      40.31184     -111.63845
      40.28767     -111.63204
      40.27803     -111.63528
      40.23445     -111.63155
      40.21223     -111.62399
      40.20924     -111.61697
      40.19466     -111.60915
      40.18965     -111.59908
      40.17268     -111.59713
      40.16707     -111.58156
      40.14888     -111.55574
      40.13308     -111.55086
      40.12728     -111.55824
      40.12123     -111.55586
      40.10048     -111.57167
      40.08424     -111.57265
      40.08363     -111.59664
      40.07167     -111.61874
      40.04866     -111.63528
      40.03242     -111.63143
      40.00624     -111.64364
      40.00026     -111.73404
      39.99226     -111.75186
      39.97664     -111.76297
      39.94447     -111.75784
      39.93123     -111.78586
      39.88246     -111.79166
      39.86726     -111.80466
      39.82863     -111.80716
      39.82265     -111.81247
      39.75063     -111.82847
      39.73286     -111.82834
      39.70668     -111.81638
      39.70003     -111.82028
      39.64345     -111.82755
      39.62404     -111.82065
      39.57405     -111.82156
      39.55043     -111.83206
      39.52724     -111.86197
      39.50563     -111.85995
      39.48885     -111.87167
      39.47927     -111.88406
      39.45723     -111.88516
      39.43343     -111.91324
      39.42104     -111.91476
      39.41823     -111.92056
      39.38643     -111.91916
      39.38063     -111.92258
