0               !Use with hazFXnga7c. Wasatch with 3 fault dips 40 50 and 60d
24.6 50. 0.05           M with epistemic uncert +-0.2 & Fixed Paleo Event Rate
-125. -100. 0.05
760.0 2.0        vs30 and depth to 2.5 k/m Vs, resp
1. 200.
3       3 spectral pds. Rev Oct 31 2007 combine wasatch, wasatchA, wasatchB of 2002
0. 1. 0. PGA
0.375 0.210 0.245
0.230 0.225 0.23
0.400 0.360 0.31
../out/wasatch.3dip.ch_14gmm.pga
19
.005 .007 .0098 .0137 .0192 .0269 .0376 .0527 .0738 .103 .145 .203 .284 .397 .556 .778 1.09 1.52 2.13
6
35 0.18 1000.   0.0 0 CY2013
34 0.18 1000.   0.0 0 CB2013
33 0.18 1000.   0.0 0 BSSA2013
36 0.18 1000.   0.0 0 AS2013
37 0.18 1000.   0.0 0 ID2013
38 0.10 1000.   0.0 0 GK2013
0.20 1. 0. PSA
0.375 0.210 0.245
0.230 0.225 0.23
0.400 0.360 0.31
../out/wasatch.3dip.ch_14gmm.5hz
19
.005 .0075 .0113 .0169 .0253 .0380 .0570 .0854 .128 .192 .288 .432 .649 .973 1.46 2.19 3.28 4.92 7.38
6
35 0.18 1000.   0.0 0 CY2013
34 0.18 1000.   0.0 0 CB2013
33 0.18 1000.   0.0 0 BSSA2013
36 0.18 1000.   0.0 0 AS2013
37 0.18 1000.   0.0 0 ID2013
38 0.10 1000.   0.0 0 GK2013
1.00 1. 0. PSA
0.375 0.210 0.245
0.230 0.225 0.23
0.400 0.360 0.31
../out/wasatch.3dip.ch_14gmm.1hz
20
.0025 .00375 .00563 .00844 .0127 .0190 .0285 .0427 .0641 .0961 .144 .216 .324 .487 .730 1.09 1.64 2.46 3.69 5.54
6
35 0.18 1000.   0.0 0 CY2013
34 0.18 1000.   0.0 0 CB2013
33 0.18 1000.   0.0 0 BSSA2013
36 0.18 1000.   0.0 0 AS2013
37 0.18 1000.   0.0 0 ID2013
38 0.10 1000.   0.0 0 GK2013
1.  1.
1
0
1
0 1
 1 3 3 1  2351d Wasatch fault, Brigham City section
     6.90000   7.70e-4 0.2592
     6.70000   7.70e-4 0.0864
     7.10000   7.70e-4 0.0864
     50.0000    18.3116  0.    40.8033
   15
      41.65214     -112.04752
      41.64048     -112.05988
      41.63065     -112.05449
      41.61651     -112.05533
      41.61062     -112.04127
      41.56028     -112.01715
      41.55421     -112.01910
      41.52356     -111.99794
      41.49928     -111.98791
      41.44359     -112.02854
      41.42768     -112.02819
      41.41665     -112.02089
      41.38070     -112.02462
      41.35901     -111.98782
      41.33341     -111.96067
 1 3 3 1   2351e Wasatch fault, Weber section
     7.20000    .00071 0.2592
     7.00000    .00071 0.0864
     7.40000    .00071 0.0864
     50.0000    18.3116  0.    62.3853
   37
      41.34517     -111.95455
      41.33680     -111.94042
      41.30691     -111.92994
      41.29497     -111.94117
      41.27723     -111.94839
      41.26291     -111.94646
      41.25978     -111.93903
      41.25014     -111.93745
      41.24068     -111.92693
      41.22285     -111.92882
      41.21489     -111.92344
      41.20853     -111.93211
      41.18682     -111.93886
      41.17970     -111.93620
      41.17684     -111.92823
      41.16472     -111.92397
      41.15096     -111.90611
      41.14280     -111.90755
      41.13143     -111.89747
      41.10378     -111.91011
      41.08522     -111.90359
      41.06812     -111.90997
      41.05574     -111.90314
      41.03928     -111.90644
      41.02917     -111.89890
      41.00458     -111.89515
      40.99926     -111.88439
      40.99174     -111.88474
      40.97708     -111.87392
      40.96370     -111.87132
      40.96082     -111.87871
      40.95457     -111.88023
      40.94603     -111.87355
      40.90483     -111.86453
      40.89056     -111.85185
      40.86614     -111.85601
      40.84942     -111.88629
 1 3 3 1   2351f Wasatch fault, Salt Lake City section
  7.0000    .00077 0.2592
  7.2000    .00077 0.0864
  6.8000    .00077 0.0864
     50.0000    18.3116  0.    48.0786
   26
      40.85094     -111.89579
      40.84184     -111.89794
      40.83040     -111.91277
      40.81466     -111.91714
      40.78130     -111.89199
      40.76873     -111.89149
      40.75606     -111.86335
      40.74736     -111.85715
      40.73722     -111.85413
      40.73075     -111.85981
      40.71214     -111.86242
      40.68157     -111.84086
      40.67276     -111.83269
      40.67373     -111.80740
      40.65193     -111.80875
      40.63083     -111.79897
      40.61690     -111.78695
      40.60484     -111.79345
      40.59018     -111.78870
      40.58116     -111.79538
      40.56385     -111.79388
      40.54898     -111.80069
      40.52868     -111.82584
      40.51305     -111.83837
      40.50063     -111.83594
      40.49512     -111.82092
 1 3 3 1   2351g Wasatch fault, Provo section
     7.40000    4.2E-04 0.2592
     7.20000    4.2E-04 0.0864
     7.60000    4.2E-04 0.0864
     50.0000    18.3116  0.    77.1229
   38
      40.49512     -111.82092
      40.48576     -111.75301
      40.48131     -111.74594
      40.47607     -111.74382
      40.46025     -111.74976
      40.45538     -111.74550
      40.44485     -111.75251
      40.43436     -111.75227
      40.41521     -111.74101
      40.41105     -111.74281
      40.39772     -111.72671
      40.38462     -111.71989
      40.35389     -111.69087
      40.34187     -111.67532
      40.31321     -111.65622
      40.31192     -111.63768
      40.28778     -111.63133
      40.27808     -111.63455
      40.23450     -111.63086
      40.21223     -111.62319
      40.20923     -111.61617
      40.19472     -111.60851
      40.18955     -111.59835
      40.17265     -111.59635
      40.16714     -111.58080
      40.14895     -111.55506
      40.13309     -111.55006
      40.12733     -111.55750
      40.12127     -111.55514
      40.10052     -111.57096
      40.08426     -111.57192
      40.08367     -111.59594
      40.07157     -111.61797
      40.04859     -111.63457
      40.03251     -111.63065
      40.00629     -111.64291
      39.98648     -111.68853
      39.97157     -111.69260
 1 3 3 1   2351h Wasatch fault, Nephi section
     7.000    4E-04  0.2592
     6.800    4E-04 0.0864
     7.200    4E-04 0.0864
     50.0000    18.3116  0.    46.4756
   17
      40.08457     -111.73305
      40.06727     -111.73460
      40.02761     -111.72112
      40.01213     -111.73161
      40.00028     -111.73329
      39.99223     -111.75111
      39.97670     -111.76216
      39.94438     -111.75704
      39.93134     -111.78514
      39.88240     -111.79095
      39.86729     -111.80389
      39.82858     -111.80637
      39.82259     -111.81170
      39.75069     -111.82777
      39.73279     -111.82764
      39.70672     -111.81573
      39.70010     -111.81956
 1 3 3 1   2351i Wasatch fault, Levan section
     6.80000    2.37E-04 0.2592
     6.60000    2.37E-04 0.0864
     7.00000    2.37E-04 0.0864
     50.0000    18.3116  0.    32.4968
   14
      39.64342     -111.82678
      39.62407     -111.81989
      39.57409     -111.82082
      39.55041     -111.83128
      39.52718     -111.86130
      39.50568     -111.85925
      39.48881     -111.87087
      39.47927     -111.88343
      39.45721     -111.88436
      39.43353     -111.91248
      39.42115     -111.91400
      39.41824     -111.91989
      39.38641     -111.91844
      39.38078     -111.92188
 1 3 3 1  2351d Wasatch fault, Brigham City section
     6.90000   7.70e-4 0.0864
     6.70000   7.70e-4 0.0288
     7.10000   7.70e-4 0.0288
     40.0 23.33587  0.    40.8033
   15
      41.65214     -112.04752
      41.64048     -112.05988
      41.63065     -112.05449
      41.61651     -112.05533
      41.61062     -112.04127
      41.56028     -112.01715
      41.55421     -112.01910
      41.52356     -111.99794
      41.49928     -111.98791
      41.44359     -112.02854
      41.42768     -112.02819
      41.41665     -112.02089
      41.38070     -112.02462
      41.35901     -111.98782
      41.33341     -111.96067
 1 3 3 1   2351e Wasatch fault, Weber section
     7.20000    .00071 0.0864
     7.00000    .00071 0.0288
     7.40000    .00071 0.0288
     40.0 23.33587  0.    62.3853
   37
      41.34517     -111.95455
      41.33680     -111.94042
      41.30691     -111.92994
      41.29497     -111.94117
      41.27723     -111.94839
      41.26291     -111.94646
      41.25978     -111.93903
      41.25014     -111.93745
      41.24068     -111.92693
      41.22285     -111.92882
      41.21489     -111.92344
      41.20853     -111.93211
      41.18682     -111.93886
      41.17970     -111.93620
      41.17684     -111.92823
      41.16472     -111.92397
      41.15096     -111.90611
      41.14280     -111.90755
      41.13143     -111.89747
      41.10378     -111.91011
      41.08522     -111.90359
      41.06812     -111.90997
      41.05574     -111.90314
      41.03928     -111.90644
      41.02917     -111.89890
      41.00458     -111.89515
      40.99926     -111.88439
      40.99174     -111.88474
      40.97708     -111.87392
      40.96370     -111.87132
      40.96082     -111.87871
      40.95457     -111.88023
      40.94603     -111.87355
      40.90483     -111.86453
      40.89056     -111.85185
      40.86614     -111.85601
      40.84942     -111.88629
 1 3 3 1   2351f Wasatch fault, Salt Lake City section
  7.0000    .00077 0.0864
  7.2000    .00077 0.0288
  6.8000    .00077 0.0288
     40.0 23.33587  0.    48.0786
   26
      40.85094     -111.89579
      40.84184     -111.89794
      40.83040     -111.91277
      40.81466     -111.91714
      40.78130     -111.89199
      40.76873     -111.89149
      40.75606     -111.86335
      40.74736     -111.85715
      40.73722     -111.85413
      40.73075     -111.85981
      40.71214     -111.86242
      40.68157     -111.84086
      40.67276     -111.83269
      40.67373     -111.80740
      40.65193     -111.80875
      40.63083     -111.79897
      40.61690     -111.78695
      40.60484     -111.79345
      40.59018     -111.78870
      40.58116     -111.79538
      40.56385     -111.79388
      40.54898     -111.80069
      40.52868     -111.82584
      40.51305     -111.83837
      40.50063     -111.83594
      40.49512     -111.82092
 1 3 3 1   2351g Wasatch fault, Provo section
     7.40000    4.2E-04 0.0864
     7.20000    4.2E-04 0.0288
     7.60000    4.2E-04 0.0288
     40.0 23.33587  0.    77.1229
   38
      40.49512     -111.82092
      40.48576     -111.75301
      40.48131     -111.74594
      40.47607     -111.74382
      40.46025     -111.74976
      40.45538     -111.74550
      40.44485     -111.75251
      40.43436     -111.75227
      40.41521     -111.74101
      40.41105     -111.74281
      40.39772     -111.72671
      40.38462     -111.71989
      40.35389     -111.69087
      40.34187     -111.67532
      40.31321     -111.65622
      40.31192     -111.63768
      40.28778     -111.63133
      40.27808     -111.63455
      40.23450     -111.63086
      40.21223     -111.62319
      40.20923     -111.61617
      40.19472     -111.60851
      40.18955     -111.59835
      40.17265     -111.59635
      40.16714     -111.58080
      40.14895     -111.55506
      40.13309     -111.55006
      40.12733     -111.55750
      40.12127     -111.55514
      40.10052     -111.57096
      40.08426     -111.57192
      40.08367     -111.59594
      40.07157     -111.61797
      40.04859     -111.63457
      40.03251     -111.63065
      40.00629     -111.64291
      39.98648     -111.68853
      39.97157     -111.69260
 1 3 3 1   2351h Wasatch fault, Nephi section
     7.000    4E-04  0.0864
     6.800    4E-04 0.0288
     7.200    4E-04 0.0288
     40.0 23.33587  0.    46.4756
   17
      40.08457     -111.73305
      40.06727     -111.73460
      40.02761     -111.72112
      40.01213     -111.73161
      40.00028     -111.73329
      39.99223     -111.75111
      39.97670     -111.76216
      39.94438     -111.75704
      39.93134     -111.78514
      39.88240     -111.79095
      39.86729     -111.80389
      39.82858     -111.80637
      39.82259     -111.81170
      39.75069     -111.82777
      39.73279     -111.82764
      39.70672     -111.81573
      39.70010     -111.81956
 1 3 3 1   2351i Wasatch fault, Levan section
     6.80000    2.37E-04 0.0864
     6.60000    2.37E-04 0.0288
     7.00000    2.37E-04 0.0288
     40.0 23.33587  0.    32.4968
   14
      39.64342     -111.82678
      39.62407     -111.81989
      39.57409     -111.82082
      39.55041     -111.83128
      39.52718     -111.86130
      39.50568     -111.85925
      39.48881     -111.87087
      39.47927     -111.88343
      39.45721     -111.88436
      39.43353     -111.91248
      39.42115     -111.91400
      39.41824     -111.91989
      39.38641     -111.91844
      39.38078     -111.92188
 1 3 3 1  2351d Wasatch fault, Brigham City section
     6.90000   7.70e-4 0.0864
     6.70000   7.70e-4 0.0288
     7.10000   7.70e-4 0.0288
     60.0 17.3205  0.    40.8033
   15
      41.65214     -112.04752
      41.64048     -112.05988
      41.63065     -112.05449
      41.61651     -112.05533
      41.61062     -112.04127
      41.56028     -112.01715
      41.55421     -112.01910
      41.52356     -111.99794
      41.49928     -111.98791
      41.44359     -112.02854
      41.42768     -112.02819
      41.41665     -112.02089
      41.38070     -112.02462
      41.35901     -111.98782
      41.33341     -111.96067
 1 3 3 1   2351e Wasatch fault, Weber section
     7.20000    .00071 0.0864
     7.00000    .00071 0.0288
     7.40000    .00071 0.0288
     60.0 17.3205  0.    62.3853
   37
      41.34517     -111.95455
      41.33680     -111.94042
      41.30691     -111.92994
      41.29497     -111.94117
      41.27723     -111.94839
      41.26291     -111.94646
      41.25978     -111.93903
      41.25014     -111.93745
      41.24068     -111.92693
      41.22285     -111.92882
      41.21489     -111.92344
      41.20853     -111.93211
      41.18682     -111.93886
      41.17970     -111.93620
      41.17684     -111.92823
      41.16472     -111.92397
      41.15096     -111.90611
      41.14280     -111.90755
      41.13143     -111.89747
      41.10378     -111.91011
      41.08522     -111.90359
      41.06812     -111.90997
      41.05574     -111.90314
      41.03928     -111.90644
      41.02917     -111.89890
      41.00458     -111.89515
      40.99926     -111.88439
      40.99174     -111.88474
      40.97708     -111.87392
      40.96370     -111.87132
      40.96082     -111.87871
      40.95457     -111.88023
      40.94603     -111.87355
      40.90483     -111.86453
      40.89056     -111.85185
      40.86614     -111.85601
      40.84942     -111.88629
 1 3 3 1   2351f Wasatch fault, Salt Lake City section
  7.0000    .00077 0.0864
  7.2000    .00077 0.0288
  6.8000    .00077 0.0288
     60.0 17.3205  0.    48.0786
   26
      40.85094     -111.89579
      40.84184     -111.89794
      40.83040     -111.91277
      40.81466     -111.91714
      40.78130     -111.89199
      40.76873     -111.89149
      40.75606     -111.86335
      40.74736     -111.85715
      40.73722     -111.85413
      40.73075     -111.85981
      40.71214     -111.86242
      40.68157     -111.84086
      40.67276     -111.83269
      40.67373     -111.80740
      40.65193     -111.80875
      40.63083     -111.79897
      40.61690     -111.78695
      40.60484     -111.79345
      40.59018     -111.78870
      40.58116     -111.79538
      40.56385     -111.79388
      40.54898     -111.80069
      40.52868     -111.82584
      40.51305     -111.83837
      40.50063     -111.83594
      40.49512     -111.82092
 1 3 3 1   2351g Wasatch fault, Provo section
     7.40000    4.2E-04 0.0864
     7.20000    4.2E-04 0.0288
     7.60000    4.2E-04 0.0288
     60.0 17.3205  0.    77.1229
   38
      40.49512     -111.82092
      40.48576     -111.75301
      40.48131     -111.74594
      40.47607     -111.74382
      40.46025     -111.74976
      40.45538     -111.74550
      40.44485     -111.75251
      40.43436     -111.75227
      40.41521     -111.74101
      40.41105     -111.74281
      40.39772     -111.72671
      40.38462     -111.71989
      40.35389     -111.69087
      40.34187     -111.67532
      40.31321     -111.65622
      40.31192     -111.63768
      40.28778     -111.63133
      40.27808     -111.63455
      40.23450     -111.63086
      40.21223     -111.62319
      40.20923     -111.61617
      40.19472     -111.60851
      40.18955     -111.59835
      40.17265     -111.59635
      40.16714     -111.58080
      40.14895     -111.55506
      40.13309     -111.55006
      40.12733     -111.55750
      40.12127     -111.55514
      40.10052     -111.57096
      40.08426     -111.57192
      40.08367     -111.59594
      40.07157     -111.61797
      40.04859     -111.63457
      40.03251     -111.63065
      40.00629     -111.64291
      39.98648     -111.68853
      39.97157     -111.69260
 1 3 3 1   2351h Wasatch fault, Nephi section
     7.000    4E-04  0.0864
     6.800    4E-04 0.0288
     7.200    4E-04 0.0288
     60.0 17.3205  0.    46.4756
   17
      40.08457     -111.73305
      40.06727     -111.73460
      40.02761     -111.72112
      40.01213     -111.73161
      40.00028     -111.73329
      39.99223     -111.75111
      39.97670     -111.76216
      39.94438     -111.75704
      39.93134     -111.78514
      39.88240     -111.79095
      39.86729     -111.80389
      39.82858     -111.80637
      39.82259     -111.81170
      39.75069     -111.82777
      39.73279     -111.82764
      39.70672     -111.81573
      39.70010     -111.81956
 1 3 3 1   2351i Wasatch fault, Levan section
     6.80000    2.37E-04 0.0864
     6.60000    2.37E-04 0.0288
     7.00000    2.37E-04 0.0288
     60.0 17.3205  0.    32.4968
   14
      39.64342     -111.82678
      39.62407     -111.81989
      39.57409     -111.82082
      39.55041     -111.83128
      39.52718     -111.86130
      39.50568     -111.85925
      39.48881     -111.87087
      39.47927     -111.88343
      39.45721     -111.88436
      39.43353     -111.91248
      39.42115     -111.91400
      39.41824     -111.91989
      39.38641     -111.91844
      39.38078     -111.92188
