00               !Use with hazFXnga13l. Wasatch SLC clustered event final model.
24.6 50. 0.05           Pechman flt & Fixed Paleo Event Rate. Dips 35 50 65 d
-125. -100. 0.05
760.0 2.0        vs30 and depth to 2.5 k/m Vs, resp
1. 300.
3       3 spectral pds. A clustered SLC seg model july 2013
0. -3. 0. PGA
../out/wasatchSLCseg.clu.char.pga
20
.005 .007 .0098 .0137 .0192 .0269 .0376 .0527 .0738 .103 .145 .203 .284 .397 .556 .778 1.09 1.52 2.2 3.3 
5
33 0.22  1000. 0.25  0 BSSA 2013
34 0.22  1000. 0.25  0 CB 2013
35 0.22  1000. 0.25  0 CY 2013
36 0.22  1000. 0.25  0 AS 2013
37 0.12  1000. 0.25  0 Idr 2013
0.20 -3. 0. PSA
../out/wasatchSLCseg.clu.char.5hz
19
.005 .0075 .0113 .0169 .0253 .0380 .0570 .0854 .128 .192 .288 .432 .649 .973 1.46 2.19 3.28 4.92 7.38           
5
33 0.22  1000. 0.25  0 BSSA 2013
34 0.22  1000. 0.25  0 CB 2013
35 0.22  1000. 0.25  0 CY 2013
36 0.22  1000. 0.25  0 AS 2013
37 0.12  1000. 0.25  0 Idr 2013
1.00 -3. 0. PSA
../out/wasatchSLCseg.clu.char.1hz
20
.0025 .00375 .00563 .00844 .0127 .0190 .0285 .0427 .0641 .0961 .144 .216 .324 .487 .730 1.09 1.64 2.46 3.69 5.54
5
33 0.22  1000. 0.25  0 BSSA 2013
34 0.22  1000. 0.25  0 CB 2013
35 0.22  1000. 0.25  0 CY 2013
36 0.22  1000. 0.25  0 AS 2013
37 0.12  1000. 0.25  0 Idr 2013
1.  1.
1
0
1
0 1
   1  3  3 1 1   Wasatch fault, Salt Lake City Warm Springs-section.M from SRL
  6.03    7.69E-4 0.12
  6.23     7.69E-4 0.36    1.6140054E+15
  6.43    7.69E-4 0.12
     50.0000    19.58  0.    12.0786
   74
40.84464726 -111.89552003
40.84198886 -111.89769508
40.84053882 -111.89987014
40.83933046 -111.90180352
40.83836377 -111.90349523
40.83618871 -111.90591196
40.83546369 -111.90591196
40.83425533 -111.90808702
40.83304696 -111.9100204
40.8318386 -111.91219545
40.82966354 -111.91292047
40.82797183 -111.91340382
40.82579678 -111.91412884
40.82386339 -111.91412884
40.82217168 -111.91437051
40.8202383 -111.91485386
40.81854659 -111.91557887
40.81709655 -111.91606222
40.81588819 -111.91727058
40.81395481 -111.91630389
40.81250477 -111.91485386
40.81081306 -111.91364549
40.80912135 -111.91292047
40.80742964 -111.91195378
40.80549626 -111.91074542
40.80380455 -111.90929538
40.80211284 -111.90808702
40.80042113 -111.90663698
40.79969611 -111.90567029
40.79897109 -111.90446192
40.79824607 -111.90349523
40.79727938 -111.90252854
40.79631269 -111.90180352
40.79486265 -111.90156185
40.79325674 -111.90107302
40.79265067 -111.90028513
40.79216581 -111.89967906
40.79168096 -111.8991942
40.79113549 -111.89876995
40.79052942 -111.89828509
40.78968092 -111.89810327
40.78907485 -111.89804267
40.7886506 -111.89798206
40.78810514 -111.89780024
40.78774149 -111.89743659
40.78737785 -111.89701234
40.78677178 -111.89646688
40.78622631 -111.89610324
40.78531721 -111.89555777
40.78465053 -111.89501231
40.78410506 -111.89434563
40.78362021 -111.89373956
40.78313535 -111.89319409
40.78283231 -111.89264863
40.78234746 -111.89234559
40.7818626 -111.89180013
40.78125653 -111.89137588
40.78065046 -111.89107284
40.7801656 -111.89083041
40.77955953 -111.89064859
40.7784686 -111.89034556
40.77768071 -111.89016374
40.77689281 -111.88998191
40.77610492 -111.88980009
40.77549885 -111.88973949
40.77477156 -111.88967888
40.77410489 -111.88973949
40.7733776 -111.88980009
40.77234728 -111.89004252
40.77161999 -111.89034556
40.77101392 -111.89058799
40.77040785 -111.89076981
40.77004421 -111.89083041
40.76889267 -111.89131527
   1  1  3 1 2   Wasatch fault, Salt Lake City tear flt
  4.2000    .000769 0.12
  4.4000    .000769 0.36
  4.6000    .000769 0.12
90. 5. 1.  5.
23
40.76889267 -111.89131527
40.76907449 -111.8890122
40.76938026 -111.88669604
40.76968056 -111.88470909
40.76999451 -111.8822427
40.77028664 -111.87973931
40.7704552 -111.87778936
40.77076233 -111.87579304
40.77101392 -111.87398163
40.77125635 -111.87131491
40.77155939 -111.86919366
40.77180181 -111.8669512
40.77223447 -111.86430908
40.77248435 -111.86181034
40.77285916 -111.85856199
40.77323397 -111.85587585
40.77354631 -111.85331464
40.77392112 -111.8504411
40.77410853 -111.84819223
40.77442087 -111.84544362
40.77460827 -111.84425672
40.77473321 -111.84300736
40.77498308 -111.84132071
   1  3  3 1 3   Wasatch fault, Salt Lake City East Bench&Cottonwood sections
  6.700    .000769 0.12
  6.900    .000769 0.36
  7.100    .000769 0.12
50. 19.58 0. 36.
186
40.77498308 -111.84132071
40.77392112 -111.84269501
40.77273422 -111.84419426
40.77148485 -111.84631818
40.77054783 -111.84756755
40.76967327 -111.84875445
40.76904859 -111.84975394
40.76829896 -111.85050356
40.76767428 -111.85150306
40.76698713 -111.85268996
40.76598763 -111.85462648
40.76505061 -111.85637559
40.76423852 -111.85768743
40.76330149 -111.85887433
40.76267681 -111.85956148
40.76180225 -111.86093579
40.76080276 -111.86187281
40.75999067 -111.86274737
40.75880377 -111.86343452
40.75761687 -111.8636844
40.75661737 -111.86362193
40.75568035 -111.86343452
40.75474332 -111.86293478
40.75386876 -111.86224762
40.75299421 -111.86174788
40.75211965 -111.86074838
40.7514325 -111.8601237
40.75068288 -111.85949901
40.75005819 -111.85899927
40.74770661 -111.85743896
40.74561912 -111.85691709
40.74431444 -111.85639521
40.74300976 -111.85587334
40.74144414 -111.85482959
40.73961758 -111.85456866
40.73726915 -111.85456866
40.73544259 -111.8556124
40.73387697 -111.85743896
40.73257229 -111.85874364
40.73178948 -111.85978739
40.73022386 -111.86030926
40.72865824 -111.85978739
40.72683168 -111.85978739
40.72500513 -111.86004833
40.72317857 -111.86004833
40.72109108 -111.86004833
40.71893851 -111.86022335
40.7172186 -111.8610833
40.71564201 -111.86194326
40.71420875 -111.86237324
40.71291882 -111.86237324
40.71134224 -111.86208659
40.71033896 -111.86136996
40.709479 -111.86065333
40.70818907 -111.85950672
40.70718579 -111.85836011
40.70603918 -111.85735683
40.70460592 -111.85635355
40.70345931 -111.85549359
40.70216938 -111.85377368
40.70073612 -111.8521971
40.69858623 -111.85119382
40.69656303 -111.85091554
40.69447554 -111.84882805
40.69264898 -111.84752337
40.69082243 -111.84569681
40.68899587 -111.84517494
40.6863865 -111.84413119
40.6863865 -111.84308745
40.68325526 -111.84178276
40.68142871 -111.84073902
40.67986309 -111.83943433
40.67881934 -111.83812965
40.67777559 -111.83682497
40.67699278 -111.83604216
40.67542716 -111.83525935
40.67386155 -111.8342156
40.67260066 -111.83145183
40.67181785 -111.8291034
40.67103504 -111.82649403
40.67051316 -111.8241456
40.66973035 -111.82179717
40.66920848 -111.81997062
40.66868661 -111.81788312
40.66816473 -111.81579563
40.66764286 -111.81370814
40.66712099 -111.81188158
40.66659911 -111.81031596
40.66607724 -111.80927221
40.6658163 -111.80770659
40.6658163 -111.80718472
40.66346787 -111.80666285
40.66190225 -111.80640191
40.66059757 -111.80640191
40.65877101 -111.80666285
40.65720539 -111.80718472
40.65537884 -111.80744566
40.65433509 -111.80822847
40.65381322 -111.8084894
40.6522476 -111.8084894
40.65042104 -111.8084894
40.64859448 -111.80692378
40.64781167 -111.80588004
40.6472898 -111.80483629
40.64546325 -111.80353161
40.64363669 -111.80222692
40.64128826 -111.8006613
40.63972264 -111.79935662
40.63867889 -111.79857381
40.63580859 -111.79935662
40.63398203 -111.79961756
40.63189454 -111.79909568
40.62980705 -111.797791
40.62850236 -111.79648632
40.62667581 -111.79544257
40.62563206 -111.79439882
40.62432738 -111.79387695
40.62197895 -111.79361601
40.62067426 -111.79205039
40.61963052 -111.79074571
40.61910864 -111.78944103
40.61832583 -111.78787541
40.61623834 -111.7870926
40.61441178 -111.78761447
40.61206335 -111.78891916
40.60997586 -111.79048477
40.60814931 -111.79126758
40.60658369 -111.79257227
40.60501807 -111.79309414
40.6024087 -111.79309414
40.60058214 -111.79361601
40.59901652 -111.79361601
40.59771184 -111.7928332
40.59510247 -111.79205039
40.59379779 -111.79100665
40.59275404 -111.7899629
40.59118842 -111.78918009
40.58936187 -111.78891916
40.58727437 -111.79022384
40.58570875 -111.79178946
40.58336032 -111.79335508
40.58205564 -111.7949207
40.57913276 -111.79533507
40.57655842 -111.79533507
40.57501382 -111.7955925
40.57295434 -111.7955925
40.5711523 -111.79584994
40.5696077 -111.79584994
40.56806309 -111.79507764
40.56600362 -111.79430533
40.56420158 -111.79430533
40.56239954 -111.7948202
40.56085494 -111.79765198
40.55931033 -111.79816685
40.55776573 -111.79816685
40.55622112 -111.79945402
40.55441908 -111.79945402
40.55261705 -111.79971145
40.55107244 -111.80074119
40.54824067 -111.80202836
40.54669606 -111.8038304
40.54463659 -111.8061473
40.54334942 -111.80769191
40.54231968 -111.80923651
40.54128994 -111.81078112
40.53897304 -111.81232572
40.537171 -111.81361289
40.53536896 -111.81490006
40.53279462 -111.81901901
40.53099258 -111.82107848
40.52996284 -111.82416769
40.52790337 -111.8264846
40.52481416 -111.82905894
40.52249725 -111.83163328
40.52069521 -111.83369276
40.51837831 -111.8354948
40.51657627 -111.83652453
40.51425936 -111.8378117
40.51219989 -111.83909887
40.50936811 -111.83884144
40.5070512 -111.83884144  
40.5047343 -111.83806914
40.50267482 -111.83729683
40.50113022 -111.8362671
40.50010048 -111.83523736
40.49852614 -111.83361911
   1  3  3 2 1   Wasatch fault, Salt Lake City Warm Springs-section.M from SRL
  6.03    7.69E-4 0.04
  6.23    7.69E-4 0.12    1.6140054E+15
  6.43    7.69E-4 0.04
     35.0000    26.15  0.    12.0786
   74
40.84464726 -111.89552003
40.84198886 -111.89769508
40.84053882 -111.89987014
40.83933046 -111.90180352
40.83836377 -111.90349523
40.83618871 -111.90591196
40.83546369 -111.90591196
40.83425533 -111.90808702
40.83304696 -111.9100204
40.8318386 -111.91219545
40.82966354 -111.91292047
40.82797183 -111.91340382
40.82579678 -111.91412884
40.82386339 -111.91412884
40.82217168 -111.91437051
40.8202383 -111.91485386
40.81854659 -111.91557887
40.81709655 -111.91606222
40.81588819 -111.91727058
40.81395481 -111.91630389
40.81250477 -111.91485386
40.81081306 -111.91364549
40.80912135 -111.91292047
40.80742964 -111.91195378
40.80549626 -111.91074542
40.80380455 -111.90929538
40.80211284 -111.90808702
40.80042113 -111.90663698
40.79969611 -111.90567029
40.79897109 -111.90446192
40.79824607 -111.90349523
40.79727938 -111.90252854
40.79631269 -111.90180352
40.79486265 -111.90156185
40.79325674 -111.90107302
40.79265067 -111.90028513
40.79216581 -111.89967906
40.79168096 -111.8991942
40.79113549 -111.89876995
40.79052942 -111.89828509
40.78968092 -111.89810327
40.78907485 -111.89804267
40.7886506 -111.89798206
40.78810514 -111.89780024
40.78774149 -111.89743659
40.78737785 -111.89701234
40.78677178 -111.89646688
40.78622631 -111.89610324
40.78531721 -111.89555777
40.78465053 -111.89501231
40.78410506 -111.89434563
40.78362021 -111.89373956
40.78313535 -111.89319409
40.78283231 -111.89264863
40.78234746 -111.89234559
40.7818626 -111.89180013
40.78125653 -111.89137588
40.78065046 -111.89107284
40.7801656 -111.89083041
40.77955953 -111.89064859
40.7784686 -111.89034556
40.77768071 -111.89016374
40.77689281 -111.88998191
40.77610492 -111.88980009
40.77549885 -111.88973949
40.77477156 -111.88967888
40.77410489 -111.88973949
40.7733776 -111.88980009
40.77234728 -111.89004252
40.77161999 -111.89034556
40.77101392 -111.89058799
40.77040785 -111.89076981
40.77004421 -111.89083041
40.76889267 -111.89131527
   1  1  3 2 2   Wasatch fault, Salt Lake City tear flt
  4.2000    .000769 0.04
  4.4000    .000769 0.12
  4.6000    .000769 0.04
90. 5. 1.  5.
23
40.76889267 -111.89131527
40.76907449 -111.8890122
40.76938026 -111.88669604
40.76968056 -111.88470909
40.76999451 -111.8822427
40.77028664 -111.87973931
40.7704552 -111.87778936
40.77076233 -111.87579304
40.77101392 -111.87398163
40.77125635 -111.87131491
40.77155939 -111.86919366
40.77180181 -111.8669512
40.77223447 -111.86430908
40.77248435 -111.86181034
40.77285916 -111.85856199
40.77323397 -111.85587585
40.77354631 -111.85331464
40.77392112 -111.8504411
40.77410853 -111.84819223
40.77442087 -111.84544362
40.77460827 -111.84425672
40.77473321 -111.84300736
40.77498308 -111.84132071
   1  3  3 2 3   Wasatch fault, Salt Lake City East Bench&Cottonwood sections
  6.700    .000769 0.04
  6.900    .000769 0.12
  7.100    .000769 0.04
35. 26.15 0. 36.
186
40.77498308 -111.84132071
40.77392112 -111.84269501
40.77273422 -111.84419426
40.77148485 -111.84631818
40.77054783 -111.84756755
40.76967327 -111.84875445
40.76904859 -111.84975394
40.76829896 -111.85050356
40.76767428 -111.85150306
40.76698713 -111.85268996
40.76598763 -111.85462648
40.76505061 -111.85637559
40.76423852 -111.85768743
40.76330149 -111.85887433
40.76267681 -111.85956148
40.76180225 -111.86093579
40.76080276 -111.86187281
40.75999067 -111.86274737
40.75880377 -111.86343452
40.75761687 -111.8636844
40.75661737 -111.86362193
40.75568035 -111.86343452
40.75474332 -111.86293478
40.75386876 -111.86224762
40.75299421 -111.86174788
40.75211965 -111.86074838
40.7514325 -111.8601237
40.75068288 -111.85949901
40.75005819 -111.85899927
40.74770661 -111.85743896
40.74561912 -111.85691709
40.74431444 -111.85639521
40.74300976 -111.85587334
40.74144414 -111.85482959
40.73961758 -111.85456866
40.73726915 -111.85456866
40.73544259 -111.8556124
40.73387697 -111.85743896
40.73257229 -111.85874364
40.73178948 -111.85978739
40.73022386 -111.86030926
40.72865824 -111.85978739
40.72683168 -111.85978739
40.72500513 -111.86004833
40.72317857 -111.86004833
40.72109108 -111.86004833
40.71893851 -111.86022335
40.7172186 -111.8610833
40.71564201 -111.86194326
40.71420875 -111.86237324
40.71291882 -111.86237324
40.71134224 -111.86208659
40.71033896 -111.86136996
40.709479 -111.86065333
40.70818907 -111.85950672
40.70718579 -111.85836011
40.70603918 -111.85735683
40.70460592 -111.85635355
40.70345931 -111.85549359
40.70216938 -111.85377368
40.70073612 -111.8521971
40.69858623 -111.85119382
40.69656303 -111.85091554
40.69447554 -111.84882805
40.69264898 -111.84752337
40.69082243 -111.84569681
40.68899587 -111.84517494
40.6863865 -111.84413119
40.6863865 -111.84308745
40.68325526 -111.84178276
40.68142871 -111.84073902
40.67986309 -111.83943433
40.67881934 -111.83812965
40.67777559 -111.83682497
40.67699278 -111.83604216
40.67542716 -111.83525935
40.67386155 -111.8342156
40.67260066 -111.83145183
40.67181785 -111.8291034
40.67103504 -111.82649403
40.67051316 -111.8241456
40.66973035 -111.82179717
40.66920848 -111.81997062
40.66868661 -111.81788312
40.66816473 -111.81579563
40.66764286 -111.81370814
40.66712099 -111.81188158
40.66659911 -111.81031596
40.66607724 -111.80927221
40.6658163 -111.80770659
40.6658163 -111.80718472
40.66346787 -111.80666285
40.66190225 -111.80640191
40.66059757 -111.80640191
40.65877101 -111.80666285
40.65720539 -111.80718472
40.65537884 -111.80744566
40.65433509 -111.80822847
40.65381322 -111.8084894
40.6522476 -111.8084894
40.65042104 -111.8084894
40.64859448 -111.80692378
40.64781167 -111.80588004
40.6472898 -111.80483629
40.64546325 -111.80353161
40.64363669 -111.80222692
40.64128826 -111.8006613
40.63972264 -111.79935662
40.63867889 -111.79857381
40.63580859 -111.79935662
40.63398203 -111.79961756
40.63189454 -111.79909568
40.62980705 -111.797791
40.62850236 -111.79648632
40.62667581 -111.79544257
40.62563206 -111.79439882
40.62432738 -111.79387695
40.62197895 -111.79361601
40.62067426 -111.79205039
40.61963052 -111.79074571
40.61910864 -111.78944103
40.61832583 -111.78787541
40.61623834 -111.7870926
40.61441178 -111.78761447
40.61206335 -111.78891916
40.60997586 -111.79048477
40.60814931 -111.79126758
40.60658369 -111.79257227
40.60501807 -111.79309414
40.6024087 -111.79309414
40.60058214 -111.79361601
40.59901652 -111.79361601
40.59771184 -111.7928332
40.59510247 -111.79205039
40.59379779 -111.79100665
40.59275404 -111.7899629
40.59118842 -111.78918009
40.58936187 -111.78891916
40.58727437 -111.79022384
40.58570875 -111.79178946
40.58336032 -111.79335508
40.58205564 -111.7949207
40.57913276 -111.79533507
40.57655842 -111.79533507
40.57501382 -111.7955925
40.57295434 -111.7955925
40.5711523 -111.79584994
40.5696077 -111.79584994
40.56806309 -111.79507764
40.56600362 -111.79430533
40.56420158 -111.79430533
40.56239954 -111.7948202
40.56085494 -111.79765198
40.55931033 -111.79816685
40.55776573 -111.79816685
40.55622112 -111.79945402
40.55441908 -111.79945402
40.55261705 -111.79971145
40.55107244 -111.80074119
40.54824067 -111.80202836
40.54669606 -111.8038304
40.54463659 -111.8061473
40.54334942 -111.80769191
40.54231968 -111.80923651
40.54128994 -111.81078112
40.53897304 -111.81232572
40.537171 -111.81361289
40.53536896 -111.81490006
40.53279462 -111.81901901
40.53099258 -111.82107848
40.52996284 -111.82416769
40.52790337 -111.8264846
40.52481416 -111.82905894
40.52249725 -111.83163328
40.52069521 -111.83369276
40.51837831 -111.8354948
40.51657627 -111.83652453
40.51425936 -111.8378117
40.51219989 -111.83909887
40.50936811 -111.83884144
40.5070512 -111.83884144
40.5047343 -111.83806914
40.50267482 -111.83729683
40.50113022 -111.8362671
40.50010048 -111.83523736
40.49852614 -111.83361911
   1  3  3 3 1   Wasatch fault, Salt Lake City Warm Springs-section.M from SRL
  6.03    7.69E-4 0.04
  6.23    7.69E-4 0.12    1.6140054E+15
  6.43    7.69E-4 0.04
     65.0000    16.55  0.    12.0786
   74
40.84464726 -111.89552003
40.84198886 -111.89769508
40.84053882 -111.89987014
40.83933046 -111.90180352
40.83836377 -111.90349523
40.83618871 -111.90591196
40.83546369 -111.90591196
40.83425533 -111.90808702
40.83304696 -111.9100204
40.8318386 -111.91219545
40.82966354 -111.91292047
40.82797183 -111.91340382
40.82579678 -111.91412884
40.82386339 -111.91412884
40.82217168 -111.91437051
40.8202383 -111.91485386
40.81854659 -111.91557887
40.81709655 -111.91606222
40.81588819 -111.91727058
40.81395481 -111.91630389
40.81250477 -111.91485386
40.81081306 -111.91364549
40.80912135 -111.91292047
40.80742964 -111.91195378
40.80549626 -111.91074542
40.80380455 -111.90929538
40.80211284 -111.90808702
40.80042113 -111.90663698
40.79969611 -111.90567029
40.79897109 -111.90446192
40.79824607 -111.90349523
40.79727938 -111.90252854
40.79631269 -111.90180352
40.79486265 -111.90156185
40.79325674 -111.90107302
40.79265067 -111.90028513
40.79216581 -111.89967906
40.79168096 -111.8991942
40.79113549 -111.89876995
40.79052942 -111.89828509
40.78968092 -111.89810327
40.78907485 -111.89804267
40.7886506 -111.89798206
40.78810514 -111.89780024
40.78774149 -111.89743659
40.78737785 -111.89701234
40.78677178 -111.89646688
40.78622631 -111.89610324
40.78531721 -111.89555777
40.78465053 -111.89501231
40.78410506 -111.89434563
40.78362021 -111.89373956
40.78313535 -111.89319409
40.78283231 -111.89264863
40.78234746 -111.89234559
40.7818626 -111.89180013
40.78125653 -111.89137588
40.78065046 -111.89107284
40.7801656 -111.89083041
40.77955953 -111.89064859
40.7784686 -111.89034556
40.77768071 -111.89016374
40.77689281 -111.88998191
40.77610492 -111.88980009
40.77549885 -111.88973949
40.77477156 -111.88967888
40.77410489 -111.88973949
40.7733776 -111.88980009
40.77234728 -111.89004252
40.77161999 -111.89034556
40.77101392 -111.89058799
40.77040785 -111.89076981
40.77004421 -111.89083041
40.76889267 -111.89131527
   1  1  3 3 2   Wasatch fault, Salt Lake City tear flt
  4.200    .000769 0.04
  4.4000   .000769 0.12
  4.6000   .000769 0.04
90. 5. 1.  5.
23
40.76889267 -111.89131527
40.76907449 -111.8890122
40.76938026 -111.88669604
40.76968056 -111.88470909
40.76999451 -111.8822427
40.77028664 -111.87973931
40.7704552 -111.87778936
40.77076233 -111.87579304
40.77101392 -111.87398163
40.77125635 -111.87131491
40.77155939 -111.86919366
40.77180181 -111.8669512
40.77223447 -111.86430908
40.77248435 -111.86181034
40.77285916 -111.85856199
40.77323397 -111.85587585
40.77354631 -111.85331464
40.77392112 -111.8504411
40.77410853 -111.84819223
40.77442087 -111.84544362
40.77460827 -111.84425672
40.77473321 -111.84300736
40.77498308 -111.84132071
   1  3  3 3 3   Wasatch fault, Salt Lake City East Bench&Cottonwood sections
  6.700   .000769 0.04
  6.900   .000769 0.12
  7.100   .000769 0.04
65. 16.55 0. 36.
186
40.77498308 -111.84132071
40.77392112 -111.84269501
40.77273422 -111.84419426
40.77148485 -111.84631818
40.77054783 -111.84756755
40.76967327 -111.84875445
40.76904859 -111.84975394
40.76829896 -111.85050356
40.76767428 -111.85150306
40.76698713 -111.85268996
40.76598763 -111.85462648
40.76505061 -111.85637559
40.76423852 -111.85768743
40.76330149 -111.85887433
40.76267681 -111.85956148
40.76180225 -111.86093579
40.76080276 -111.86187281
40.75999067 -111.86274737
40.75880377 -111.86343452
40.75761687 -111.8636844
40.75661737 -111.86362193
40.75568035 -111.86343452
40.75474332 -111.86293478
40.75386876 -111.86224762
40.75299421 -111.86174788
40.75211965 -111.86074838
40.7514325 -111.8601237
40.75068288 -111.85949901
40.75005819 -111.85899927
40.74770661 -111.85743896
40.74561912 -111.85691709
40.74431444 -111.85639521
40.74300976 -111.85587334
40.74144414 -111.85482959
40.73961758 -111.85456866
40.73726915 -111.85456866
40.73544259 -111.8556124
40.73387697 -111.85743896
40.73257229 -111.85874364
40.73178948 -111.85978739
40.73022386 -111.86030926
40.72865824 -111.85978739
40.72683168 -111.85978739
40.72500513 -111.86004833
40.72317857 -111.86004833
40.72109108 -111.86004833
40.71893851 -111.86022335
40.7172186 -111.8610833
40.71564201 -111.86194326
40.71420875 -111.86237324
40.71291882 -111.86237324
40.71134224 -111.86208659
40.71033896 -111.86136996
40.709479 -111.86065333
40.70818907 -111.85950672
40.70718579 -111.85836011
40.70603918 -111.85735683
40.70460592 -111.85635355
40.70345931 -111.85549359
40.70216938 -111.85377368
40.70073612 -111.8521971
40.69858623 -111.85119382
40.69656303 -111.85091554
40.69447554 -111.84882805
40.69264898 -111.84752337
40.69082243 -111.84569681
40.68899587 -111.84517494
40.6863865 -111.84413119
40.6863865 -111.84308745
40.68325526 -111.84178276
40.68142871 -111.84073902
40.67986309 -111.83943433
40.67881934 -111.83812965
40.67777559 -111.83682497
40.67699278 -111.83604216
40.67542716 -111.83525935
40.67386155 -111.8342156
40.67260066 -111.83145183
40.67181785 -111.8291034
40.67103504 -111.82649403
40.67051316 -111.8241456
40.66973035 -111.82179717
40.66920848 -111.81997062
40.66868661 -111.81788312
40.66816473 -111.81579563
40.66764286 -111.81370814
40.66712099 -111.81188158
40.66659911 -111.81031596
40.66607724 -111.80927221
40.6658163 -111.80770659
40.6658163 -111.80718472
40.66346787 -111.80666285
40.66190225 -111.80640191
40.66059757 -111.80640191
40.65877101 -111.80666285
40.65720539 -111.80718472
40.65537884 -111.80744566
40.65433509 -111.80822847
40.65381322 -111.8084894
40.6522476 -111.8084894
40.65042104 -111.8084894
40.64859448 -111.80692378
40.64781167 -111.80588004
40.6472898 -111.80483629
40.64546325 -111.80353161
40.64363669 -111.80222692
40.64128826 -111.8006613
40.63972264 -111.79935662
40.63867889 -111.79857381
40.63580859 -111.79935662
40.63398203 -111.79961756
40.63189454 -111.79909568
40.62980705 -111.797791
40.62850236 -111.79648632
40.62667581 -111.79544257
40.62563206 -111.79439882
40.62432738 -111.79387695
40.62197895 -111.79361601
40.62067426 -111.79205039
40.61963052 -111.79074571
40.61910864 -111.78944103
40.61832583 -111.78787541
40.61623834 -111.7870926
40.61441178 -111.78761447
40.61206335 -111.78891916
40.60997586 -111.79048477
40.60814931 -111.79126758
40.60658369 -111.79257227
40.60501807 -111.79309414
40.6024087 -111.79309414
40.60058214 -111.79361601
40.59901652 -111.79361601
40.59771184 -111.7928332
40.59510247 -111.79205039
40.59379779 -111.79100665
40.59275404 -111.7899629
40.59118842 -111.78918009
40.58936187 -111.78891916
40.58727437 -111.79022384
40.58570875 -111.79178946
40.58336032 -111.79335508
40.58205564 -111.7949207
40.57913276 -111.79533507
40.57655842 -111.79533507
40.57501382 -111.7955925
40.57295434 -111.7955925
40.5711523 -111.79584994
40.5696077 -111.79584994
40.56806309 -111.79507764
40.56600362 -111.79430533
40.56420158 -111.79430533
40.56239954 -111.7948202
40.56085494 -111.79765198
40.55931033 -111.79816685
40.55776573 -111.79816685
40.55622112 -111.79945402
40.55441908 -111.79945402
40.55261705 -111.79971145
40.55107244 -111.80074119
40.54824067 -111.80202836
40.54669606 -111.8038304
40.54463659 -111.8061473
40.54334942 -111.80769191
40.54231968 -111.80923651
40.54128994 -111.81078112
40.53897304 -111.81232572
40.537171 -111.81361289
40.53536896 -111.81490006
40.53279462 -111.81901901
40.53099258 -111.82107848
40.52996284 -111.82416769
40.52790337 -111.8264846
40.52481416 -111.82905894
40.52249725 -111.83163328
40.52069521 -111.83369276
40.51837831 -111.8354948
40.51657627 -111.83652453
40.51425936 -111.8378117
40.51219989 -111.83909887
40.50936811 -111.83884144
40.5070512 -111.83884144
40.5047343 -111.83806914
40.50267482 -111.83729683
40.50113022 -111.8362671
40.50010048 -111.83523736
40.49852614 -111.83361911
