0			!Wasatch GR M-distribution w/Mmax uncert. Use hazFXnga7c. 
24.6 50. 0.05           !40, 50 &60 d dip uncert. combined here with final wts.    
-125. -100. 0.05
760.0 2.
1. 200.
3       wasatch gr with nga relations
0. 1. 0. PGA
0.375 0.210 0.245
0.230 0.225 0.23
0.400 0.360 0.31
../out//wasatch_08ssc_14gmpes.3dip.gr.pga
20
.005 .007 .0098 .0137 .0192 .0269 .0376 .0527 .0738 .103 .145 .203 .284 .397 .556 .778 1.09 1.52 2.2 3.3
6
35 0.18 1000.   0.0 0 CY2013
34 0.18 1000.   0.0 0 CB2013
33 0.18 1000.   0.0 0 BSSA2013
36 0.18 1000.   0.0 0 AS2013
37 0.18 1000.   0.0 0 ID2013
38 0.10 1000.   0.0 0 GK2013
0.20 1. 0. PSA
0.375 0.210 0.245
0.230 0.225 0.23
0.400 0.360 0.31
../out/wasatch_08ssc_14gmpes.3dip.gr.5hz
19
.005 .0075 .0113 .0169 .0253 .0380 .0570 .0854 .128 .192 .288 .432 .649 .973 1.46 2.19 3.28 4.92 7.38
6
35 0.18 1000.   0.0 0 CY2013
34 0.18 1000.   0.0 0 CB2013
33 0.18 1000.   0.0 0 BSSA2013
36 0.18 1000.   0.0 0 AS2013
37 0.18 1000.   0.0 0 ID2013
38 0.10 1000.   0.0 0 GK2013
1.00 1. 0. PSA
0.375 0.210 0.245
0.230 0.225 0.23
0.400 0.360 0.31
../out/wasatch_08ssc_14gmpes.3dip.gr.1hz
20
.0025 .00375 .00563 .00844 .0127 .0190 .0285 .0427 .0641 .0961 .144 .216 .324 .487 .730 1.09 1.64 2.46 3.69 5.54
6
35 0.18 1000.   0.0 0 CY2013
34 0.18 1000.   0.0 0 CB2013
33 0.18 1000.   0.0 0 BSSA2013
36 0.18 1000.   0.0 0 AS2013
37 0.18 1000.   0.0 0 ID2013
38 0.10 1000.   0.0 0 GK2013
1. 2.
3
-0.2 0. 0.2
0.2 0.6 0.2
0.0 1  no aleatory dM for Wasatch gr
 2 3 1 0    2351d Wasatch fault, Brigham City section, 50d dip
 2.29257  0.80  6.500  6.900 0.1000 0.108 0.43818E+17
 50.0 19.58112 0.0E+0 40.81485
 15
      41.65214     -112.04752
      41.64046     -112.05992
      41.63067     -112.05453
      41.61648     -112.05534
      41.61064     -112.04124
      41.56024     -112.01716
      41.55422     -112.01913
      41.52358     -111.99793
      41.49924     -111.98787
      41.44363     -112.02857
      41.42772     -112.02821
      41.41668     -112.02094
      41.38074     -112.02461
      41.35900     -111.98779
      41.33339     -111.96065
 2 3 1 0    2351e Wasatch fault, Weber section                
 2.11524  0.80  6.500  7.200 0.1167 0.108000 0.57617E+17
 50.0 19.58112 0.0E+0 62.612586
 37
      41.33339     -111.96065
      41.33681     -111.94044
      41.30689     -111.92992
      41.29494     -111.94115
      41.27724     -111.94834
      41.26287     -111.94646
      41.25982     -111.93900
      41.25011     -111.93747
      41.24068     -111.92696
      41.22289     -111.92885
      41.21490     -111.92345
      41.20852     -111.93208
      41.18687     -111.93882
      41.17968     -111.93621
      41.17680     -111.92822
      41.16468     -111.92400
      41.15093     -111.90612
      41.14275     -111.90755
      41.13144     -111.89749
      41.10376     -111.91007
      41.08526     -111.90360
      41.06810     -111.90998
      41.05570     -111.90315
      41.03926     -111.90648
      41.02920     -111.89893
      41.00458     -111.89516
      40.99928     -111.88438
      40.99173     -111.88474
      40.97709     -111.87395
      40.96370     -111.87135
      40.96083     -111.87872
      40.95454     -111.88024
      40.94601     -111.87350
      40.90486     -111.86452
      40.89058     -111.85185
      40.86614     -111.85599
      40.84943     -111.88626
 2 3 1 0    2351f Wasatch fault, Salt Lake City section       
 2.26023  0.80  6.500  7.000 0.1250 0.108000 0.44489E+17
 50.0 19.58112 0.0E+0 48.346221
 26
      40.84943     -111.88626
      40.84188     -111.89794
      40.83038     -111.91277
      40.81466     -111.91717
      40.78133     -111.89201
      40.76875     -111.89147
      40.75609     -111.86336
      40.74737     -111.85715
      40.73722     -111.85410
      40.73075     -111.85985
      40.71215     -111.86246
      40.68161     -111.84090
      40.67271     -111.83272
      40.67370     -111.80739
      40.65196     -111.80873
      40.63085     -111.79894
      40.61692     -111.78699
      40.60480     -111.79346
      40.59015     -111.78870
      40.58117     -111.79535
      40.56383     -111.79391
      40.54901     -111.80064
      40.52870     -111.82581
      40.51307     -111.83838
      40.50068     -111.83595
      40.49510     -111.82095
 2 3 1 0    2351g Wasatch fault, Provo section                
 2.03881  0.80  6.500  7.300 0.1000 0.108000 0.70976E+17
 50.0 19.58112 0.0E+0 77.13078
 38
      40.49510     -111.82095
      40.48576     -111.75303
      40.48127     -111.74593
      40.47606     -111.74378
      40.46025     -111.74980
      40.45539     -111.74548
      40.44489     -111.75249
      40.43437     -111.75231
      40.41524     -111.74100
      40.41101     -111.74279
      40.39772     -111.72671
      40.38460     -111.71988
      40.35388     -111.69086
      40.34184     -111.67532
      40.31318     -111.65619
      40.31192     -111.63768
      40.28775     -111.63130
      40.27805     -111.63454
      40.23448     -111.63085
      40.21220     -111.62321
      40.20924     -111.61620
      40.19468     -111.60848
      40.18956     -111.59833
      40.17267     -111.59635
      40.16710     -111.58081
      40.14895     -111.55502
      40.13305     -111.55009
      40.12730     -111.55754
      40.12128     -111.55511
      40.10053     -111.57093
      40.08427     -111.57191
      40.08364     -111.59590
      40.07160     -111.61800
      40.04860     -111.63454
      40.03252     -111.63067
      40.00629     -111.64289
      39.98652     -111.68853
      39.97161     -111.69257
 2 3 1 0    2351h Wasatch fault, Nephi section                
 2.20522  0.80  6.500  7.000 0.1250 0.108000 0.39195E+17
 50.0 19.58112 0.0E+0 46.46567
 17
      40.08454     -111.73309
      40.06729     -111.73461
      40.02758     -111.72114
      40.01213     -111.73165
      40.00027     -111.73327
      39.99228     -111.75114
      39.97673     -111.76220
      39.94439     -111.75707
      39.93136     -111.78510
      39.88240     -111.79095
      39.86731     -111.80388
      39.82859     -111.80640
      39.82257     -111.81170
      39.75070     -111.82778
      39.73282     -111.82760
      39.70668     -111.81574
      39.70012     -111.81951
 2 3 1 0    2351i Wasatch fault, Levan section                
 1.56260  0.80  6.500  6.800 0.0750 0.108000 0.74751E+16
 50.0 19.58112 0.0E+0 32.49309
 14
      39.64343     -111.82679
      39.62411     -111.81987
      39.57407     -111.82086
      39.55045     -111.83128
      39.52718     -111.86129
      39.50570     -111.85922
      39.48882     -111.87090
      39.47929     -111.88339
      39.45719     -111.88438
      39.43356     -111.91250
      39.42117     -111.91402
      39.41820     -111.91986
      39.38640     -111.91843
      39.38074     -111.92184
 2 3 1 0    2351d Wasatch fault, Brigham City section         
 2.44494  0.80  6.500  6.900 0.1000 0.0360000 0.62234E+17
 40.0 23.33587 0.0E+0 40.81485
 15
      41.65214     -112.04752
      41.64046     -112.05992
      41.63067     -112.05453
      41.61648     -112.05534
      41.61064     -112.04124
      41.56024     -112.01716
      41.55422     -112.01913
      41.52358     -111.99793
      41.49924     -111.98787
      41.44363     -112.02857
      41.42772     -112.02821
      41.41668     -112.02094
      41.38074     -112.02461
      41.35900     -111.98779
      41.33339     -111.96065
 2 3 1 0    2351e Wasatch fault, Weber section                
 2.26761  0.80  6.500  7.200 0.1167 0.0360000 0.81832E+17
 40.0 23.33587 0.0E+0 62.612586
 37
      41.33339     -111.96065
      41.33681     -111.94044
      41.30689     -111.92992
      41.29494     -111.94115
      41.27724     -111.94834
      41.26287     -111.94646
      41.25982     -111.93900
      41.25011     -111.93747
      41.24068     -111.92696
      41.22289     -111.92885
      41.21490     -111.92345
      41.20852     -111.93208
      41.18687     -111.93882
      41.17968     -111.93621
      41.17680     -111.92822
      41.16468     -111.92400
      41.15093     -111.90612
      41.14275     -111.90755
      41.13144     -111.89749
      41.10376     -111.91007
      41.08526     -111.90360
      41.06810     -111.90998
      41.05570     -111.90315
      41.03926     -111.90648
      41.02920     -111.89893
      41.00458     -111.89516
      40.99928     -111.88438
      40.99173     -111.88474
      40.97709     -111.87395
      40.96370     -111.87135
      40.96083     -111.87872
      40.95454     -111.88024
      40.94601     -111.87350
      40.90486     -111.86452
      40.89058     -111.85185
      40.86614     -111.85599
      40.84943     -111.88626
 2 3 1 0    2351f Wasatch fault, Salt Lake City section       
 2.41261  0.80  6.500  7.000 0.1250 0.0360000 0.63186E+17
 40.0 23.33587 0.0E+0 48.346221
 26
      40.84943     -111.88626
      40.84188     -111.89794
      40.83038     -111.91277
      40.81466     -111.91717
      40.78133     -111.89201
      40.76875     -111.89147
      40.75609     -111.86336
      40.74737     -111.85715
      40.73722     -111.85410
      40.73075     -111.85985
      40.71215     -111.86246
      40.68161     -111.84090
      40.67271     -111.83272
      40.67370     -111.80739
      40.65196     -111.80873
      40.63085     -111.79894
      40.61692     -111.78699
      40.60480     -111.79346
      40.59015     -111.78870
      40.58117     -111.79535
      40.56383     -111.79391
      40.54901     -111.80064
      40.52870     -111.82581
      40.51307     -111.83838
      40.50068     -111.83595
      40.49510     -111.82095
 2 3 1 0    2351g Wasatch fault, Provo section                
 2.19119  0.80  6.500  7.300 0.1000 0.0360000 0.10081E+18
 40.0 23.33587 0.0E+0 77.13078
 38
      40.49510     -111.82095
      40.48576     -111.75303
      40.48127     -111.74593
      40.47606     -111.74378
      40.46025     -111.74980
      40.45539     -111.74548
      40.44489     -111.75249
      40.43437     -111.75231
      40.41524     -111.74100
      40.41101     -111.74279
      40.39772     -111.72671
      40.38460     -111.71988
      40.35388     -111.69086
      40.34184     -111.67532
      40.31318     -111.65619
      40.31192     -111.63768
      40.28775     -111.63130
      40.27805     -111.63454
      40.23448     -111.63085
      40.21220     -111.62321
      40.20924     -111.61620
      40.19468     -111.60848
      40.18956     -111.59833
      40.17267     -111.59635
      40.16710     -111.58081
      40.14895     -111.55502
      40.13305     -111.55009
      40.12730     -111.55754
      40.12128     -111.55511
      40.10053     -111.57093
      40.08427     -111.57191
      40.08364     -111.59590
      40.07160     -111.61800
      40.04860     -111.63454
      40.03252     -111.63067
      40.00629     -111.64289
      39.98652     -111.68853
      39.97161     -111.69257
 2 3 1 0    2351h Wasatch fault, Nephi section                
 2.35759  0.80  6.500  7.000 0.1250 0.0360000 0.55668E+17
 40.0 23.33587 0.0E+0 46.46567
 17
      40.08454     -111.73309
      40.06729     -111.73461
      40.02758     -111.72114
      40.01213     -111.73165
      40.00027     -111.73327
      39.99228     -111.75114
      39.97673     -111.76220
      39.94439     -111.75707
      39.93136     -111.78510
      39.88240     -111.79095
      39.86731     -111.80388
      39.82859     -111.80640
      39.82257     -111.81170
      39.75070     -111.82778
      39.73282     -111.82760
      39.70668     -111.81574
      39.70012     -111.81951
 2 3 1 0    2351i Wasatch fault, Levan section                
 1.71497  0.80  6.500  6.800 0.0750 0.0360000 0.10617E+17
 40.0 23.33587 0.0E+0 32.49309
 14
      39.64343     -111.82679
      39.62411     -111.81987
      39.57407     -111.82086
      39.55045     -111.83128
      39.52718     -111.86129
      39.50570     -111.85922
      39.48882     -111.87090
      39.47929     -111.88339
      39.45719     -111.88438
      39.43356     -111.91250
      39.42117     -111.91402
      39.41820     -111.91986
      39.38640     -111.91843
      39.38074     -111.92184
 2 3 1 0    2351d Wasatch fault, Brigham City section         
 2.18601  0.80  6.500  6.900 0.1000 0.0360000 0.34285E+17
 60.0 17.320515 0.0E+0 40.81485
 15
      41.65214     -112.04752
      41.64046     -112.05992
      41.63067     -112.05453
      41.61648     -112.05534
      41.61064     -112.04124
      41.56024     -112.01716
      41.55422     -112.01913
      41.52358     -111.99793
      41.49924     -111.98787
      41.44363     -112.02857
      41.42772     -112.02821
      41.41668     -112.02094
      41.38074     -112.02461
      41.35900     -111.98779
      41.33339     -111.96065
 2 3 1 0    2351e Wasatch fault, Weber section                
 2.00869  0.80  6.500  7.200 0.1167 0.0360000 0.45081E+17
 60.0 17.320515 0.0E+0 62.612586
 37
      41.33339     -111.96065
      41.33681     -111.94044
      41.30689     -111.92992
      41.29494     -111.94115
      41.27724     -111.94834
      41.26287     -111.94646
      41.25982     -111.93900
      41.25011     -111.93747
      41.24068     -111.92696
      41.22289     -111.92885
      41.21490     -111.92345
      41.20852     -111.93208
      41.18687     -111.93882
      41.17968     -111.93621
      41.17680     -111.92822
      41.16468     -111.92400
      41.15093     -111.90612
      41.14275     -111.90755
      41.13144     -111.89749
      41.10376     -111.91007
      41.08526     -111.90360
      41.06810     -111.90998
      41.05570     -111.90315
      41.03926     -111.90648
      41.02920     -111.89893
      41.00458     -111.89516
      40.99928     -111.88438
      40.99173     -111.88474
      40.97709     -111.87395
      40.96370     -111.87135
      40.96083     -111.87872
      40.95454     -111.88024
      40.94601     -111.87350
      40.90486     -111.86452
      40.89058     -111.85185
      40.86614     -111.85599
      40.84943     -111.88626
 2 3 1 0    2351f Wasatch fault, Salt Lake City section       
 2.15368  0.80  6.500  7.000 0.1250 0.0360000 0.34809E+17
 60.0 17.320515 0.0E+0 48.346221
 26
      40.84943     -111.88626
      40.84188     -111.89794
      40.83038     -111.91277
      40.81466     -111.91717
      40.78133     -111.89201
      40.76875     -111.89147
      40.75609     -111.86336
      40.74737     -111.85715
      40.73722     -111.85410
      40.73075     -111.85985
      40.71215     -111.86246
      40.68161     -111.84090
      40.67271     -111.83272
      40.67370     -111.80739
      40.65196     -111.80873
      40.63085     -111.79894
      40.61692     -111.78699
      40.60480     -111.79346
      40.59015     -111.78870
      40.58117     -111.79535
      40.56383     -111.79391
      40.54901     -111.80064
      40.52870     -111.82581
      40.51307     -111.83838
      40.50068     -111.83595
      40.49510     -111.82095
 2 3 1 0    2351g Wasatch fault, Provo section                
 1.93226  0.80  6.500  7.300 0.1000 0.0360000 0.55534E+17
 60.0 17.320515 0.0E+0 77.13078
 38
      40.49510     -111.82095
      40.48576     -111.75303
      40.48127     -111.74593
      40.47606     -111.74378
      40.46025     -111.74980
      40.45539     -111.74548
      40.44489     -111.75249
      40.43437     -111.75231
      40.41524     -111.74100
      40.41101     -111.74279
      40.39772     -111.72671
      40.38460     -111.71988
      40.35388     -111.69086
      40.34184     -111.67532
      40.31318     -111.65619
      40.31192     -111.63768
      40.28775     -111.63130
      40.27805     -111.63454
      40.23448     -111.63085
      40.21220     -111.62321
      40.20924     -111.61620
      40.19468     -111.60848
      40.18956     -111.59833
      40.17267     -111.59635
      40.16710     -111.58081
      40.14895     -111.55502
      40.13305     -111.55009
      40.12730     -111.55754
      40.12128     -111.55511
      40.10053     -111.57093
      40.08427     -111.57191
      40.08364     -111.59590
      40.07160     -111.61800
      40.04860     -111.63454
      40.03252     -111.63067
      40.00629     -111.64289
      39.98652     -111.68853
      39.97161     -111.69257
 2 3 1 0    2351h Wasatch fault, Nephi section                
 2.09866  0.80  6.500  7.000 0.1250 0.0360000 0.30667E+17
 60.0 17.320515 0.0E+0 46.46567
 17
      40.08454     -111.73309
      40.06729     -111.73461
      40.02758     -111.72114
      40.01213     -111.73165
      40.00027     -111.73327
      39.99228     -111.75114
      39.97673     -111.76220
      39.94439     -111.75707
      39.93136     -111.78510
      39.88240     -111.79095
      39.86731     -111.80388
      39.82859     -111.80640
      39.82257     -111.81170
      39.75070     -111.82778
      39.73282     -111.82760
      39.70668     -111.81574
      39.70012     -111.81951
 2 3 1 0    2351i Wasatch fault, Levan section                
 1.45605  0.80  6.500  6.800 0.0750 0.0360000 0.58488E+16
 60.0 17.320515 0.0E+0 32.49309
 14
      39.64343     -111.82679
      39.62411     -111.81987
      39.57407     -111.82086
      39.55045     -111.83128
      39.52718     -111.86129
      39.50570     -111.85922
      39.48882     -111.87090
      39.47929     -111.88339
      39.45719     -111.88438
      39.43356     -111.91250
      39.42117     -111.91402
      39.41820     -111.91986
      39.38640     -111.91843
      39.38074     -111.92184
