0               !Use with hazFX. Characteristic-M fault file 
24.6 50. 0.05           !site grid. Using M=M(SRL) Wells and Co. except special situations 
-125. -100. 0.05
760.0 2.0          ! Vs30 and depth (km) to 2.5 km/s rock
1. 200.
3       !3 spectral periods.  M<6.5 sources are in a separate file
0. 1. 0. PGA. 
0.375 0.210 0.245
0.230 0.225 0.23
0.400 0.360 0.31
../out/zeng_geod.Wasatch.char.pga
20
.005 .007 .0098 .0137 .0192 .0269 .0376 .0527 .0738 .103 .145 .203 .284 .397 .556 .778 1.09 1.52 2.2 3.3
6
35 0.18 1000.   0.0 0 CY2013
34 0.18 1000.   0.0 0 CB2013
33 0.18 1000.   0.0 0 BSSA2013
36 0.18 1000.   0.0 0 AS2013
37 0.18 1000.   0.0 0 ID2013
38 0.10 1000.   0.0 0 GK2013
0.20 1. 0. PSA
0.375 0.210 0.245
0.230 0.225 0.23
0.400 0.360 0.31
../out/zeng_geod.Wasatch.char.5hz
19
.005 .0075 .0113 .0169 .0253 .0380 .0570 .0854 .128 .192 .288 .432 .649 .973 1.46 2.19 3.28 4.92 7.38
6
35 0.18 1000.   0.0 0 CY2013
34 0.18 1000.   0.0 0 CB2013
33 0.18 1000.   0.0 0 BSSA2013
36 0.18 1000.   0.0 0 AS2013
37 0.18 1000.   0.0 0 ID2013
38 0.10 1000.   0.0 0 GK2013
1.00 1. 0. PSA
0.375 0.210 0.245
0.230 0.225 0.23
0.400 0.360 0.31
../out/zeng_geod.Wasatch.char.1hz
20
.0025 .00375 .00563 .00844 .0127 .0190 .0285 .0427 .0641 .0961 .144 .216 .324 .487 .730 1.09 1.64 2.46 3.69 5.54
6
35 0.18 1000.   0.0 0 CY2013
34 0.18 1000.   0.0 0 CB2013
33 0.18 1000.   0.0 0 BSSA2013
36 0.18 1000.   0.0 0 AS2013
37 0.18 1000.   0.0 0 ID2013
38 0.10 1000.   0.0 0 GK2013
1.  1.
3               !3 branches on Magnitude epistemic variability
-.2 0. .2           ! -dM, 0, + dM epistemic mag variability. Branches have same moment rate
.2 .6 .2          !Weights assigned to epistemic mag variability branches
0.12 5          !M aleatory variability, sigma=0.12, 5 steps on either side of 0, each sigma*0.4           
1           3           1           0    2351d Wasatch fault, Brigham City section         
 6.900 0.0015201 0.6000 0.38184E+17
   50.000000       19.581120       0.0000000       40.814560    
          15
      41.65207     -112.04831
      41.64040     -112.06071
      41.63060     -112.05531
      41.61641     -112.05612
      41.61057     -112.04202
      41.56017     -112.01794
      41.55415     -112.01991
      41.52352     -111.99871
      41.49917     -111.98865
      41.44356     -112.02935
      41.42766     -112.02898
      41.41661     -112.02171
      41.38068     -112.02539
      41.35894     -111.98856
      41.33334     -111.96143
           1           3           1           0    2351d Wasatch fault, Brigham City section         
 6.900 0.0015201 0.2000 0.32274E+17
   65.000000       16.550674       0.0000000       40.814560    
          15
      41.65207     -112.04831
      41.64040     -112.06071
      41.63060     -112.05531
      41.61641     -112.05612
      41.61057     -112.04202
      41.56017     -112.01794
      41.55415     -112.01991
      41.52352     -111.99871
      41.49917     -111.98865
      41.44356     -112.02935
      41.42766     -112.02898
      41.41661     -112.02171
      41.38068     -112.02539
      41.35894     -111.98856
      41.33334     -111.96143
           1           3           1           0    2351d Wasatch fault, Brigham City section         
 6.900 0.0015201 0.2000 0.50997E+17
   35.000000       26.151720       0.0000000       40.814560    
          15
      41.65207     -112.04831
      41.64040     -112.06071
      41.63060     -112.05531
      41.61641     -112.05612
      41.61057     -112.04202
      41.56017     -112.01794
      41.55415     -112.01991
      41.52352     -111.99871
      41.49917     -111.98865
      41.44356     -112.02935
      41.42766     -112.02898
      41.41661     -112.02171
      41.38068     -112.02539
      41.35894     -111.98856
      41.33334     -111.96143
           1           3           1           0    2351e Wasatch fault, Weber section                
 6.900 0.0024347 0.6000 0.61158E+17
   50.000000       19.581120       0.0000000       61.348751    
          36
      41.33334     -111.96143
      41.30683     -111.93070
      41.29488     -111.94193
      41.27719     -111.94912
      41.26281     -111.94723
      41.25976     -111.93977
      41.25006     -111.93825
      41.24062     -111.92773
      41.22284     -111.92962
      41.21484     -111.92423
      41.20846     -111.93285
      41.18681     -111.93959
      41.17962     -111.93699
      41.17675     -111.92899
      41.16462     -111.92477
      41.15088     -111.90689
      41.14270     -111.90833
      41.13138     -111.89827
      41.10371     -111.91084
      41.08520     -111.90437
      41.06804     -111.91075
      41.05564     -111.90392
      41.03920     -111.90725
      41.02914     -111.89970
      41.00452     -111.89593
      40.99923     -111.88515
      40.99168     -111.88551
      40.97704     -111.87473
      40.96365     -111.87212
      40.96077     -111.87949
      40.95449     -111.88102
      40.94595     -111.87428
      40.90480     -111.86530
      40.89052     -111.85262
      40.86609     -111.85676
      40.84938     -111.88703
           1           3           1           0    2351e Wasatch fault, Weber section                
 6.900 0.0024347 0.2000 0.51693E+17
   65.000000       16.550674       0.0000000       61.348751    
          36
      41.33334     -111.96143
      41.30683     -111.93070
      41.29488     -111.94193
      41.27719     -111.94912
      41.26281     -111.94723
      41.25976     -111.93977
      41.25006     -111.93825
      41.24062     -111.92773
      41.22284     -111.92962
      41.21484     -111.92423
      41.20846     -111.93285
      41.18681     -111.93959
      41.17962     -111.93699
      41.17675     -111.92899
      41.16462     -111.92477
      41.15088     -111.90689
      41.14270     -111.90833
      41.13138     -111.89827
      41.10371     -111.91084
      41.08520     -111.90437
      41.06804     -111.91075
      41.05564     -111.90392
      41.03920     -111.90725
      41.02914     -111.89970
      41.00452     -111.89593
      40.99923     -111.88515
      40.99168     -111.88551
      40.97704     -111.87473
      40.96365     -111.87212
      40.96077     -111.87949
      40.95449     -111.88102
      40.94595     -111.87428
      40.90480     -111.86530
      40.89052     -111.85262
      40.86609     -111.85676
      40.84938     -111.88703
           1           3           1           0    2351e Wasatch fault, Weber section                
 6.900 0.0024347 0.2000 0.81680E+17
   35.000000       26.151720       0.0000000       61.348751    
          36
      41.33334     -111.96143
      41.30683     -111.93070
      41.29488     -111.94193
      41.27719     -111.94912
      41.26281     -111.94723
      41.25976     -111.93977
      41.25006     -111.93825
      41.24062     -111.92773
      41.22284     -111.92962
      41.21484     -111.92423
      41.20846     -111.93285
      41.18681     -111.93959
      41.17962     -111.93699
      41.17675     -111.92899
      41.16462     -111.92477
      41.15088     -111.90689
      41.14270     -111.90833
      41.13138     -111.89827
      41.10371     -111.91084
      41.08520     -111.90437
      41.06804     -111.91075
      41.05564     -111.90392
      41.03920     -111.90725
      41.02914     -111.89970
      41.00452     -111.89593
      40.99923     -111.88515
      40.99168     -111.88551
      40.97704     -111.87473
      40.96365     -111.87212
      40.96077     -111.87949
      40.95449     -111.88102
      40.94595     -111.87428
      40.90480     -111.86530
      40.89052     -111.85262
      40.86609     -111.85676
      40.84938     -111.88703
           1           3           1           0    2351f Wasatch fault, Salt Lake City section       
 7.000 0.0012017 0.6000 0.42637E+17
   50.000000       19.581120       0.0000000       48.348984    
          26
      40.84938     -111.88703
      40.84183     -111.89871
      40.83033     -111.91354
      40.81461     -111.91794
      40.78128     -111.89278
      40.76870     -111.89224
      40.75603     -111.86412
      40.74732     -111.85793
      40.73717     -111.85487
      40.73070     -111.86062
      40.71210     -111.86323
      40.68156     -111.84166
      40.67266     -111.83349
      40.67365     -111.80815
      40.65191     -111.80950
      40.63080     -111.79971
      40.61687     -111.78776
      40.60474     -111.79423
      40.59010     -111.78947
      40.58112     -111.79611
      40.56378     -111.79468
      40.54896     -111.80141
      40.52865     -111.82657
      40.51302     -111.83914
      40.50062     -111.83672
      40.49505     -111.82172
           1           3           1           0    2351f Wasatch fault, Salt Lake City section       
 7.000 0.0012017 0.2000 0.36039E+17
   65.000000       16.550674       0.0000000       48.348984    
          26
      40.84938     -111.88703
      40.84183     -111.89871
      40.83033     -111.91354
      40.81461     -111.91794
      40.78128     -111.89278
      40.76870     -111.89224
      40.75603     -111.86412
      40.74732     -111.85793
      40.73717     -111.85487
      40.73070     -111.86062
      40.71210     -111.86323
      40.68156     -111.84166
      40.67266     -111.83349
      40.67365     -111.80815
      40.65191     -111.80950
      40.63080     -111.79971
      40.61687     -111.78776
      40.60474     -111.79423
      40.59010     -111.78947
      40.58112     -111.79611
      40.56378     -111.79468
      40.54896     -111.80141
      40.52865     -111.82657
      40.51302     -111.83914
      40.50062     -111.83672
      40.49505     -111.82172
           1           3           1           0    2351f Wasatch fault, Salt Lake City section       
 7.000 0.0012017 0.2000 0.56945E+17
   35.000000       26.151720       0.0000000       48.348984    
          26
      40.84938     -111.88703
      40.84183     -111.89871
      40.83033     -111.91354
      40.81461     -111.91794
      40.78128     -111.89278
      40.76870     -111.89224
      40.75603     -111.86412
      40.74732     -111.85793
      40.73717     -111.85487
      40.73070     -111.86062
      40.71210     -111.86323
      40.68156     -111.84166
      40.67266     -111.83349
      40.67365     -111.80815
      40.65191     -111.80950
      40.63080     -111.79971
      40.61687     -111.78776
      40.60474     -111.79423
      40.59010     -111.78947
      40.58112     -111.79611
      40.56378     -111.79468
      40.54896     -111.80141
      40.52865     -111.82657
      40.51302     -111.83914
      40.50062     -111.83672
      40.49505     -111.82172
           1           3           1           0    2351g Wasatch fault, Provo section                
 7.300 0.0011447 0.6000 0.11447E+18
   50.000000       19.581120       0.0000000       76.945709    
          37
      40.49505     -111.82172
      40.48571     -111.75380
      40.48122     -111.74670
      40.47601     -111.74454
      40.46020     -111.75056
      40.45535     -111.74625
      40.44484     -111.75326
      40.43432     -111.75307
      40.41519     -111.74175
      40.41096     -111.74355
      40.39767     -111.72747
      40.38455     -111.72064
      40.35383     -111.69162
      40.34179     -111.67608
      40.31313     -111.65694
      40.31187     -111.63844
      40.28771     -111.63206
      40.27801     -111.63529
      40.23444     -111.63161
      40.21215     -111.62397
      40.20919     -111.61696
      40.19464     -111.60923
      40.18952     -111.59908
      40.17263     -111.59711
      40.16706     -111.58156
      40.14891     -111.55578
      40.13301     -111.55083
      40.12726     -111.55829
      40.12124     -111.55586
      40.10049     -111.57168
      40.08422     -111.57267
      40.07156     -111.61876
      40.04856     -111.63529
      40.03248     -111.63142
      40.00624     -111.64365
      39.98648     -111.68929
      39.97157     -111.69333
           1           3           1           0    2351g Wasatch fault, Provo section                
 7.300 0.0011447 0.2000 0.96754E+17
   65.000000       16.550674       0.0000000       76.945709    
          37
      40.49505     -111.82172
      40.48571     -111.75380
      40.48122     -111.74670
      40.47601     -111.74454
      40.46020     -111.75056
      40.45535     -111.74625
      40.44484     -111.75326
      40.43432     -111.75307
      40.41519     -111.74175
      40.41096     -111.74355
      40.39767     -111.72747
      40.38455     -111.72064
      40.35383     -111.69162
      40.34179     -111.67608
      40.31313     -111.65694
      40.31187     -111.63844
      40.28771     -111.63206
      40.27801     -111.63529
      40.23444     -111.63161
      40.21215     -111.62397
      40.20919     -111.61696
      40.19464     -111.60923
      40.18952     -111.59908
      40.17263     -111.59711
      40.16706     -111.58156
      40.14891     -111.55578
      40.13301     -111.55083
      40.12726     -111.55829
      40.12124     -111.55586
      40.10049     -111.57168
      40.08422     -111.57267
      40.07156     -111.61876
      40.04856     -111.63529
      40.03248     -111.63142
      40.00624     -111.64365
      39.98648     -111.68929
      39.97157     -111.69333
           1           3           1           0    2351g Wasatch fault, Provo section                
 7.300 0.0011447 0.2000 0.15288E+18
   35.000000       26.151720       0.0000000       76.945709    
          37
      40.49505     -111.82172
      40.48571     -111.75380
      40.48122     -111.74670
      40.47601     -111.74454
      40.46020     -111.75056
      40.45535     -111.74625
      40.44484     -111.75326
      40.43432     -111.75307
      40.41519     -111.74175
      40.41096     -111.74355
      40.39767     -111.72747
      40.38455     -111.72064
      40.35383     -111.69162
      40.34179     -111.67608
      40.31313     -111.65694
      40.31187     -111.63844
      40.28771     -111.63206
      40.27801     -111.63529
      40.23444     -111.63161
      40.21215     -111.62397
      40.20919     -111.61696
      40.19464     -111.60923
      40.18952     -111.59908
      40.17263     -111.59711
      40.16706     -111.58156
      40.14891     -111.55578
      40.13301     -111.55083
      40.12726     -111.55829
      40.12124     -111.55586
      40.10049     -111.57168
      40.08422     -111.57267
      40.07156     -111.61876
      40.04856     -111.63529
      40.03248     -111.63142
      40.00624     -111.64365
      39.98648     -111.68929
      39.97157     -111.69333
           1           3           1           0    2351h Wasatch fault, Nephi section                
 7.000 0.0006126 0.6000 0.21736E+17
   50.000000       19.581120       0.0000000       46.466869    
          17
      40.08449     -111.73385
      40.06725     -111.73537
      40.02753     -111.72190
      40.01208     -111.73241
      40.00023     -111.73403
      39.99223     -111.75191
      39.97668     -111.76296
      39.94434     -111.75784
      39.93132     -111.78587
      39.88235     -111.79171
      39.86726     -111.80465
      39.82854     -111.80716
      39.82252     -111.81246
      39.75065     -111.82854
      39.73277     -111.82836
      39.70663     -111.81651
      39.70007     -111.82027
           1           3           1           0    2351h Wasatch fault, Nephi section                
 7.000 0.0006126 0.2000 0.18372E+17
   65.000000       16.550674       0.0000000       46.466869    
          17
      40.08449     -111.73385
      40.06725     -111.73537
      40.02753     -111.72190
      40.01208     -111.73241
      40.00023     -111.73403
      39.99223     -111.75191
      39.97668     -111.76296
      39.94434     -111.75784
      39.93132     -111.78587
      39.88235     -111.79171
      39.86726     -111.80465
      39.82854     -111.80716
      39.82252     -111.81246
      39.75065     -111.82854
      39.73277     -111.82836
      39.70663     -111.81651
      39.70007     -111.82027
           1           3           1           0    2351h Wasatch fault, Nephi section                
 7.000 0.0006126 0.2000 0.29030E+17
   35.000000       26.151720       0.0000000       46.466869    
          17
      40.08449     -111.73385
      40.06725     -111.73537
      40.02753     -111.72190
      40.01208     -111.73241
      40.00023     -111.73403
      39.99223     -111.75191
      39.97668     -111.76296
      39.94434     -111.75784
      39.93132     -111.78587
      39.88235     -111.79171
      39.86726     -111.80465
      39.82854     -111.80716
      39.82252     -111.81246
      39.75065     -111.82854
      39.73277     -111.82836
      39.70663     -111.81651
      39.70007     -111.82027
           1           3           1           0    2351i Wasatch fault, Levan section                
 6.800 0.0016936 0.6000 0.30117E+17
   50.000000       19.581120       0.0000000       98.185020    
           5
      39.64339     -111.82755
      39.62407     -111.82063
      39.57403     -111.82162
      39.57300     -111.82410
      38.76230     -111.81930
           1           3           1           0    2351i Wasatch fault, Levan section                
 6.800 0.0016936 0.2000 0.25456E+17
   65.000000       16.550674       0.0000000       98.185020    
           5
      39.64339     -111.82755
      39.62407     -111.82063
      39.57403     -111.82162
      39.57300     -111.82410
      38.76230     -111.81930
           1           3           1           0    2351i Wasatch fault, Levan section                
 6.800 0.0016936 0.2000 0.40223E+17
   35.000000       26.151720       0.0000000       98.185020    
           5
      39.64339     -111.82755
      39.62407     -111.82063
      39.57403     -111.82162
      39.57300     -111.82410
      38.76230     -111.81930
