0               !Use with hazFX. Characteristic-M fault file 
24.6 50. 0.05           !site grid. Using M=M(SRL) Wells and Co. except special situations 
-125. -100. 0.05
760.0 2.0          ! Vs30 and depth (km) to 2.5 km/s rock
1.0 300.
3       !3 spectral periods.  M<6.5 sources are in a separate file
0. 1. 0. PGA. 
0.370 0.220 0.220
0.250 0.230 0.230
0.400 0.360 0.330
../out/WC_6gmpes.NV.normal.65.pga
20
.005 .007 .0098 .0137 .0192 .0269 .0376 .0527 .0738 .103 .145 .203 .284 .397 .556 .778 1.09 1.52 2.2 3.3
6
35 0.20 1000.   0.0 0 CY2013
34 0.20 1000.   0.0 0 CB2013
33 0.10 1000.   0.0 0 BSSA2013
36 0.20 1000.   0.0 0 AS2013
37 0.20 1000.   0.0 0 ID2013
38 0.10 1000.   0.0 0 GK2013
0.20 1. 0. PSA
0.370 0.220 0.220
0.250 0.230 0.230
0.400 0.360 0.330
../out/WC_6gmpes.NV.normal.65.5hz
19
.005 .0075 .0113 .0169 .0253 .0380 .0570 .0854 .128 .192 .288 .432 .649 .973 1.46 2.19 3.28 4.92 7.38
6
35 0.20 1000.   0.0 0 CY2013
34 0.20 1000.   0.0 0 CB2013
33 0.10 1000.   0.0 0 BSSA2013
36 0.20 1000.   0.0 0 AS2013
37 0.20 1000.   0.0 0 ID2013
38 0.10 1000.   0.0 0 GK2013
1.00 1. 0. PSA
0.370 0.220 0.220
0.250 0.230 0.230
0.400 0.360 0.330
../out/WC_6gmpes.NV.normal.65.1hz
20
.0025 .00375 .00563 .00844 .0127 .0190 .0285 .0427 .0641 .0961 .144 .216 .324 .487 .730 1.09 1.64 2.46 3.69 5.54
6
35 0.20 1000.   0.0 0 CY2013
34 0.20 1000.   0.0 0 CB2013
33 0.10 1000.   0.0 0 BSSA2013
36 0.20 1000.   0.0 0 AS2013
37 0.20 1000.   0.0 0 ID2013
38 0.10 1000.   0.0 0 GK2013
1.  1.
3               !3 branches on Magnitude epistemic variability
-.2 0. .2           ! -dM, 0, + dM epistemic mag variability. Branches have same moment rate
.2 .6 .2          !Weights assigned to epistemic mag variability branches
0.12 5          !M aleatory variability, sigma=0.12, 5 steps on either side of 0, each sigma*0.4
 1 3 1 1    1116 Black Hills fault                            
 6.18 3.2280897E-4 0.6 6.744431E+14
 50.0 19.58112 0.0E+0 8.795088
 3
      35.89002     -114.96812
      35.92281     -114.94853
      35.95794     -114.91862
 1 3 1 1    1116 Black Hills fault                            
 6.18 3.2280897E-4 0.2 9.007578E+14
 35.0 26.15172 0.0E+0 8.795088
 3
      35.89002     -114.96812
      35.92281     -114.94853
      35.95794     -114.91862
 1 3 1 1    1116 Black Hills fault                            
 6.18 3.2280897E-4 0.2 5.700638E+14
 65.0 16.550674 0.0E+0 8.795088
 3
      35.89002     -114.96812
      35.92281     -114.94853
      35.95794     -114.91862
 1 3 1 1    1653 Carson City fault                            
 6.48 2.112523E-4 0.15 1.2439471E+15
 50.0 19.58112 0.0E+0 16.221716
 6
      39.06522     -119.81882
      39.11401     -119.79124
      39.12155     -119.77731
      39.16917     -119.76941
      39.17213     -119.76042
      39.19342     -119.74659
 1 3 1 1    1653 Carson City fault                            
 6.48 2.112523E-4 0.05 1.6613634E+15
 35.0 26.15172 0.0E+0 16.221716
 6
      39.06522     -119.81882
      39.11401     -119.79124
      39.12155     -119.77731
      39.16917     -119.76941
      39.17213     -119.76042
      39.19342     -119.74659
 1 3 1 1    1653 Carson City fault                            
 6.48 2.112523E-4 0.05 1.05142933E+15
 65.0 16.550674 0.0E+0 16.221716
 6
      39.06522     -119.81882
      39.11401     -119.79124
      39.12155     -119.77731
      39.16917     -119.76941
      39.17213     -119.76042
      39.19342     -119.74659
 1 3 1 1    1121 Coyote Spring fault                          
 6.45 2.1918187E-5 0.6 1.1635984E+14
 50.0 19.58112 0.0E+0 15.173929
 7
      37.19321     -114.97811
      37.16769     -114.97407
      37.15817     -114.97704
      37.11316     -114.96823
      37.09636     -114.97137
      37.07013     -114.98413
      37.05989     -114.98359
 1 3 1 1    1121 Coyote Spring fault                          
 6.45 2.1918187E-5 0.2 1.554053E+14
 35.0 26.15172 0.0E+0 15.173929
 7
      37.19321     -114.97811
      37.16769     -114.97407
      37.15817     -114.97704
      37.11316     -114.96823
      37.09636     -114.97137
      37.07013     -114.98413
      37.05989     -114.98359
 1 3 1 1    1121 Coyote Spring fault                          
 6.45 2.1918187E-5 0.2 9.835157E+13
 65.0 16.550674 0.0E+0 15.173929
 7
      37.19321     -114.97811
      37.16769     -114.97407
      37.15817     -114.97704
      37.11316     -114.96823
      37.09636     -114.97137
      37.07013     -114.98413
      37.05989     -114.98359
 1 3 1 1    1472 Duck Flat fault                              
 6.49 2.050592E-4 0.6 1.249911E+15
 50.0 19.58112 0.0E+0 16.29949
 4
      41.14822     -119.94858
      41.11561     -119.94076
      41.03511     -119.94866
      41.00259     -119.94382
 1 3 1 1    1472 Duck Flat fault                              
 6.49 2.050592E-4 0.2 1.6693286E+15
 35.0 26.15172 0.0E+0 16.29949
 4
      41.14822     -119.94858
      41.11561     -119.94076
      41.03511     -119.94866
      41.00259     -119.94382
 1 3 1 1    1472 Duck Flat fault                              
 6.49 2.050592E-4 0.2 1.0564703E+15
 65.0 16.550674 0.0E+0 16.29949
 4
      41.14822     -119.94858
      41.11561     -119.94076
      41.03511     -119.94866
      41.00259     -119.94382
 1 3 1 1    1134 Dunn Glenn fault                             
 6.48 2.098714E-4 0.6 1.2358158E+15
 50.0 19.58112 0.0E+0 16.115679
 7
      40.87323     -117.90430
      40.86191     -117.93629
      40.85382     -117.94608
      40.82148     -117.95371
      40.78860     -117.97303
      40.77081     -117.97456
      40.75105     -117.96692
 1 3 1 1    1134 Dunn Glenn fault                             
 6.48 2.098714E-4 0.2 1.6505036E+15
 35.0 26.15172 0.0E+0 16.115679
 7
      40.87323     -117.90430
      40.86191     -117.93629
      40.85382     -117.94608
      40.82148     -117.95371
      40.78860     -117.97303
      40.77081     -117.97456
      40.75105     -117.96692
 1 3 1 1    1134 Dunn Glenn fault                             
 6.48 2.098714E-4 0.2 1.04455644E+15
 65.0 16.550674 0.0E+0 16.115679
 7
      40.87323     -117.90430
      40.86191     -117.93629
      40.85382     -117.94608
      40.82148     -117.95371
      40.78860     -117.97303
      40.77081     -117.97456
      40.75105     -117.96692
 1 3 1 1    1495a Eastern Pine Forest Range fault zone        
 6.25 2.9397386E-4 0.6 7.821822E+14
 50.0 19.58112 0.0E+0 10.200063
 3
      41.81042     -118.59017
      41.83307     -118.62431
      41.86586     -118.68800
 1 3 1 1    1495a Eastern Pine Forest Range fault zone        
 6.25 2.9397386E-4 0.2 1.04464966E+15
 35.0 26.15172 0.0E+0 10.200063
 3
      41.81042     -118.59017
      41.83307     -118.62431
      41.86586     -118.68800
 1 3 1 1    1495a Eastern Pine Forest Range fault zone        
 6.25 2.9397386E-4 0.2 6.611288E+14
 65.0 16.550674 0.0E+0 10.200063
 3
      41.81042     -118.59017
      41.83307     -118.62431
      41.86586     -118.68800
 1 3 1 1    1733 Eglington fault                              
 6.29 7.1E-5 0.6 2.168997E+14
 50.0 19.58112 0.0E+0 10.997014
 6
      36.23076     -115.22067
      36.24720     -115.21735
      36.26185     -115.20738
      36.26661     -115.18806
      36.28952     -115.15536
      36.30291     -115.14907
 1 3 1 1    1733 Eglington fault                              
 6.29 7.1E-5 0.2 2.8968212E+14
 35.0 26.15172 0.0E+0 10.997014
 6
      36.23076     -115.22067
      36.24720     -115.21735
      36.26185     -115.20738
      36.26661     -115.18806
      36.28952     -115.15536
      36.30291     -115.14907
 1 3 1 1    1733 Eglington fault                              
 6.29 7.1E-5 0.2 1.8333152E+14
 65.0 16.550674 0.0E+0 10.997014
 6
      36.23076     -115.22067
      36.24720     -115.21735
      36.26185     -115.20738
      36.26661     -115.18806
      36.28952     -115.15536
      36.30291     -115.14907
 1 3 1 1    1634 Eugene Mountains fault                       
 6.24 3.0016523E-4 0.6 7.7154316E+14
 50.0 19.58112 0.0E+0 10.061324
 4
      40.87107     -118.23421
      40.84826     -118.23402
      40.82095     -118.24409
      40.78168     -118.24660
 1 3 1 1    1634 Eugene Mountains fault                       
 6.24 3.0016523E-4 0.2 1.0304406E+15
 35.0 26.15172 0.0E+0 10.061324
 4
      40.87107     -118.23421
      40.84826     -118.23402
      40.82095     -118.24409
      40.78168     -118.24660
 1 3 1 1    1634 Eugene Mountains fault                       
 6.24 3.0016523E-4 0.2 6.5213635E+14
 65.0 16.550674 0.0E+0 10.061324
 4
      40.87107     -118.23421
      40.84826     -118.23402
      40.82095     -118.24409
      40.78168     -118.24660
 1 3 1 1    1130 Hiko fault zone                              
 6.46 2.1494809E-5 0.6 1.1812322E+14
 50.0 19.58112 0.0E+0 15.403884
 4
      37.67393     -115.18413
      37.64078     -115.21620
      37.56505     -115.24567
      37.54753     -115.24585
 1 3 1 1    1130 Hiko fault zone                              
 6.46 2.1494809E-5 0.2 1.577604E+14
 35.0 26.15172 0.0E+0 15.403884
 4
      37.67393     -115.18413
      37.64078     -115.21620
      37.56505     -115.24567
      37.54753     -115.24585
 1 3 1 1    1130 Hiko fault zone                              
 6.46 2.1494809E-5 0.2 9.984204E+13
 65.0 16.550674 0.0E+0 15.403884
 4
      37.67393     -115.18413
      37.64078     -115.21620
      37.56505     -115.24567
      37.54753     -115.24585
 1 3 1 1    1652 Indian Hill fault                            
 6.13 3.5255093E-4 0.15 6.1975606E+14
 50.0 19.58112 0.0E+0 8.081942
 6
      39.04941     -119.82870
      39.05893     -119.81972
      39.06379     -119.80175
      39.06334     -119.78711
      39.08346     -119.78989
      39.09487     -119.77839
 1 3 1 1    1652 Indian Hill fault                            
 6.13 3.5255093E-4 0.05 8.277201E+14
 35.0 26.15172 0.0E+0 8.081942
 6
      39.04941     -119.82870
      39.05893     -119.81972
      39.06379     -119.80175
      39.06334     -119.78711
      39.08346     -119.78989
      39.09487     -119.77839
 1 3 1 1    1652 Indian Hill fault                            
 6.13 3.5255093E-4 0.05 5.2384035E+14
 65.0 16.550674 0.0E+0 8.081942
 6
      39.04941     -119.82870
      39.05893     -119.81972
      39.06379     -119.80175
      39.06334     -119.78711
      39.08346     -119.78989
      39.09487     -119.77839
 1 3 1 1    1738 Mount Irish Range fault                      
 6.32 2.6689526E-5 0.6 9.043604E+13
 50.0 19.58112 0.0E+0 11.793331
 4
      37.62883     -115.43029
      37.58553     -115.44511
      37.56388     -115.45958
      37.52740     -115.45455
 1 3 1 1    1738 Mount Irish Range fault                      
 6.32 2.6689526E-5 0.2 1.2078257E+14
 35.0 26.15172 0.0E+0 11.793331
 4
      37.62883     -115.43029
      37.58553     -115.44511
      37.56388     -115.45958
      37.52740     -115.45455
 1 3 1 1    1738 Mount Irish Range fault                      
 6.32 2.6689526E-5 0.2 7.643983E+13
 65.0 16.550674 0.0E+0 11.793331
 4
      37.62883     -115.43029
      37.58553     -115.44511
      37.56388     -115.45958
      37.52740     -115.45455
 1 3 1 1    1711 Northern Butte Valley fault                  
 6.49 2.0845812E-4 0.6 1.2706288E+15
 50.0 19.58112 0.0E+0 16.56966
 6
      40.36567     -114.94562
      40.30943     -114.96493
      40.29703     -114.97562
      40.28391     -114.97482
      40.25723     -114.98532
      40.23145     -115.01641
 1 3 1 1    1711 Northern Butte Valley fault                  
 6.49 2.0845812E-4 0.2 1.6969984E+15
 35.0 26.15172 0.0E+0 16.56966
 6
      40.36567     -114.94562
      40.30943     -114.96493
      40.29703     -114.97562
      40.28391     -114.97482
      40.25723     -114.98532
      40.23145     -115.01641
 1 3 1 1    1711 Northern Butte Valley fault                  
 6.49 2.0845812E-4 0.2 1.0739816E+15
 65.0 16.550674 0.0E+0 16.56966
 6
      40.36567     -114.94562
      40.30943     -114.96493
      40.29703     -114.97562
      40.28391     -114.97482
      40.25723     -114.98532
      40.23145     -115.01641
 1 3 1 1    1158 Northern Simpson Park Mountains fault zone   
 6.37 2.46119E-4 0.6 9.911621E+14
 50.0 19.58112 0.0E+0 12.925268
 6
      40.08805     -116.34679
      40.06218     -116.37248
      40.05688     -116.39323
      40.05967     -116.42369
      40.04861     -116.45065
      40.04331     -116.47598
 1 3 1 1    1158 Northern Simpson Park Mountains fault zone   
 6.37 2.46119E-4 0.2 1.3237544E+15
 35.0 26.15172 0.0E+0 12.925268
 6
      40.08805     -116.34679
      40.06218     -116.37248
      40.05688     -116.39323
      40.05967     -116.42369
      40.04861     -116.45065
      40.04331     -116.47598
 1 3 1 1    1158 Northern Simpson Park Mountains fault zone   
 6.37 2.46119E-4 0.2 8.3776625E+14
 65.0 16.550674 0.0E+0 12.925268
 6
      40.08805     -116.34679
      40.06218     -116.37248
      40.05688     -116.39323
      40.05967     -116.42369
      40.04861     -116.45065
      40.04331     -116.47598
 1 3 1 1    1644 Peavine Peak fault zone                      
 6.36 8.333E-4 0.6 3.2419143E+15
 50.0 19.58112 0.0E+0 12.679121
 7
      39.58701     -119.91092
      39.59420     -119.91056
      39.60579     -119.91846
      39.62573     -119.94335
      39.63319     -119.96375
      39.63238     -119.97444
      39.66849     -119.99798
 1 3 1 1    1644 Peavine Peak fault zone                      
 6.36 8.333E-4 0.2 4.3297643E+15
 35.0 26.15172 0.0E+0 12.679121
 7
      39.58701     -119.91092
      39.59420     -119.91056
      39.60579     -119.91846
      39.62573     -119.94335
      39.63319     -119.96375
      39.63238     -119.97444
      39.66849     -119.99798
 1 3 1 1    1644 Peavine Peak fault zone                      
 6.36 8.333E-4 0.2 2.7401837E+15
 65.0 16.550674 0.0E+0 12.679121
 7
      39.58701     -119.91092
      39.59420     -119.91056
      39.60579     -119.91846
      39.62573     -119.94335
      39.63319     -119.96375
      39.63238     -119.97444
      39.66849     -119.99798
 1 3 1 1    NV3 Petersen Mountain fault 2                     
 6.49 1.0250669E-4 0.6 6.248159E+14
 50.0 19.58112 0.0E+0 16.295847
 7
      39.75671     -119.93042
      39.77387     -119.94228
      39.78654     -119.94138
      39.80415     -119.93095
      39.82769     -119.93787
      39.88626     -119.94470
      39.89803     -119.94075
 1 3 1 1    NV3 Petersen Mountain fault 2                     
 6.49 1.0250669E-4 0.2 8.344778E+14
 35.0 26.15172 0.0E+0 16.295847
 7
      39.75671     -119.93042
      39.77387     -119.94228
      39.78654     -119.94138
      39.80415     -119.93095
      39.82769     -119.93787
      39.88626     -119.94470
      39.89803     -119.94075
 1 3 1 1    NV3 Petersen Mountain fault 2                     
 6.49 1.0250669E-4 0.2 5.281171E+14
 65.0 16.550674 0.0E+0 16.295847
 7
      39.75671     -119.93042
      39.77387     -119.94228
      39.78654     -119.94138
      39.80415     -119.93095
      39.82769     -119.93787
      39.88626     -119.94470
      39.89803     -119.94075
