0               !Use with hazFX. Characteristic-M fault file 
24.6 50. 0.05           !site grid. Using M=M(SRL) Wells and Co. except special situations 
-125. -100. 0.05
760.0 2.0          ! Vs30 and depth (km) to 2.5 km/s rock
1.0 200.
3       !3 spectral periods.  M<6.5 sources are in a separate file
0. 1. 0. PGA. 
0.370 0.220 0.220
0.250 0.230 0.230
0.400 0.360 0.330
../out/WC_2014_6gmpes.UT.65.pga
20
.005 .007 .0098 .0137 .0192 .0269 .0376 .0527 .0738 .103 .145 .203 .284 .397 .556 .778 1.09 1.52 2.2 3.3
6
35 0.18 1000.   0.0 0 CY2013
34 0.18 1000.   0.0 0 CB2013
33 0.18 1000.   0.0 0 BSSA2013
36 0.18 1000.   0.0 0 AS2013
37 0.18 1000.   0.0 0 ID2013
38 0.10 1000.   0.0 0 GK2013
0.20 1. 0. PSA
0.370 0.220 0.220
0.250 0.230 0.230
0.400 0.360 0.330
../out/WC_2014_6gmpes.UT.65.5hz
19
.005 .0075 .0113 .0169 .0253 .0380 .0570 .0854 .128 .192 .288 .432 .649 .973 1.46 2.19 3.28 4.92 7.38
6
35 0.18 1000.   0.0 0 CY2013
34 0.18 1000.   0.0 0 CB2013
33 0.18 1000.   0.0 0 BSSA2013
36 0.18 1000.   0.0 0 AS2013
37 0.18 1000.   0.0 0 ID2013
38 0.10 1000.   0.0 0 GK2013
1.00 1. 0. PSA
0.370 0.220 0.220
0.250 0.230 0.230
0.400 0.360 0.330
../out/WC_2014_6gmpes.UT.65.1hz
20
.0025 .00375 .00563 .00844 .0127 .0190 .0285 .0427 .0641 .0961 .144 .216 .324 .487 .730 1.09 1.64 2.46 3.69 5.54
6
35 0.18 1000.   0.0 0 CY2013
34 0.18 1000.   0.0 0 CB2013
33 0.18 1000.   0.0 0 BSSA2013
36 0.18 1000.   0.0 0 AS2013
37 0.18 1000.   0.0 0 ID2013
38 0.10 1000.   0.0 0 GK2013
1.  1.
3               !3 branches on Magnitude epistemic variability
-.2 0. .2           ! -dM, 0, + dM epistemic mag variability. Branches have same moment rate
.2 .6 .2          !Weights assigned to epistemic mag variability branches
0.12 5          !M aleatory variability, sigma=0.12, 5 steps on either side of 0, each sigma*0.4
 1 3 1 1    W50G50 West Valley Granger sec                      
 6.5 3.8646886E-4 0.36 2.4384494E+15
 50.0 9.333668 0.0E+0 16.67761
 8
      40.65800     -111.95000
      40.67000     -111.95300
      40.68800     -111.95800
      40.70000     -111.96600
      40.71700     -111.97200
      40.73400     -111.98800
      40.74500     -111.98800
      40.79700     -112.01700
 1 3 1 1    W50G40 West Valley Granger sec                      
 6.5 4.5370007E-4 0.12 2.8626488E+15
 40.0 9.194333 0.0E+0 16.67761
 8
      40.65800     -111.95000
      40.67000     -111.95300
      40.68800     -111.95800
      40.70000     -111.96600
      40.71700     -111.97200
      40.73400     -111.98800
      40.74500     -111.98800
      40.79700     -112.01700
 1 3 1 1    W50G60 West Valley Granger sec; Intersec z=8.47 km
 6.5 3.5821055E-4 0.12 2.260152E+15
 60.0 9.780318 0.0E+0 16.67761
 8
      40.65800     -111.95000
      40.67000     -111.95300
      40.68800     -111.95800
      40.70000     -111.96600
      40.71700     -111.97200
      40.73400     -111.98800
      40.74500     -111.98800
      40.79700     -112.01700
 1 3 1 1    W40G50 West Valley fault zone                      
 6.5 3.1944486E-4 0.12 2.0155573E+15
 50.0 7.714961 0.0E+0 16.67761
 8
      40.65800     -111.95000
      40.67000     -111.95300
      40.68800     -111.95800
      40.70000     -111.96600
      40.71700     -111.97200
      40.73400     -111.98800
      40.74500     -111.98800
      40.79700     -112.01700
 1 3 1 1    W40G40 West Valley fault zone                      
 6.5 3.861441E-4 0.04 2.4364001E+15
 40.0 7.825296 0.0E+0 16.67761
 8
      40.65800     -111.95000
      40.67000     -111.95300
      40.68800     -111.95800
      40.70000     -111.96600
      40.71700     -111.97200
      40.73400     -111.98800
      40.74500     -111.98800
      40.79700     -112.01700
 1 3 1 1    W40G60 West Valley fault zone                      
 6.5 2.867376E-4 0.04 1.8091888E+15
 60.0 7.828873 0.0E+0 16.67761
 8
      40.65800     -111.95000
      40.67000     -111.95300
      40.68800     -111.95800
      40.70000     -111.96600
      40.71700     -111.97200
      40.73400     -111.98800
      40.74500     -111.98800
      40.79700     -112.01700
 1 3 1 1    W60G50 West Valley fault zone                      
 6.5 4.57817E-4 0.12 2.8886248E+15
 50.0 11.056807 0.0E+0 16.67761
 8
      40.65800     -111.95000
      40.67000     -111.95300
      40.68800     -111.95800
      40.70000     -111.96600
      40.71700     -111.97200
      40.73400     -111.98800
      40.74500     -111.98800
      40.79700     -112.01700
 1 3 1 1    W60G40 West Valley fault zone                      
 6.5 5.204885E-4 0.04 3.2840544E+15
 40.0 10.547814 0.0E+0 16.67761
 8
      40.65800     -111.95000
      40.67000     -111.95300
      40.68800     -111.95800
      40.70000     -111.96600
      40.71700     -111.97200
      40.73400     -111.98800
      40.74500     -111.98800
      40.79700     -112.01700
 1 3 1 1    W60G60 West Valley fault zone                      
 6.5 4.3941062E-4 0.04 2.7724886E+15
 60.0 11.997344 0.0E+0 16.67761
 8
      40.65800     -111.95000
      40.67000     -111.95300
      40.68800     -111.95800
      40.70000     -111.96600
      40.71700     -111.97200
      40.73400     -111.98800
      40.74500     -111.98800
      40.79700     -112.01700
