0               !Use with hazFX. Characteristic-M fault file 
24.6 50. 0.05           !site grid. Using M=M(SRL) Wells and Co. except special situations 
-125. -100. 0.05
760.0 2.0          ! Vs30 and depth (km) to 2.5 km/s rock
1.0 200.
3       !3 spectral periods.  M<6.5 sources are in a separate file
0. 1. 0. PGA. 
0.370 0.220 0.220
0.250 0.230 0.230
0.400 0.360 0.330
../out/WC_2014_6gmpes_gmpe.NV.normal.65.pga
20
.005 .007 .0098 .0137 .0192 .0269 .0376 .0527 .0738 .103 .145 .203 .284 .397 .556 .778 1.09 1.52 2.2 3.3
1
GMPE
0.20 1. 0. PSA
0.370 0.220 0.220
0.250 0.230 0.230
0.400 0.360 0.330
../out/WC_2014_6gmpes_gmpe.NV.normal.65.5hz
19
.005 .0075 .0113 .0169 .0253 .0380 .0570 .0854 .128 .192 .288 .432 .649 .973 1.46 2.19 3.28 4.92 7.38
1
GMPE
1.00 1. 0. PSA
0.370 0.220 0.220
0.250 0.230 0.230
0.400 0.360 0.330
../out/WC_2014_6gmpes_gmpe.NV.normal.65.1hz
20
.0025 .00375 .00563 .00844 .0127 .0190 .0285 .0427 .0641 .0961 .144 .216 .324 .487 .730 1.09 1.64 2.46 3.69 5.54
1
GMPE
1.  1.
3               !3 branches on Magnitude epistemic variability
-.2 0. .2           ! -dM, 0, + dM epistemic mag variability. Branches have same moment rate
.2 .6 .2          !Weights assigned to epistemic mag variability branches
0.12 5          !M aleatory variability, sigma=0.12, 5 steps on either side of 0, each sigma*0.4
           1           3           1           0    1116 Black Hills fault                            
   6.1700001      3.34152719E-04  0.60000002      6.74443077E+14
   50.000000       19.581120       0.0000000       8.7950878    
           3
      35.89002     -114.96812
      35.92281     -114.94853
      35.95794     -114.91862
           1           3           1           0    1116 Black Hills fault                            
   6.1700001      3.34152719E-04  0.20000000      5.70063829E+14
   65.000000       16.550674       0.0000000       8.7950878    
           3
      35.89002     -114.96812
      35.92281     -114.94853
      35.95794     -114.91862
           1           3           1           0    1116 Black Hills fault                            
   6.1700001      3.34152719E-04  0.20000000      9.00757788E+14
   35.000000       26.151720       0.0000000       8.7950878    
           3
      35.89002     -114.96812
      35.92281     -114.94853
      35.95794     -114.91862
           1           3           1           0    1653 Carson City fault                            
   6.4800000      2.11254577E-04  0.60000002      1.24396050E+15
   50.000000       19.581120       0.0000000       16.221891    
           6
      39.06522     -119.81882
      39.11401     -119.79124
      39.12155     -119.77731
      39.16917     -119.76941
      39.17213     -119.76042
      39.19342     -119.74659
           1           3           1           0    1653 Carson City fault                            
   6.4800000      2.11254577E-04  0.20000000      1.05144074E+15
   65.000000       16.550674       0.0000000       16.221891    
           6
      39.06522     -119.81882
      39.11401     -119.79124
      39.12155     -119.77731
      39.16917     -119.76941
      39.17213     -119.76042
      39.19342     -119.74659
           1           3           1           0    1653 Carson City fault                            
   6.4800000      2.11254577E-04  0.20000000      1.66138126E+15
   35.000000       26.151720       0.0000000       16.221891    
           6
      39.06522     -119.81882
      39.11401     -119.79124
      39.12155     -119.77731
      39.16917     -119.76941
      39.17213     -119.76042
      39.19342     -119.74659
           1           3           1           0    1121 Coyote Spring fault                          
   6.4499998      2.19181875E-05  0.60000002      1.16359841E+14
   50.000000       19.581120       0.0000000       15.173929    
           7
      37.19321     -114.97811
      37.16769     -114.97407
      37.15817     -114.97704
      37.11316     -114.96823
      37.09636     -114.97137
      37.07013     -114.98413
      37.05989     -114.98359
           1           3           1           0    1121 Coyote Spring fault                          
   6.4499998      2.19181875E-05  0.20000000      9.83515718E+13
   65.000000       16.550674       0.0000000       15.173929    
           7
      37.19321     -114.97811
      37.16769     -114.97407
      37.15817     -114.97704
      37.11316     -114.96823
      37.09636     -114.97137
      37.07013     -114.98413
      37.05989     -114.98359
           1           3           1           0    1121 Coyote Spring fault                          
   6.4499998      2.19181875E-05  0.20000000      1.55405305E+14
   35.000000       26.151720       0.0000000       15.173929    
           7
      37.19321     -114.97811
      37.16769     -114.97407
      37.15817     -114.97704
      37.11316     -114.96823
      37.09636     -114.97137
      37.07013     -114.98413
      37.05989     -114.98359
           1           3           1           0    1472 Duck Flat fault                              
   6.4899998      2.05059201E-04  0.60000002      1.24991105E+15
   50.000000       19.581120       0.0000000       16.299490    
           4
      41.14822     -119.94858
      41.11561     -119.94076
      41.03511     -119.94866
      41.00259     -119.94382
           1           3           1           0    1472 Duck Flat fault                              
   6.4899998      2.05059201E-04  0.20000000      1.05647035E+15
   65.000000       16.550674       0.0000000       16.299490    
           4
      41.14822     -119.94858
      41.11561     -119.94076
      41.03511     -119.94866
      41.00259     -119.94382
           1           3           1           0    1472 Duck Flat fault                              
   6.4899998      2.05059201E-04  0.20000000      1.66932856E+15
   35.000000       26.151720       0.0000000       16.299490    
           4
      41.14822     -119.94858
      41.11561     -119.94076
      41.03511     -119.94866
      41.00259     -119.94382
           1           3           1           0    1134 Dunn Glenn fault                             
   6.4800000      2.09871403E-04  0.60000002      1.23581577E+15
   50.000000       19.581120       0.0000000       16.115679    
           7
      40.87323     -117.90430
      40.86191     -117.93629
      40.85382     -117.94608
      40.82148     -117.95371
      40.78860     -117.97303
      40.77081     -117.97456
      40.75105     -117.96692
           1           3           1           0    1134 Dunn Glenn fault                             
   6.4800000      2.09871403E-04  0.20000000      1.04455651E+15
   65.000000       16.550674       0.0000000       16.115679    
           7
      40.87323     -117.90430
      40.86191     -117.93629
      40.85382     -117.94608
      40.82148     -117.95371
      40.78860     -117.97303
      40.77081     -117.97456
      40.75105     -117.96692
           1           3           1           0    1134 Dunn Glenn fault                             
   6.4800000      2.09871403E-04  0.20000000      1.65050359E+15
   35.000000       26.151720       0.0000000       16.115679    
           7
      40.87323     -117.90430
      40.86191     -117.93629
      40.85382     -117.94608
      40.82148     -117.95371
      40.78860     -117.97303
      40.77081     -117.97456
      40.75105     -117.96692
           1           3           1           0    1495a Eastern Pine Forest Range fault zone        
   6.2500000      2.93973862E-04  0.60000002      7.82182197E+14
   50.000000       19.581120       0.0000000       10.200063    
           3
      41.81042     -118.59017
      41.83307     -118.62431
      41.86586     -118.68800
           1           3           1           0    1495a Eastern Pine Forest Range fault zone        
   6.2500000      2.93973862E-04  0.20000000      6.61128879E+14
   65.000000       16.550674       0.0000000       10.200063    
           3
      41.81042     -118.59017
      41.83307     -118.62431
      41.86586     -118.68800
           1           3           1           0    1495a Eastern Pine Forest Range fault zone        
   6.2500000      2.93973862E-04  0.20000000      1.04464966E+15
   35.000000       26.151720       0.0000000       10.200063    
           3
      41.81042     -118.59017
      41.83307     -118.62431
      41.86586     -118.68800
           1           3           1           0    1733 Eglington fault                              
   6.2900000      7.10000022E-05  0.60000002      2.16899707E+14
   50.000000       19.581120       0.0000000       10.997014    
           6
      36.23076     -115.22067
      36.24720     -115.21735
      36.26185     -115.20738
      36.26661     -115.18806
      36.28952     -115.15536
      36.30291     -115.14907
           1           3           1           0    1733 Eglington fault                              
   6.2900000      7.10000022E-05  0.20000000      1.83331535E+14
   65.000000       16.550674       0.0000000       10.997014    
           6
      36.23076     -115.22067
      36.24720     -115.21735
      36.26185     -115.20738
      36.26661     -115.18806
      36.28952     -115.15536
      36.30291     -115.14907
           1           3           1           0    1733 Eglington fault                              
   6.2900000      7.10000022E-05  0.20000000      2.89682122E+14
   35.000000       26.151720       0.0000000       10.997014    
           6
      36.23076     -115.22067
      36.24720     -115.21735
      36.26185     -115.20738
      36.26661     -115.18806
      36.28952     -115.15536
      36.30291     -115.14907
           1           3           1           0    1634 Eugene Mountains fault                       
   6.2399998      3.00165237E-04  0.60000002      7.71543160E+14
   50.000000       19.581120       0.0000000       10.061324    
           4
      40.87107     -118.23421
      40.84826     -118.23402
      40.82095     -118.24409
      40.78168     -118.24660
           1           3           1           0    1634 Eugene Mountains fault                       
   6.2399998      3.00165237E-04  0.20000000      6.52136359E+14
   65.000000       16.550674       0.0000000       10.061324    
           4
      40.87107     -118.23421
      40.84826     -118.23402
      40.82095     -118.24409
      40.78168     -118.24660
           1           3           1           0    1634 Eugene Mountains fault                       
   6.2399998      3.00165237E-04  0.20000000      1.03044057E+15
   35.000000       26.151720       0.0000000       10.061324    
           4
      40.87107     -118.23421
      40.84826     -118.23402
      40.82095     -118.24409
      40.78168     -118.24660
           1           3           1           0    1130 Hiko fault zone                              
   6.4600000      2.14948086E-05  0.60000002      1.18123219E+14
   50.000000       19.581120       0.0000000       15.403884    
           4
      37.67393     -115.18413
      37.64078     -115.21620
      37.56505     -115.24567
      37.54753     -115.24585
           1           3           1           0    1130 Hiko fault zone                              
   6.4600000      2.14948086E-05  0.20000000      9.98420429E+13
   65.000000       16.550674       0.0000000       15.403884    
           4
      37.67393     -115.18413
      37.64078     -115.21620
      37.56505     -115.24567
      37.54753     -115.24585
           1           3           1           0    1130 Hiko fault zone                              
   6.4600000      2.14948086E-05  0.20000000      1.57760407E+14
   35.000000       26.151720       0.0000000       15.403884    
           4
      37.67393     -115.18413
      37.64078     -115.21620
      37.56505     -115.24567
      37.54753     -115.24585
           1           3           1           0    1652 Indian Hill fault                            
   6.1300001      3.52550938E-04  0.60000002      6.19756063E+14
   50.000000       19.581120       0.0000000       8.0819416    
           6
      39.04941     -119.82870
      39.05893     -119.81972
      39.06379     -119.80175
      39.06334     -119.78711
      39.08346     -119.78989
      39.09487     -119.77839
           1           3           1           0    1652 Indian Hill fault                            
   6.1300001      3.52550938E-04  0.20000000      5.23840384E+14
   65.000000       16.550674       0.0000000       8.0819416    
           6
      39.04941     -119.82870
      39.05893     -119.81972
      39.06379     -119.80175
      39.06334     -119.78711
      39.08346     -119.78989
      39.09487     -119.77839
           1           3           1           0    1652 Indian Hill fault                            
   6.1300001      3.52550938E-04  0.20000000      8.27720125E+14
   35.000000       26.151720       0.0000000       8.0819416    
           6
      39.04941     -119.82870
      39.05893     -119.81972
      39.06379     -119.80175
      39.06334     -119.78711
      39.08346     -119.78989
      39.09487     -119.77839
           1           3           1           0    1738 Mount Irish Range fault                      
   6.3200002      2.66895258E-05  0.60000002      9.04360393E+13
   50.000000       19.581120       0.0000000       11.793331    
           4
      37.62883     -115.43029
      37.58553     -115.44511
      37.56388     -115.45958
      37.52740     -115.45455
           1           3           1           0    1738 Mount Irish Range fault                      
   6.3200002      2.66895258E-05  0.20000000      7.64398314E+13
   65.000000       16.550674       0.0000000       11.793331    
           4
      37.62883     -115.43029
      37.58553     -115.44511
      37.56388     -115.45958
      37.52740     -115.45455
           1           3           1           0    1738 Mount Irish Range fault                      
   6.3200002      2.66895258E-05  0.20000000      1.20782567E+14
   35.000000       26.151720       0.0000000       11.793331    
           4
      37.62883     -115.43029
      37.58553     -115.44511
      37.56388     -115.45958
      37.52740     -115.45455
           1           3           1           0    1711 Northern Butte Valley fault                  
   6.4899998      2.08458121E-04  0.60000002      1.27062876E+15
   50.000000       19.581120       0.0000000       16.569660    
           6
      40.36567     -114.94562
      40.30943     -114.96493
      40.29703     -114.97562
      40.28391     -114.97482
      40.25723     -114.98532
      40.23145     -115.01641
           1           3           1           0    1711 Northern Butte Valley fault                  
   6.4899998      2.08458121E-04  0.20000000      1.07398174E+15
   65.000000       16.550674       0.0000000       16.569660    
           6
      40.36567     -114.94562
      40.30943     -114.96493
      40.29703     -114.97562
      40.28391     -114.97482
      40.25723     -114.98532
      40.23145     -115.01641
           1           3           1           0    1711 Northern Butte Valley fault                  
   6.4899998      2.08458121E-04  0.20000000      1.69699835E+15
   35.000000       26.151720       0.0000000       16.569660    
           6
      40.36567     -114.94562
      40.30943     -114.96493
      40.29703     -114.97562
      40.28391     -114.97482
      40.25723     -114.98532
      40.23145     -115.01641
           1           3           1           0    1158 Northern Simpson Park Mountains fault zone   
   6.3699999      2.46118987E-04  0.60000002      9.91162085E+14
   50.000000       19.581120       0.0000000       12.925268    
           6
      40.08805     -116.34679
      40.06218     -116.37248
      40.05688     -116.39323
      40.05967     -116.42369
      40.04861     -116.45065
      40.04331     -116.47598
           1           3           1           0    1158 Northern Simpson Park Mountains fault zone   
   6.3699999      2.46118987E-04  0.20000000      8.37766322E+14
   65.000000       16.550674       0.0000000       12.925268    
           6
      40.08805     -116.34679
      40.06218     -116.37248
      40.05688     -116.39323
      40.05967     -116.42369
      40.04861     -116.45065
      40.04331     -116.47598
           1           3           1           0    1158 Northern Simpson Park Mountains fault zone   
   6.3699999      2.46118987E-04  0.20000000      1.32375442E+15
   35.000000       26.151720       0.0000000       12.925268    
           6
      40.08805     -116.34679
      40.06218     -116.37248
      40.05688     -116.39323
      40.05967     -116.42369
      40.04861     -116.45065
      40.04331     -116.47598
           1           3           1           0    1644 Peavine Peak fault zone                      
   6.3600001      8.33300001E-04  0.60000002      3.24191433E+15
   50.000000       19.581120       0.0000000       12.679121    
           7
      39.58701     -119.91092
      39.59420     -119.91056
      39.60579     -119.91846
      39.62573     -119.94335
      39.63319     -119.96375
      39.63238     -119.97444
      39.66849     -119.99798
           1           3           1           0    1644 Peavine Peak fault zone                      
   6.3600001      8.33300001E-04  0.20000000      2.74018403E+15
   65.000000       16.550674       0.0000000       12.679121    
           7
      39.58701     -119.91092
      39.59420     -119.91056
      39.60579     -119.91846
      39.62573     -119.94335
      39.63319     -119.96375
      39.63238     -119.97444
      39.66849     -119.99798
           1           3           1           0    1644 Peavine Peak fault zone                      
   6.3600001      8.33300001E-04  0.20000000      4.32976432E+15
   35.000000       26.151720       0.0000000       12.679121    
           7
      39.58701     -119.91092
      39.59420     -119.91056
      39.60579     -119.91846
      39.62573     -119.94335
      39.63319     -119.96375
      39.63238     -119.97444
      39.66849     -119.99798
           1           3           1           0    NV3 Petersen Mountain fault 2                     
   6.4899998      1.02506689E-04  0.60000002      6.24815870E+14
   50.000000       19.581120       0.0000000       16.295847    
           7
      39.75671     -119.93042
      39.77387     -119.94228
      39.78654     -119.94138
      39.80415     -119.93095
      39.82769     -119.93787
      39.88626     -119.94470
      39.89803     -119.94075
           1           3           1           0    NV3 Petersen Mountain fault 2                     
   6.4899998      1.02506689E-04  0.20000000      5.28117131E+14
   65.000000       16.550674       0.0000000       16.295847    
           7
      39.75671     -119.93042
      39.77387     -119.94228
      39.78654     -119.94138
      39.80415     -119.93095
      39.82769     -119.93787
      39.88626     -119.94470
      39.89803     -119.94075
           1           3           1           0    NV3 Petersen Mountain fault 2                     
   6.4899998      1.02506689E-04  0.20000000      8.34477786E+14
   35.000000       26.151720       0.0000000       16.295847    
           7
      39.75671     -119.93042
      39.77387     -119.94228
      39.78654     -119.94138
      39.80415     -119.93095
      39.82769     -119.93787
      39.88626     -119.94470
      39.89803     -119.94075
