0               !Use with hazFX. Characteristic-M fault file 
24.6 50. 0.05           !site grid. Using M=M(SRL) Wells and Co. except special situations 
-125. -100. 0.05
760.0 2.0          ! Vs30 and depth (km) to 2.5 km/s rock
1.0 300.
3       !3 spectral periods.  M<6.5 sources are in a separate file
0. 1. 0. PGA. 
0.370 0.220 0.220
0.250 0.230 0.230
0.400 0.360 0.330
../out/WC_6gmpes.ORWA.normal_c.char.pga
20
.005 .007 .0098 .0137 .0192 .0269 .0376 .0527 .0738 .103 .145 .203 .284 .397 .556 .778 1.09 1.52 2.2 3.3
6
35 0.18 1000.   0.0 0 CY2013
34 0.18 1000.   0.0 0 CB2013
33 0.18 1000.   0.0 0 BSSA2013
36 0.18 1000.   0.0 0 AS2013
37 0.18 1000.   0.0 0 ID2013
38 0.10 1000.   0.0 0 GK2013
0.20 1. 0. PSA
0.370 0.220 0.220
0.250 0.230 0.230
0.400 0.360 0.330
../out/WC_6gmpes.ORWA.normal_c.char.5hz
19
.005 .0075 .0113 .0169 .0253 .0380 .0570 .0854 .128 .192 .288 .432 .649 .973 1.46 2.19 3.28 4.92 7.38
6
35 0.18 1000.   0.0 0 CY2013
34 0.18 1000.   0.0 0 CB2013
33 0.18 1000.   0.0 0 BSSA2013
36 0.18 1000.   0.0 0 AS2013
37 0.18 1000.   0.0 0 ID2013
38 0.10 1000.   0.0 0 GK2013
1.00 1. 0. PSA
0.370 0.220 0.220
0.250 0.230 0.230
0.400 0.360 0.330
../out/WC_6gmpes.ORWA.normal_c.char.1hz
20
.0025 .00375 .00563 .00844 .0127 .0190 .0285 .0427 .0641 .0961 .144 .216 .324 .487 .730 1.09 1.64 2.46 3.69 5.54
6
35 0.18 1000.   0.0 0 CY2013
34 0.18 1000.   0.0 0 CB2013
33 0.18 1000.   0.0 0 BSSA2013
36 0.18 1000.   0.0 0 AS2013
37 0.18 1000.   0.0 0 ID2013
38 0.10 1000.   0.0 0 GK2013
1.  1.
3               !3 branches on Magnitude epistemic variability
-.2 0. .2           ! -dM, 0, + dM epistemic mag variability. Branches have same moment rate
.2 .6 .2          !Weights assigned to epistemic mag variability branches
0.12 5          !M aleatory variability, sigma=0.12, 5 steps on either side of 0, each sigma*0.4
 1 3 1 1    896 Battle Ro,3,ck fault zone                     
 7.000 0.0000973 0.6000 0.34541E+16
 50.0 19.58112 0.0E+0 45.04323
 6
      42.51569     -124.37593
      42.55270     -124.37935
      42.58082     -124.39453
      42.73849     -124.49785
      42.83174     -124.51474
      42.89714     -124.54305
 1 3 1 1    896 Battle Ro,3,ck fault zone                     
 7.000 0.0000973 0.2000 0.46131E+16
 35.0 26.15172 0.0E+0 45.04323
 6
      42.51569     -124.37593
      42.55270     -124.37935
      42.58082     -124.39453
      42.73849     -124.49785
      42.83174     -124.51474
      42.89714     -124.54305
 1 3 1 1    896 Battle Ro,3,ck fault zone                     
 7.000 0.0000973 0.2000 0.29195E+16
 65.0 16.550674 0.0E+0 45.04323
 6
      42.51569     -124.37593
      42.55270     -124.37935
      42.58082     -124.39453
      42.73849     -124.49785
      42.83174     -124.51474
      42.89714     -124.54305
 1 3 1 1    895 Beaver Creek fault zone                       
 6.520 0.0003960 0.6000 0.26770E+16
 50.0 19.58112 0.0E+0 17.45506
 7
      42.76508     -124.49048
      42.78395     -124.45787
      42.79634     -124.45014
      42.81297     -124.42211
      42.82671     -124.39058
      42.83471     -124.35410
      42.85528     -124.32140
 1 3 1 1    895 Beaver Creek fault zone                       
 6.520 0.0003960 0.2000 0.35754E+16
 35.0 26.15172 0.0E+0 17.45506
 7
      42.76508     -124.49048
      42.78395     -124.45787
      42.79634     -124.45014
      42.81297     -124.42211
      42.82671     -124.39058
      42.83471     -124.35410
      42.85528     -124.32140
 1 3 1 1    895 Beaver Creek fault zone                       
 6.520 0.0003960 0.2000 0.22627E+16
 65.0 16.550674 0.0E+0 17.45506
 7
      42.76508     -124.49048
      42.78395     -124.45787
      42.79634     -124.45014
      42.81297     -124.42211
      42.82671     -124.39058
      42.83471     -124.35410
      42.85528     -124.32140
 1 3 1 1    843bc Klamath graben fault system (east)          
 7.360 0.0001151 0.6000 0.14160E+17
 50.0 19.58112 0.0E+0 92.32855
 17
      42.78936     -121.99062
      42.77481     -121.98846
      42.71902     -121.95082
      42.67625     -121.94821
      42.63852     -121.92603
      42.62289     -121.92917
      42.60816     -121.91659
      42.48104     -121.86619
      42.44789     -121.86340
      42.38923     -121.80419
      42.31313     -121.74921
      42.19248     -121.70374
      42.13058     -121.66933
      42.08908     -121.63591
      42.07498     -121.63483
      42.06204     -121.62144
      42.03761     -121.57841
 1 3 1 1    843bc Klamath graben fault system (east)          
 7.360 0.0001151 0.2000 0.18912E+17
 35.0 26.15172 0.0E+0 92.32855
 17
      42.78936     -121.99062
      42.77481     -121.98846
      42.71902     -121.95082
      42.67625     -121.94821
      42.63852     -121.92603
      42.62289     -121.92917
      42.60816     -121.91659
      42.48104     -121.86619
      42.44789     -121.86340
      42.38923     -121.80419
      42.31313     -121.74921
      42.19248     -121.70374
      42.13058     -121.66933
      42.08908     -121.63591
      42.07498     -121.63483
      42.06204     -121.62144
      42.03761     -121.57841
 1 3 1 1    843bc Klamath graben fault system (east)          
 7.360 0.0001151 0.2000 0.11969E+17
 65.0 16.550674 0.0E+0 92.32855
 17
      42.78936     -121.99062
      42.77481     -121.98846
      42.71902     -121.95082
      42.67625     -121.94821
      42.63852     -121.92603
      42.62289     -121.92917
      42.60816     -121.91659
      42.48104     -121.86619
      42.44789     -121.86340
      42.38923     -121.80419
      42.31313     -121.74921
      42.19248     -121.70374
      42.13058     -121.66933
      42.08908     -121.63591
      42.07498     -121.63483
      42.06204     -121.62144
      42.03761     -121.57841
 1 3 1 1    843a Klamath graben fault system (west)           
 7.060 0.0001424 0.6000 0.62161E+16
 50.0 19.58112 0.0E+0 50.663345
 12
      42.29974     -122.02556
      42.34987     -122.03518
      42.38742     -122.09438
      42.43657     -122.11208
      42.45804     -122.11334
      42.47493     -122.08801
      42.55120     -122.09753
      42.58704     -122.08953
      42.60070     -122.09393
      42.65748     -122.09492
      42.70437     -122.08388
      42.71992     -122.09744
 1 3 1 1    843a Klamath graben fault system (west)           
 7.060 0.0001424 0.2000 0.83020E+16
 35.0 26.15172 0.0E+0 50.663345
 12
      42.29974     -122.02556
      42.34987     -122.03518
      42.38742     -122.09438
      42.43657     -122.11208
      42.45804     -122.11334
      42.47493     -122.08801
      42.55120     -122.09753
      42.58704     -122.08953
      42.60070     -122.09393
      42.65748     -122.09492
      42.70437     -122.08388
      42.71992     -122.09744
 1 3 1 1    843a Klamath graben fault system (west)           
 7.060 0.0001424 0.2000 0.52541E+16
 65.0 16.550674 0.0E+0 50.663345
 12
      42.29974     -122.02556
      42.34987     -122.03518
      42.38742     -122.09438
      42.43657     -122.11208
      42.45804     -122.11334
      42.47493     -122.08801
      42.55120     -122.09753
      42.58704     -122.08953
      42.60070     -122.09393
      42.65748     -122.09492
      42.70437     -122.08388
      42.71992     -122.09744
 1 3 1 1    809a Pine Valley graben fault system, Brownlee sec
 6.560 0.0000150 0.6000 0.11650E+15
 50.0 19.58112 0.0E+0 18.990406
 7
      44.92442     -116.98402
      44.90043     -116.90999
      44.87887     -116.87791
      44.86593     -116.84943
      44.85623     -116.83893
      44.83458     -116.83057
      44.81176     -116.83605
 1 3 1 1    809a Pine Valley graben fault system, Brownlee sec
 6.560 0.0000150 0.2000 0.15559E+15
 35.0 26.15172 0.0E+0 18.990406
 7
      44.92442     -116.98402
      44.90043     -116.90999
      44.87887     -116.87791
      44.86593     -116.84943
      44.85623     -116.83893
      44.83458     -116.83057
      44.81176     -116.83605
 1 3 1 1    809a Pine Valley graben fault system, Brownlee sec
 6.560 0.0000150 0.2000 0.98471E+14
 65.0 16.550674 0.0E+0 18.990406
 7
      44.92442     -116.98402
      44.90043     -116.90999
      44.87887     -116.87791
      44.86593     -116.84943
      44.85623     -116.83893
      44.83458     -116.83057
      44.81176     -116.83605
 1 3 1 1    809b Pine Valley graben fault system, Halfway-Pose
 6.910 0.0000090 0.6000 0.23289E+15
 50.0 19.58112 0.0E+0 37.963356
 10
      44.75597     -116.85528
      44.76704     -116.86815
      44.79163     -116.88555
      44.81769     -116.92733
      44.83880     -117.01789
      44.86189     -117.08842
      44.87060     -117.10297
      44.90654     -117.12939
      44.94769     -117.14286
      44.98865     -117.14771
 1 3 1 1    809b Pine Valley graben fault system, Halfway-Pose
 6.910 0.0000090 0.2000 0.31104E+15
 35.0 26.15172 0.0E+0 37.963356
 10
      44.75597     -116.85528
      44.76704     -116.86815
      44.79163     -116.88555
      44.81769     -116.92733
      44.83880     -117.01789
      44.86189     -117.08842
      44.87060     -117.10297
      44.90654     -117.12939
      44.94769     -117.14286
      44.98865     -117.14771
 1 3 1 1    809b Pine Valley graben fault system, Halfway-Pose
 6.910 0.0000090 0.2000 0.19685E+15
 65.0 16.550674 0.0E+0 37.963356
 10
      44.75597     -116.85528
      44.76704     -116.86815
      44.79163     -116.88555
      44.81769     -116.92733
      44.83880     -117.01789
      44.86189     -117.08842
      44.87060     -117.10297
      44.90654     -117.12939
      44.94769     -117.14286
      44.98865     -117.14771
 1 3 1 1    844 Sky Lakes fault zone                          
 7.080 0.0002453 0.6000 0.11473E+17
 50.0 19.58112 0.0E+0 53.43135
 11
      42.14711     -122.04892
      42.19778     -122.10345
      42.25725     -122.14757
      42.33667     -122.18854
      42.34924     -122.21046
      42.37718     -122.21234
      42.41770     -122.22636
      42.48445     -122.23202
      42.51661     -122.24100
      42.54509     -122.24262
      42.58920     -122.23688
 1 3 1 1    844 Sky Lakes fault zone                          
 7.080 0.0002453 0.2000 0.15322E+17
 35.0 26.15172 0.0E+0 53.43135
 11
      42.14711     -122.04892
      42.19778     -122.10345
      42.25725     -122.14757
      42.33667     -122.18854
      42.34924     -122.21046
      42.37718     -122.21234
      42.41770     -122.22636
      42.48445     -122.23202
      42.51661     -122.24100
      42.54509     -122.24262
      42.58920     -122.23688
 1 3 1 1    844 Sky Lakes fault zone                          
 7.080 0.0002453 0.2000 0.96970E+16
 65.0 16.550674 0.0E+0 53.43135
 11
      42.14711     -122.04892
      42.19778     -122.10345
      42.25725     -122.14757
      42.33667     -122.18854
      42.34924     -122.21046
      42.37718     -122.21234
      42.41770     -122.22636
      42.48445     -122.23202
      42.51661     -122.24100
      42.54509     -122.24262
      42.58920     -122.23688
 1 3 1 1    801 Wallowa fault                                 
 7.080 0.0001207 0.6000 0.56463E+16
 50.0 19.58112 0.0E+0 52.593383
 9
      45.27721     -117.14735
      45.28511     -117.18275
      45.33408     -117.29101
      45.34764     -117.31257
      45.38375     -117.34949
      45.45634     -117.45264
      45.52560     -117.52640
      45.54088     -117.55066
      45.60727     -117.61364
 1 3 1 1    801 Wallowa fault                                 
 7.080 0.0001207 0.2000 0.75410E+16
 35.0 26.15172 0.0E+0 52.593383
 9
      45.27721     -117.14735
      45.28511     -117.18275
      45.33408     -117.29101
      45.34764     -117.31257
      45.38375     -117.34949
      45.45634     -117.45264
      45.52560     -117.52640
      45.54088     -117.55066
      45.60727     -117.61364
 1 3 1 1    801 Wallowa fault                                 
 7.080 0.0001207 0.2000 0.47725E+16
 65.0 16.550674 0.0E+0 52.593383
 9
      45.27721     -117.14735
      45.28511     -117.18275
      45.33408     -117.29101
      45.34764     -117.31257
      45.38375     -117.34949
      45.45634     -117.45264
      45.52560     -117.52640
      45.54088     -117.55066
      45.60727     -117.61364
 2 3 1 1    827ac Warner Valley faults (east)                 
 1.7947292 0.8 7.5 7.5 0.1 0.6 1.2437367E+16
 50.0 19.58112 0.0E+0 147.44524
 27
      42.88800     -119.49937
      42.83585     -119.49937
      42.73001     -119.54539
      42.71927     -119.58527
      42.68093     -119.62055
      42.64411     -119.63895
      42.59103     -119.69740
      42.55668     -119.73713
      42.52832     -119.78464
      42.51066     -119.80002
      42.47692     -119.79848
      42.44471     -119.81536
      42.39716     -119.82763
      42.36648     -119.82763
      42.33734     -119.79695
      42.28519     -119.76167
      42.07811     -119.75860
      42.00449     -119.76780
      41.92695     -119.69497
      41.89111     -119.67268
      41.87008     -119.66711
      41.84493     -119.67323
      41.79560     -119.67017
      41.78555     -119.67403
      41.75626     -119.71221
      41.73362     -119.72542
      41.71304     -119.76567
 2 3 1 1    827ac Warner Valley faults (east)                 
 1.7947292 0.8 7.5 7.5 0.1 0.2 1.6610825E+16
 35.0 26.15172 0.0E+0 147.44524
 27
      42.88800     -119.49937
      42.83585     -119.49937
      42.73001     -119.54539
      42.71927     -119.58527
      42.68093     -119.62055
      42.64411     -119.63895
      42.59103     -119.69740
      42.55668     -119.73713
      42.52832     -119.78464
      42.51066     -119.80002
      42.47692     -119.79848
      42.44471     -119.81536
      42.39716     -119.82763
      42.36648     -119.82763
      42.33734     -119.79695
      42.28519     -119.76167
      42.07811     -119.75860
      42.00449     -119.76780
      41.92695     -119.69497
      41.89111     -119.67268
      41.87008     -119.66711
      41.84493     -119.67323
      41.79560     -119.67017
      41.78555     -119.67403
      41.75626     -119.71221
      41.73362     -119.72542
      41.71304     -119.76567
 2 3 1 1    827ac Warner Valley faults (east)                 
 1.7947292 0.8 7.5 7.5 0.1 0.2 1.0512515E+16
 65.0 16.550674 0.0E+0 147.44524
 27
      42.88800     -119.49937
      42.83585     -119.49937
      42.73001     -119.54539
      42.71927     -119.58527
      42.68093     -119.62055
      42.64411     -119.63895
      42.59103     -119.69740
      42.55668     -119.73713
      42.52832     -119.78464
      42.51066     -119.80002
      42.47692     -119.79848
      42.44471     -119.81536
      42.39716     -119.82763
      42.36648     -119.82763
      42.33734     -119.79695
      42.28519     -119.76167
      42.07811     -119.75860
      42.00449     -119.76780
      41.92695     -119.69497
      41.89111     -119.67268
      41.87008     -119.66711
      41.84493     -119.67323
      41.79560     -119.67017
      41.78555     -119.67403
      41.75626     -119.71221
      41.73362     -119.72542
      41.71304     -119.76567
 1 3 1 1    827b Warner Valley faults (west)                  
 6.990 0.0001080 0.6000 0.37014E+16
 50.0 19.58112 0.0E+0 43.88067
 12
      42.07340     -119.96027
      42.08367     -119.95971
      42.11098     -119.95486
      42.14557     -119.93491
      42.16552     -119.91209
      42.19408     -119.90338
      42.26448     -119.88455
      42.29774     -119.89445
      42.32534     -119.90932
      42.39965     -119.91357
      42.43078     -119.92136
      42.45272     -119.92560
 1 3 1 1    827b Warner Valley faults (west)                  
 6.990 0.0001080 0.2000 0.49435E+16
 35.0 26.15172 0.0E+0 43.88067
 12
      42.07340     -119.96027
      42.08367     -119.95971
      42.11098     -119.95486
      42.14557     -119.93491
      42.16552     -119.91209
      42.19408     -119.90338
      42.26448     -119.88455
      42.29774     -119.89445
      42.32534     -119.90932
      42.39965     -119.91357
      42.43078     -119.92136
      42.45272     -119.92560
 1 3 1 1    827b Warner Valley faults (west)                  
 6.990 0.0001080 0.2000 0.31286E+16
 65.0 16.550674 0.0E+0 43.88067
 12
      42.07340     -119.96027
      42.08367     -119.95971
      42.11098     -119.95486
      42.14557     -119.93491
      42.16552     -119.91209
      42.19408     -119.90338
      42.26448     -119.88455
      42.29774     -119.89445
      42.32534     -119.90932
      42.39965     -119.91357
      42.43078     -119.92136
      42.45272     -119.92560
 1 3 1 1    831abc Winter Rim fault system                    
 7.190 0.0003179 0.6000 0.21739E+17
 50.0 19.58112 0.0E+0 65.92778
 18
      42.56142     -120.49791
      42.60213     -120.52299
      42.67124     -120.53516
      42.70897     -120.58394
      42.71777     -120.61170
      42.71660     -120.63183
      42.70032     -120.66471
      42.70636     -120.69741
      42.72433     -120.71880
      42.72595     -120.73497
      42.73520     -120.75572
      42.75236     -120.77531
      42.78365     -120.79794
      42.83672     -120.80711
      42.88577     -120.82310
      42.90832     -120.82401
      42.97048     -120.78255
      42.99861     -120.77831
 1 3 1 1    831abc Winter Rim fault system                    
 7.190 0.0003179 0.2000 0.29034E+17
 35.0 26.15172 0.0E+0 65.92778
 18
      42.56142     -120.49791
      42.60213     -120.52299
      42.67124     -120.53516
      42.70897     -120.58394
      42.71777     -120.61170
      42.71660     -120.63183
      42.70032     -120.66471
      42.70636     -120.69741
      42.72433     -120.71880
      42.72595     -120.73497
      42.73520     -120.75572
      42.75236     -120.77531
      42.78365     -120.79794
      42.83672     -120.80711
      42.88577     -120.82310
      42.90832     -120.82401
      42.97048     -120.78255
      42.99861     -120.77831
 1 3 1 1    831abc Winter Rim fault system                    
 7.190 0.0003179 0.2000 0.18375E+17
 65.0 16.550674 0.0E+0 65.92778
 18
      42.56142     -120.49791
      42.60213     -120.52299
      42.67124     -120.53516
      42.70897     -120.58394
      42.71777     -120.61170
      42.71660     -120.63183
      42.70032     -120.66471
      42.70636     -120.69741
      42.72433     -120.71880
      42.72595     -120.73497
      42.73520     -120.75572
      42.75236     -120.77531
      42.78365     -120.79794
      42.83672     -120.80711
      42.88577     -120.82310
      42.90832     -120.82401
      42.97048     -120.78255
      42.99861     -120.77831
