0               !Use with hazFX. Characteristic-M fault file 
24.6 50. 0.05           !site grid. Using M=M(SRL) Wells and Co. except special situations 
-125. -100. 0.05
760.0 2.0          ! Vs30 and depth (km) to 2.5 km/s rock
1.0 200.
3       !3 spectral periods.  M<6.5 sources are in a separate file
0. 1. 0. PGA. 
0.370 0.220 0.220
0.250 0.230 0.230
0.400 0.360 0.330
../out/WC_2014_6gmpes.IMW.ss90d.gr.pga
20
.005 .007 .0098 .0137 .0192 .0269 .0376 .0527 .0738 .103 .145 .203 .284 .397 .556 .778 1.09 1.52 2.2 3.3
6
35 0.18 1000.   0.0 0 CY2013
34 0.18 1000.   0.0 0 CB2013
33 0.18 1000.   0.0 0 BSSA2013
36 0.18 1000.   0.0 0 AS2013
37 0.18 1000.   0.0 0 ID2013
38 0.10 1000.   0.0 0 GK2013
0.20 1. 0. PSA
0.370 0.220 0.220
0.250 0.230 0.230
0.400 0.360 0.330
../out/WC_2014_6gmpes.IMW.ss90d.gr.5hz
19
.005 .0075 .0113 .0169 .0253 .0380 .0570 .0854 .128 .192 .288 .432 .649 .973 1.46 2.19 3.28 4.92 7.38
6
35 0.18 1000.   0.0 0 CY2013
34 0.18 1000.   0.0 0 CB2013
33 0.18 1000.   0.0 0 BSSA2013
36 0.18 1000.   0.0 0 AS2013
37 0.18 1000.   0.0 0 ID2013
38 0.10 1000.   0.0 0 GK2013
1.00 1. 0. PSA
0.370 0.220 0.220
0.250 0.230 0.230
0.400 0.360 0.330
../out/WC_2014_6gmpes.IMW.ss90d.gr.1hz
20
.0025 .00375 .00563 .00844 .0127 .0190 .0285 .0427 .0641 .0961 .144 .216 .324 .487 .730 1.09 1.64 2.46 3.69 5.54
6
35 0.18 1000.   0.0 0 CY2013
34 0.18 1000.   0.0 0 CB2013
33 0.18 1000.   0.0 0 BSSA2013
36 0.18 1000.   0.0 0 AS2013
37 0.18 1000.   0.0 0 ID2013
38 0.10 1000.   0.0 0 GK2013
1.  1.
3               !3 branches on Magnitude epistemic variability
-.2 0. .2           ! -dM, 0, + dM epistemic mag variability. Branches have same moment rate
.2 .6 .2          !Weights assigned to epistemic mag variability branches
0.0 1          !M aleatory variability, sigma=0.12, 5 steps on either side of 0, each sigma*0.4
           2           1           1           0    1320 Benton Spring fault, southern section        
 1.17895  0.80  6.500  7.320 0.1025 1.00000 0.99933E+16
   90.000000       15.000000       0.0000000       85.412682    
          26
      38.90766     -118.47002
      38.88924     -118.45663
      38.85582     -118.40982
      38.78377     -118.32797
      38.76392     -118.31881
      38.73103     -118.31162
      38.65036     -118.23750
      38.62754     -118.21334
      38.62179     -118.19914
      38.60822     -118.18297
      38.55684     -118.15548
      38.53492     -118.13400
      38.52153     -118.13275
      38.51425     -118.12556
      38.49583     -118.12367
      38.46745     -118.09492
      38.43825     -118.07561
      38.41687     -118.07372
      38.40797     -118.08208
      38.39656     -118.07848
      38.38749     -118.07408
      38.38201     -118.06213
      38.34203     -118.04587
      38.31499     -118.02367
      38.27924     -118.02224
      38.26262     -118.03311
           2           1           1           0    1326 Bettles Well-Petrified Springs fault         
 0.72176  0.80  6.500  7.230 0.0913 1.00000 0.31969E+16
   90.000000       15.000000       0.0000000       71.042870    
          22
      38.31580     -117.86097
      38.37653     -117.86484
      38.42513     -117.89197
      38.43133     -117.90517
      38.47086     -117.94283
      38.49386     -117.94659
      38.50257     -117.95316
      38.51443     -117.97391
      38.51263     -118.00158
      38.51740     -118.01029
      38.53734     -118.01649
      38.54938     -118.02628
      38.55729     -118.04111
      38.57139     -118.04587
      38.67524     -118.12350
      38.68890     -118.12916
      38.70786     -118.14892
      38.78072     -118.19977
      38.79536     -118.23589
      38.81261     -118.26060
      38.81719     -118.25951
      38.82716     -118.26922
           2           1           1           0    NV1 Coaldale fault 1                              
 0.82772  0.80  6.500  7.190 0.1150 1.00000 0.29438E+16
   90.000000       15.000000       0.0000000       65.417778    
           6
      38.07746     -117.75890
      38.00927     -117.87292
      37.99984     -118.22393
      37.98780     -118.29293
      37.94675     -118.38897
      37.91171     -118.44593
           2           1           1           0    NV2 Coaldale fault 2                              
 1.28464  0.80  6.500  6.510 0.0100 1.00000 0.77292E+15
   90.000000       15.000000       0.0000000       17.176077    
           3
      37.99993     -118.29598
      37.99077     -118.34495
      37.92932     -118.46794
           2           1           1           0    1316 faults in Excelsior Mountains                
 1.09346  0.80  6.500  6.740 0.1200 1.00000 0.12037E+16
   90.000000       15.000000       0.0000000       26.748734    
           9
      38.24842     -118.35654
      38.25274     -118.33704
      38.24932     -118.31171
      38.26172     -118.22996
      38.26226     -118.19348
      38.25830     -118.18845
      38.25669     -118.14658
      38.24123     -118.12223
      38.22201     -118.06716
           2           1           1           0    1302 Huntoon Valley fault system                  
 0.87964  0.80  6.500  6.920 0.1050 1.00000 0.17236E+16
   90.000000       15.000000       0.0000000       38.302536    
           9
      37.99948     -118.70341
      38.02589     -118.68024
      38.06165     -118.63388
      38.08698     -118.61610
      38.18823     -118.52077
      38.18679     -118.51583
      38.20692     -118.46201
      38.24070     -118.44468
      38.25651     -118.43147
           2           1           1           0    1123 Kane Spring Wash fault                       
-0.09341  0.80  6.500  6.970 0.1175 1.00000 0.19180E+15
   90.000000       15.000000       0.0000000       42.621403    
          14
      37.01012     -114.87587
      37.03671     -114.83373
      37.04803     -114.82673
      37.06447     -114.78531
      37.08001     -114.77381
      37.09726     -114.74488
      37.10921     -114.74110
      37.13410     -114.72197
      37.16249     -114.67247
      37.17255     -114.67471
      37.23813     -114.63267
      37.26329     -114.59745
      37.28062     -114.58298
      37.28664     -114.57059
           2           1           1           0    1325 Monte Cristo Valley fault zone               
 1.71906  0.80  6.500  6.780 0.1400 1.00000 0.52583E+16
   90.000000       15.000000       0.0000000       29.212950    
          11
      38.31463     -117.80060
      38.39153     -117.83681
      38.40519     -117.83833
      38.41893     -117.84966
      38.43502     -117.85181
      38.45774     -117.87688
      38.46484     -117.87823
      38.46700     -117.88461
      38.49593     -117.89386
      38.51865     -117.91399
      38.55235     -117.90527
           2           1           1           0    1669 Pyramid Lake fault zone                      
 2.04236  0.80  6.500  7.270 0.0962 1.00000 0.69508E+17
   90.000000       15.000000       0.0000000       77.231010    
          10
      40.09972     -119.70402
      40.06648     -119.68901
      40.01662     -119.62199
      39.94717     -119.60106
      39.92894     -119.58498
      39.87907     -119.49297
      39.81161     -119.39899
      39.78052     -119.36899
      39.63292     -119.27097
      39.53221     -119.23296
           2           1           1           0    1679 Rainbow Mountain fault zone                  
 0.90297  0.80  6.500  7.230 0.0913 1.00000 0.48522E+16
   90.000000       15.000000       0.0000000       71.883804    
          13
      39.28911     -118.42249
      39.32640     -118.50299
      39.37518     -118.54710
      39.40159     -118.53506
      39.43923     -118.52537
      39.55396     -118.51701
      39.59241     -118.48045
      39.62035     -118.46733
      39.67712     -118.46050
      39.75196     -118.45898
      39.76382     -118.45232
      39.84350     -118.45367
      39.87441     -118.45898
           2           1           1           0    1303 Unnamed faults                               
 0.88944  0.80  6.500  6.930 0.1075 1.00000 0.17788E+16
   90.000000       15.000000       0.0000000       39.528061    
          14
      38.24995     -118.37154
      38.24941     -118.38377
      38.24591     -118.38646
      38.22039     -118.38511
      38.20620     -118.40191
      38.17377     -118.40353
      38.12453     -118.45744
      38.12058     -118.45725
      38.10756     -118.47153
      38.08788     -118.50424
      38.08213     -118.52966
      38.05464     -118.58662
      38.01897     -118.63487
      37.99948     -118.64214
           2           1           1           0    1605 Warm Springs Valley fault zone               
 1.57814  0.80  6.500  6.920 0.1050 1.00000 0.86088E+16
   90.000000       15.000000       0.0000000       38.261250    
           8
      40.06738     -119.99798
      40.03503     -119.92162
      40.01832     -119.89835
      39.99640     -119.85414
      39.91096     -119.75056
      39.90630     -119.75082
      39.85859     -119.69917
      39.84018     -119.66969
           2           1           1           0    2007ab Embudo fault                               
 0.94485  0.80  6.500  7.190 0.1150 1.00000 0.38551E+16
   90.000000       15.000000       0.0000000       65.899185    
          10
      36.32938     -105.59998
      36.32866     -105.61821
      36.31195     -105.67993
      36.30090     -105.74920
      36.27637     -105.78460
      36.23136     -105.86501
      36.17799     -105.97865
      36.12094     -106.07128
      36.07648     -106.12797
      36.03524     -106.22410
           2           1           1           0    2033 Tijeras-Canoncito fault                      
 0.70811  0.80  6.500  7.290 0.0987 1.00000 0.32825E+16
   90.000000       15.000000       0.0000000       81.048256    
          15
      35.47861     -105.88145
      35.47044     -105.89861
      35.40997     -105.97237
      35.37691     -105.99842
      35.34969     -106.05341
      35.33927     -106.12824
      35.31511     -106.17253
      35.27558     -106.21871
      35.21054     -106.27432
      35.19257     -106.30109
      35.15331     -106.33038
      35.13732     -106.35796
      35.10929     -106.38015
      35.01119     -106.47583
      34.98720     -106.50772
