0               !Use with hazFX. Characteristic-M fault file 
24.6 50. 0.05           !site grid. Using M=M(SRL) Wells and Co. except special situations 
-125. -100. 0.05
760.0 2.0          ! Vs30 and depth (km) to 2.5 km/s rock
1.0 200.
3       !3 spectral periods.  M<6.5 sources are in a separate file
0. 1. 0. PGA. 
0.370 0.220 0.220
0.250 0.230 0.230
0.400 0.360 0.330
../out/WC_6gmpes.ORWA_c.65.pga
20
.005 .007 .0098 .0137 .0192 .0269 .0376 .0527 .0738 .103 .145 .203 .284 .397 .556 .778 1.09 1.52 2.2 3.3
6
35 0.18 1000.   0.0 0 CY2013
34 0.18 1000.   0.0 0 CB2013
33 0.18 1000.   0.0 0 BSSA2013
36 0.18 1000.   0.0 0 AS2013
37 0.18 1000.   0.0 0 ID2013
38 0.10 1000.   0.0 0 GK2013
0.20 1. 0. PSA
0.370 0.220 0.220
0.250 0.230 0.230
0.400 0.360 0.330
../out/WC_6gmpes.ORWA_c.65.5hz
19
.005 .0075 .0113 .0169 .0253 .0380 .0570 .0854 .128 .192 .288 .432 .649 .973 1.46 2.19 3.28 4.92 7.38
6
35 0.18 1000.   0.0 0 CY2013
34 0.18 1000.   0.0 0 CB2013
33 0.18 1000.   0.0 0 BSSA2013
36 0.18 1000.   0.0 0 AS2013
37 0.18 1000.   0.0 0 ID2013
38 0.10 1000.   0.0 0 GK2013
1.00 1. 0. PSA
0.370 0.220 0.220
0.250 0.230 0.230
0.400 0.360 0.330
../out/WC_6gmpes.ORWA_c.65.1hz
20
.0025 .00375 .00563 .00844 .0127 .0190 .0285 .0427 .0641 .0961 .144 .216 .324 .487 .730 1.09 1.64 2.46 3.69 5.54
6
35 0.18 1000.   0.0 0 CY2013
34 0.18 1000.   0.0 0 CB2013
33 0.18 1000.   0.0 0 BSSA2013
36 0.18 1000.   0.0 0 AS2013
37 0.18 1000.   0.0 0 ID2013
38 0.10 1000.   0.0 0 GK2013
1.  1.
3               !3 branches on Magnitude epistemic variability
-.2 0. .2           ! -dM, 0, + dM epistemic mag variability. Branches have same moment rate
.2 .6 .2          !Weights assigned to epistemic mag variability branches
0.12 5          !M aleatory variability, sigma=0.12, 5 steps on either side of 0, each sigma*0.4
 1 2 1 1    874 Bolton fault                                  
 6.19 3.2783747E-5 1.0 7.0901865E+13
 60.0 17.320515 0.0E+0 9.089974
 5
      45.40879     -122.69009
      45.40232     -122.66305
      45.37447     -122.63232
      45.36495     -122.61615
      45.36153     -122.60034
 1 2 1 1    newwa3 Boulder Creek fault, Kendall scarp         
 6.28 3.24E-4 1.0 9.561945E+14
 60.0 17.320515 0.0E+0 10.848526
 4
      48.91836     -121.98997
      48.92453     -122.01945
      48.91293     -122.08378
      48.90817     -122.13407
 1 2 1 1    714 Helvetia fault                                
 6.4 2.5640042E-5 1.0 1.1453027E+14
 60.0 17.320515 0.0E+0 13.634543
 2
      45.52135     -122.89808
      45.63545     -122.96223
 1 1 1 1    OR4 Sandy River fault zone                        
 6.5 1.8943092E-5 1.0 1.19522614E+14
 90.0 15.0 0.0E+0 16.60036
 2
      45.54615     -122.38266
      45.43916     -122.23415
 1 2 1 1    890 South Slough thrust and reverse faults        
 6.29 1.3348242E-3 1.0 4.0777885E+15
 60.0 17.320515 0.0E+0 10.961787
 3
      43.28849     -124.29931
      43.27761     -124.31117
      43.19487     -124.33597
 1 2 1 1    886 Waldport fault                                
 6.43 2.4699262E-4 1.0 1.2237245E+15
 60.0 17.320515 0.0E+0 14.568136
 4
      44.33863     -124.08981
      44.42164     -124.06519
      44.45119     -124.06142
      44.46620     -124.05190
 1 2 1 1    885 Yaquina faults                                
 6.14 1.618913E-3 1.0 2.945939E+15
 60.0 17.320515 0.0E+0 8.183157
 3
      44.64147     -123.98667
      44.63195     -124.03321
      44.60868     -124.07742
