0               !Use with hazFX. Characteristic-M fault file 
24.6 50. 0.05           !site grid. Using M=M(SRL) Wells and Co. except special situations 
-125. -100. 0.05
760.0 2.0          ! Vs30 and depth (km) to 2.5 km/s rock
1.0 300.
3       !3 spectral periods.  M<6.5 sources are in a separate file
0. 1. 0. PGA. 
0.375 0.210 0.245
0.230 0.225 0.23
0.400 0.360 0.31
../out/WC_4gmpes.alt2.gr.gr.pga
20
.005 .007 .0098 .0137 .0192 .0269 .0376 .0527 .0738 .103 .145 .203 .284 .397 .556 .778 1.09 1.52 2.2 3.3
4
35 0.25 1000.   0.0 0 CY2013
34 0.25 1000.   0.0 0 CB2013
33 0.25 1000.   0.0 0 BSSA2013
16 0.25 1000.   0.0 0 AS2008
0.20 1. 0. PSA
0.375 0.210 0.245
0.230 0.225 0.23
0.400 0.360 0.31
../out/WC_4gmpes.alt2.gr.gr.5hz
19
.005 .0075 .0113 .0169 .0253 .0380 .0570 .0854 .128 .192 .288 .432 .649 .973 1.46 2.19 3.28 4.92 7.38
4
35 0.25 1000.   0.0 0 CY2013
34 0.25 1000.   0.0 0 CB2013
33 0.25 1000.   0.0 0 BSSA2013
16 0.25 1000.   0.0 0 AS2008
1.00 1. 0. PSA
0.375 0.210 0.245
0.230 0.225 0.23
0.400 0.360 0.31
../out/WC_4gmpes.alt2.gr.gr.1hz
20
.0025 .00375 .00563 .00844 .0127 .0190 .0285 .0427 .0641 .0961 .144 .216 .324 .487 .730 1.09 1.64 2.46 3.69 5.54
4
35 0.25 1000.   0.0 0 CY2013
34 0.25 1000.   0.0 0 CB2013
33 0.25 1000.   0.0 0 BSSA2013
16 0.25 1000.   0.0 0 AS2008
1.  1.
3               !3 branches on Magnitude epistemic variability
-.2 0. .2           ! -dM, 0, + dM epistemic mag variability. Branches have same moment rate
.2 .6 .2          !Weights assigned to epistemic mag variability branches
0.0 1          !M aleatory variability, sigma=0.12, 5 steps on either side of 0, each sigma*0.4
 2 1 1 1    2351d Wasatch fault, Brigham City section         
 2.21545  0.80  6.500  6.950 0.1125 0.60000 0.38361E+17
 50.0 19.58112 0.0E+0 40.8144
 15
      41.65207     -112.04831
      41.64040     -112.06071
      41.63060     -112.05531
      41.61641     -112.05612
      41.61057     -112.04202
      41.56017     -112.01794
      41.55415     -112.01991
      41.52352     -111.99871
      41.49917     -111.98865
      41.44356     -112.02935
      41.42766     -112.02898
      41.41661     -112.02171
      41.38068     -112.02539
      41.35894     -111.98856
      41.33334     -111.96143
 2 1 1 1    2351d Wasatch fault, Brigham City section         
 2.21545  0.80  6.500  6.950 0.1125 0.20000 0.51234E+17
 35.0 26.15172 0.0E+0 40.8144
 15
      41.65207     -112.04831
      41.64040     -112.06071
      41.63060     -112.05531
      41.61641     -112.05612
      41.61057     -112.04202
      41.56017     -112.01794
      41.55415     -112.01991
      41.52352     -111.99871
      41.49917     -111.98865
      41.44356     -112.02935
      41.42766     -112.02898
      41.41661     -112.02171
      41.38068     -112.02539
      41.35894     -111.98856
      41.33334     -111.96143
 2 1 1 1    2351d Wasatch fault, Brigham City section         
 2.21545  0.80  6.500  6.950 0.1125 0.20000 0.32424E+17
 65.0 16.550674 0.0E+0 40.8144
 15
      41.65207     -112.04831
      41.64040     -112.06071
      41.63060     -112.05531
      41.61641     -112.05612
      41.61057     -112.04202
      41.56017     -112.01794
      41.55415     -112.01991
      41.52352     -111.99871
      41.49917     -111.98865
      41.44356     -112.02935
      41.42766     -112.02898
      41.41661     -112.02171
      41.38068     -112.02539
      41.35894     -111.98856
      41.33334     -111.96143
 2 3 1 1    2351i Wasatch fault, Levan section                
-1.22542  0.80  6.500  6.830 0.0825 0.60000 0.12501E+14
 50.0 19.58112 0.0E+0 32.492115
 14
      39.64339     -111.82755
      39.62407     -111.82063
      39.57403     -111.82162
      39.55040     -111.83205
      39.52713     -111.86205
      39.50566     -111.85999
      39.48877     -111.87166
      39.47925     -111.88415
      39.45715     -111.88514
      39.43352     -111.91326
      39.42112     -111.91479
      39.41816     -111.92062
      39.38636     -111.91919
      39.38070     -111.92260
 2 3 1 1    2351i Wasatch fault, Levan section                
-1.22542  0.80  6.500  6.830 0.0825 0.20000 0.16695E+14
 35.0 26.15172 0.0E+0 32.492115
 14
      39.64339     -111.82755
      39.62407     -111.82063
      39.57403     -111.82162
      39.55040     -111.83205
      39.52713     -111.86205
      39.50566     -111.85999
      39.48877     -111.87166
      39.47925     -111.88415
      39.45715     -111.88514
      39.43352     -111.91326
      39.42112     -111.91479
      39.41816     -111.92062
      39.38636     -111.91919
      39.38070     -111.92260
 2 3 1 1    2351i Wasatch fault, Levan section                
-1.22542  0.80  6.500  6.830 0.0825 0.20000 0.10566E+14
 65.0 16.550674 0.0E+0 32.492115
 14
      39.64339     -111.82755
      39.62407     -111.82063
      39.57403     -111.82162
      39.55040     -111.83205
      39.52713     -111.86205
      39.50566     -111.85999
      39.48877     -111.87166
      39.47925     -111.88415
      39.45715     -111.88514
      39.43352     -111.91326
      39.42112     -111.91479
      39.41816     -111.92062
      39.38636     -111.91919
      39.38070     -111.92260
 2 1 1 1    2351h Wasatch fault, Nephi section                
 2.09808  0.80  6.500  7.010 0.0850 0.60000 0.46404E+17
 50.0 19.58112 0.0E+0 46.46687
 17
      40.08449     -111.73385
      40.06725     -111.73537
      40.02753     -111.72190
      40.01208     -111.73241
      40.00023     -111.73403
      39.99223     -111.75191
      39.97668     -111.76296
      39.94434     -111.75784
      39.93132     -111.78587
      39.88235     -111.79171
      39.86726     -111.80465
      39.82854     -111.80716
      39.82252     -111.81246
      39.75065     -111.82854
      39.73277     -111.82836
      39.70663     -111.81651
      39.70007     -111.82027
 2 1 1 1    2351h Wasatch fault, Nephi section                
 2.09808  0.80  6.500  7.010 0.0850 0.20000 0.61975E+17
 35.0 26.15172 0.0E+0 46.46687
 17
      40.08449     -111.73385
      40.06725     -111.73537
      40.02753     -111.72190
      40.01208     -111.73241
      40.00023     -111.73403
      39.99223     -111.75191
      39.97668     -111.76296
      39.94434     -111.75784
      39.93132     -111.78587
      39.88235     -111.79171
      39.86726     -111.80465
      39.82854     -111.80716
      39.82252     -111.81246
      39.75065     -111.82854
      39.73277     -111.82836
      39.70663     -111.81651
      39.70007     -111.82027
 2 1 1 1    2351h Wasatch fault, Nephi section                
 2.09808  0.80  6.500  7.010 0.0850 0.20000 0.39222E+17
 65.0 16.550674 0.0E+0 46.46687
 17
      40.08449     -111.73385
      40.06725     -111.73537
      40.02753     -111.72190
      40.01208     -111.73241
      40.00023     -111.73403
      39.99223     -111.75191
      39.97668     -111.76296
      39.94434     -111.75784
      39.93132     -111.78587
      39.88235     -111.79171
      39.86726     -111.80465
      39.82854     -111.80716
      39.82252     -111.81246
      39.75065     -111.82854
      39.73277     -111.82836
      39.70663     -111.81651
      39.70007     -111.82027
 2 1 1 1    2351g Wasatch fault, Provo section                
 2.15753  0.80  6.500  7.270 0.0962 0.60000 0.90617E+17
 50.0 19.58112 0.0E+0 77.129364
 38
      40.49505     -111.82172
      40.48571     -111.75380
      40.48122     -111.74670
      40.47601     -111.74454
      40.46020     -111.75056
      40.45535     -111.74625
      40.44484     -111.75326
      40.43432     -111.75307
      40.41519     -111.74175
      40.41096     -111.74355
      40.39767     -111.72747
      40.38455     -111.72064
      40.35383     -111.69162
      40.34179     -111.67608
      40.31313     -111.65694
      40.31187     -111.63844
      40.28771     -111.63206
      40.27801     -111.63529
      40.23444     -111.63161
      40.21215     -111.62397
      40.20919     -111.61696
      40.19464     -111.60923
      40.18952     -111.59908
      40.17263     -111.59711
      40.16706     -111.58156
      40.14891     -111.55578
      40.13301     -111.55083
      40.12726     -111.55829
      40.12124     -111.55586
      40.10049     -111.57168
      40.08422     -111.57267
      40.08360     -111.59666
      40.07156     -111.61876
      40.04856     -111.63529
      40.03248     -111.63142
      40.00624     -111.64365
      39.98648     -111.68929
      39.97157     -111.69333
 2 1 1 1    2351g Wasatch fault, Provo section                
 2.15753  0.80  6.500  7.270 0.0962 0.20000 0.12102E+18
 35.0 26.15172 0.0E+0 77.129364
 38
      40.49505     -111.82172
      40.48571     -111.75380
      40.48122     -111.74670
      40.47601     -111.74454
      40.46020     -111.75056
      40.45535     -111.74625
      40.44484     -111.75326
      40.43432     -111.75307
      40.41519     -111.74175
      40.41096     -111.74355
      40.39767     -111.72747
      40.38455     -111.72064
      40.35383     -111.69162
      40.34179     -111.67608
      40.31313     -111.65694
      40.31187     -111.63844
      40.28771     -111.63206
      40.27801     -111.63529
      40.23444     -111.63161
      40.21215     -111.62397
      40.20919     -111.61696
      40.19464     -111.60923
      40.18952     -111.59908
      40.17263     -111.59711
      40.16706     -111.58156
      40.14891     -111.55578
      40.13301     -111.55083
      40.12726     -111.55829
      40.12124     -111.55586
      40.10049     -111.57168
      40.08422     -111.57267
      40.08360     -111.59666
      40.07156     -111.61876
      40.04856     -111.63529
      40.03248     -111.63142
      40.00624     -111.64365
      39.98648     -111.68929
      39.97157     -111.69333
 2 1 1 1    2351g Wasatch fault, Provo section                
 2.15753  0.80  6.500  7.270 0.0962 0.20000 0.76593E+17
 65.0 16.550674 0.0E+0 77.129364
 38
      40.49505     -111.82172
      40.48571     -111.75380
      40.48122     -111.74670
      40.47601     -111.74454
      40.46020     -111.75056
      40.45535     -111.74625
      40.44484     -111.75326
      40.43432     -111.75307
      40.41519     -111.74175
      40.41096     -111.74355
      40.39767     -111.72747
      40.38455     -111.72064
      40.35383     -111.69162
      40.34179     -111.67608
      40.31313     -111.65694
      40.31187     -111.63844
      40.28771     -111.63206
      40.27801     -111.63529
      40.23444     -111.63161
      40.21215     -111.62397
      40.20919     -111.61696
      40.19464     -111.60923
      40.18952     -111.59908
      40.17263     -111.59711
      40.16706     -111.58156
      40.14891     -111.55578
      40.13301     -111.55083
      40.12726     -111.55829
      40.12124     -111.55586
      40.10049     -111.57168
      40.08422     -111.57267
      40.08360     -111.59666
      40.07156     -111.61876
      40.04856     -111.63529
      40.03248     -111.63142
      40.00624     -111.64365
      39.98648     -111.68929
      39.97157     -111.69333
 2 1 1 1    2351f Wasatch fault, Salt Lake City section       
 2.01715  0.80  6.500  7.100 0.1000 0.60000 0.41843E+17
 50.0 19.58112 0.0E+0 54.792972
 26
      40.84938     -111.88703
      40.84183     -111.89871
      40.83033     -111.91354
      40.81461     -111.91794
      40.78128     -111.89278
      40.77578     -111.83772
      40.76870     -111.89224
      40.75603     -111.86412
      40.74732     -111.85793
      40.73717     -111.85487
      40.73070     -111.86062
      40.71210     -111.86323
      40.68156     -111.84166
      40.67266     -111.83349
      40.65191     -111.80950
      40.63080     -111.79971
      40.61687     -111.78776
      40.60474     -111.79423
      40.59010     -111.78947
      40.58112     -111.79611
      40.56378     -111.79468
      40.54896     -111.80141
      40.52865     -111.82657
      40.51302     -111.83914
      40.50062     -111.83672
      40.49505     -111.82172
 2 1 1 1    2351f Wasatch fault, Salt Lake City section       
 2.01715  0.80  6.500  7.100 0.1000 0.20000 0.55884E+17
 35.0 26.15172 0.0E+0 54.792972
 26
      40.84938     -111.88703
      40.84183     -111.89871
      40.83033     -111.91354
      40.81461     -111.91794
      40.78128     -111.89278
      40.77578     -111.83772
      40.76870     -111.89224
      40.75603     -111.86412
      40.74732     -111.85793
      40.73717     -111.85487
      40.73070     -111.86062
      40.71210     -111.86323
      40.68156     -111.84166
      40.67266     -111.83349
      40.65191     -111.80950
      40.63080     -111.79971
      40.61687     -111.78776
      40.60474     -111.79423
      40.59010     -111.78947
      40.58112     -111.79611
      40.56378     -111.79468
      40.54896     -111.80141
      40.52865     -111.82657
      40.51302     -111.83914
      40.50062     -111.83672
      40.49505     -111.82172
 2 1 1 1    2351f Wasatch fault, Salt Lake City section       
 2.01715  0.80  6.500  7.100 0.1000 0.20000 0.35368E+17
 65.0 16.550674 0.0E+0 54.792972
 26
      40.84938     -111.88703
      40.84183     -111.89871
      40.83033     -111.91354
      40.81461     -111.91794
      40.78128     -111.89278
      40.77578     -111.83772
      40.76870     -111.89224
      40.75603     -111.86412
      40.74732     -111.85793
      40.73717     -111.85487
      40.73070     -111.86062
      40.71210     -111.86323
      40.68156     -111.84166
      40.67266     -111.83349
      40.65191     -111.80950
      40.63080     -111.79971
      40.61687     -111.78776
      40.60474     -111.79423
      40.59010     -111.78947
      40.58112     -111.79611
      40.56378     -111.79468
      40.54896     -111.80141
      40.52865     -111.82657
      40.51302     -111.83914
      40.50062     -111.83672
      40.49505     -111.82172
 2 1 1 1    2351e Wasatch fault, Weber section                
 2.21550  0.80  6.500  7.160 0.1100 0.60000 0.69882E+17
 50.0 19.58112 0.0E+0 62.611637
 37
      41.33334     -111.96143
      41.33675     -111.94122
      41.30683     -111.93070
      41.29488     -111.94193
      41.27719     -111.94912
      41.26281     -111.94723
      41.25976     -111.93977
      41.25006     -111.93825
      41.24062     -111.92773
      41.22284     -111.92962
      41.21484     -111.92423
      41.20846     -111.93285
      41.18681     -111.93959
      41.17962     -111.93699
      41.17675     -111.92899
      41.16462     -111.92477
      41.15088     -111.90689
      41.14270     -111.90833
      41.13138     -111.89827
      41.10371     -111.91084
      41.08520     -111.90437
      41.06804     -111.91075
      41.05564     -111.90392
      41.03920     -111.90725
      41.02914     -111.89970
      41.00452     -111.89593
      40.99923     -111.88515
      40.99168     -111.88551
      40.97704     -111.87473
      40.96365     -111.87212
      40.96077     -111.87949
      40.95449     -111.88102
      40.94595     -111.87428
      40.90480     -111.86530
      40.89052     -111.85262
      40.86609     -111.85676
      40.84938     -111.88703
 2 1 1 1    2351e Wasatch fault, Weber section                
 2.21550  0.80  6.500  7.160 0.1100 0.20000 0.93332E+17
 35.0 26.15172 0.0E+0 62.611637
 37
      41.33334     -111.96143
      41.33675     -111.94122
      41.30683     -111.93070
      41.29488     -111.94193
      41.27719     -111.94912
      41.26281     -111.94723
      41.25976     -111.93977
      41.25006     -111.93825
      41.24062     -111.92773
      41.22284     -111.92962
      41.21484     -111.92423
      41.20846     -111.93285
      41.18681     -111.93959
      41.17962     -111.93699
      41.17675     -111.92899
      41.16462     -111.92477
      41.15088     -111.90689
      41.14270     -111.90833
      41.13138     -111.89827
      41.10371     -111.91084
      41.08520     -111.90437
      41.06804     -111.91075
      41.05564     -111.90392
      41.03920     -111.90725
      41.02914     -111.89970
      41.00452     -111.89593
      40.99923     -111.88515
      40.99168     -111.88551
      40.97704     -111.87473
      40.96365     -111.87212
      40.96077     -111.87949
      40.95449     -111.88102
      40.94595     -111.87428
      40.90480     -111.86530
      40.89052     -111.85262
      40.86609     -111.85676
      40.84938     -111.88703
 2 1 1 1    2351e Wasatch fault, Weber section                
 2.21550  0.80  6.500  7.160 0.1100 0.20000 0.59067E+17
 65.0 16.550674 0.0E+0 62.611637
 37
      41.33334     -111.96143
      41.33675     -111.94122
      41.30683     -111.93070
      41.29488     -111.94193
      41.27719     -111.94912
      41.26281     -111.94723
      41.25976     -111.93977
      41.25006     -111.93825
      41.24062     -111.92773
      41.22284     -111.92962
      41.21484     -111.92423
      41.20846     -111.93285
      41.18681     -111.93959
      41.17962     -111.93699
      41.17675     -111.92899
      41.16462     -111.92477
      41.15088     -111.90689
      41.14270     -111.90833
      41.13138     -111.89827
      41.10371     -111.91084
      41.08520     -111.90437
      41.06804     -111.91075
      41.05564     -111.90392
      41.03920     -111.90725
      41.02914     -111.89970
      41.00452     -111.89593
      40.99923     -111.88515
      40.99168     -111.88551
      40.97704     -111.87473
      40.96365     -111.87212
      40.96077     -111.87949
      40.95449     -111.88102
      40.94595     -111.87428
      40.90480     -111.86530
      40.89052     -111.85262
      40.86609     -111.85676
      40.84938     -111.88703
