0               !Use with hazFX. Characteristic-M fault file 
24.6 50. 0.05           !site grid. Using M=M(SRL) Wells and Co. except special situations 
-125. -100. 0.05
760.0 2.0          ! Vs30 and depth (km) to 2.5 km/s rock
1.0 200.
3       !3 spectral periods.  M<6.5 sources are in a separate file
0. 1. 0. PGA. 
0.370 0.220 0.220
0.250 0.230 0.230
0.400 0.360 0.330
../out/WC_2014_6gmpes_gmpe.ORWA.normal_c.65.pga
20
.005 .007 .0098 .0137 .0192 .0269 .0376 .0527 .0738 .103 .145 .203 .284 .397 .556 .778 1.09 1.52 2.2 3.3
1
GMPE
0.20 1. 0. PSA
0.370 0.220 0.220
0.250 0.230 0.230
0.400 0.360 0.330
../out/WC_2014_6gmpes_gmpe.ORWA.normal_c.65.5hz
19
.005 .0075 .0113 .0169 .0253 .0380 .0570 .0854 .128 .192 .288 .432 .649 .973 1.46 2.19 3.28 4.92 7.38
1
GMPE
1.00 1. 0. PSA
0.370 0.220 0.220
0.250 0.230 0.230
0.400 0.360 0.330
../out/WC_2014_6gmpes_gmpe.ORWA.normal_c.65.1hz
20
.0025 .00375 .00563 .00844 .0127 .0190 .0285 .0427 .0641 .0961 .144 .216 .324 .487 .730 1.09 1.64 2.46 3.69 5.54
1
GMPE
1.  1.
3               !3 branches on Magnitude epistemic variability
-.2 0. .2           ! -dM, 0, + dM epistemic mag variability. Branches have same moment rate
.2 .6 .2          !Weights assigned to epistemic mag variability branches
0.12 5          !M aleatory variability, sigma=0.12, 5 steps on either side of 0, each sigma*0.4
           1           3           1           0    878 Grant Butte fault                             
   6.2100000      3.41478415E-04  0.60000002      7.91343295E+14
   50.000000       19.581120       0.0000000       9.3813896    
           5
      45.49836     -122.43135
      45.48821     -122.45605
      45.48812     -122.47205
      45.47797     -122.49882
      45.47608     -122.54401
           1           3           1           0    878 Grant Butte fault                             
   6.2100000      3.41478415E-04  0.20000000      6.68872168E+14
   65.000000       16.550674       0.0000000       9.3813896    
           5
      45.49836     -122.43135
      45.48821     -122.45605
      45.48812     -122.47205
      45.47797     -122.49882
      45.47608     -122.54401
           1           3           1           0    878 Grant Butte fault                             
   6.2100000      3.41478415E-04  0.20000000      1.05688482E+15
   35.000000       26.151720       0.0000000       9.3813896    
           5
      45.49836     -122.43135
      45.48821     -122.45605
      45.48812     -122.47205
      45.47797     -122.49882
      45.47608     -122.54401
           1           3           1           0    865 Mount Hood fault                              
   6.2900000      4.44490754E-04  0.60000002      1.35788612E+15
   50.000000       19.581120       0.0000000       11.067215    
           5
      45.33090     -121.80624
      45.32901     -121.81756
      45.33431     -121.83058
      45.35453     -121.85808
      45.38588     -121.91854
           1           3           1           0    865 Mount Hood fault                              
   6.2900000      4.44490754E-04  0.20000000      1.14773485E+15
   65.000000       16.550674       0.0000000       11.067215    
           5
      45.33090     -121.80624
      45.32901     -121.81756
      45.33431     -121.83058
      45.35453     -121.85808
      45.38588     -121.91854
           1           3           1           0    865 Mount Hood fault                              
   6.2900000      4.44490754E-04  0.20000000      1.81353558E+15
   35.000000       26.151720       0.0000000       11.067215    
           5
      45.33090     -121.80624
      45.32901     -121.81756
      45.33431     -121.83058
      45.35453     -121.85808
      45.38588     -121.91854
           1           3           1           0    834 Paulina Marsh fault                           
   6.2600002      8.41143075E-04  0.60000002      2.31670321E+15
   50.000000       19.581120       0.0000000       10.417592    
           5
      43.23120     -121.03912
      43.18924     -121.00515
      43.17613     -120.99725
      43.15771     -120.99518
      43.14855     -120.98421
           1           3           1           0    834 Paulina Marsh fault                           
   6.2600002      8.41143075E-04  0.20000000      1.95816189E+15
   65.000000       16.550674       0.0000000       10.417592    
           5
      43.23120     -121.03912
      43.18924     -121.00515
      43.17613     -120.99725
      43.15771     -120.99518
      43.14855     -120.98421
           1           3           1           0    834 Paulina Marsh fault                           
   6.2600002      8.41143075E-04  0.20000000      3.09409149E+15
   35.000000       26.151720       0.0000000       10.417592    
           5
      43.23120     -121.03912
      43.18924     -121.00515
      43.17613     -120.99725
      43.15771     -120.99518
      43.14855     -120.98421
