0               !Use with hazFX. Characteristic-M fault file 
24.6 50. 0.05           !site grid. Using M=M(SRL) Wells and Co. except special situations 
-125. -100. 0.05
760.0 2.0          ! Vs30 and depth (km) to 2.5 km/s rock
1.0 200.
3       !3 spectral periods.  M<6.5 sources are in a separate file
0. 1. 0. PGA. 
0.370 0.220 0.220
0.250 0.230 0.230
0.400 0.360 0.330
../out/WC_2014_6gmpes.IMW.normal.65.pga
20
.005 .007 .0098 .0137 .0192 .0269 .0376 .0527 .0738 .103 .145 .203 .284 .397 .556 .778 1.09 1.52 2.2 3.3
6
35 0.18 1000.   0.0 0 CY2013
34 0.18 1000.   0.0 0 CB2013
33 0.18 1000.   0.0 0 BSSA2013
36 0.18 1000.   0.0 0 AS2013
37 0.18 1000.   0.0 0 ID2013
38 0.10 1000.   0.0 0 GK2013
0.20 1. 0. PSA
0.370 0.220 0.220
0.250 0.230 0.230
0.400 0.360 0.330
../out/WC_2014_6gmpes.IMW.normal.65.5hz
19
.005 .0075 .0113 .0169 .0253 .0380 .0570 .0854 .128 .192 .288 .432 .649 .973 1.46 2.19 3.28 4.92 7.38
6
35 0.18 1000.   0.0 0 CY2013
34 0.18 1000.   0.0 0 CB2013
33 0.18 1000.   0.0 0 BSSA2013
36 0.18 1000.   0.0 0 AS2013
37 0.18 1000.   0.0 0 ID2013
38 0.10 1000.   0.0 0 GK2013
1.00 1. 0. PSA
0.370 0.220 0.220
0.250 0.230 0.230
0.400 0.360 0.330
../out/WC_2014_6gmpes.IMW.normal.65.1hz
20
.0025 .00375 .00563 .00844 .0127 .0190 .0285 .0427 .0641 .0961 .144 .216 .324 .487 .730 1.09 1.64 2.46 3.69 5.54
6
35 0.18 1000.   0.0 0 CY2013
34 0.18 1000.   0.0 0 CB2013
33 0.18 1000.   0.0 0 BSSA2013
36 0.18 1000.   0.0 0 AS2013
37 0.18 1000.   0.0 0 ID2013
38 0.10 1000.   0.0 0 GK2013
1.  1.
3               !3 branches on Magnitude epistemic variability
-.2 0. .2           ! -dM, 0, + dM epistemic mag variability. Branches have same moment rate
.2 .6 .2          !Weights assigned to epistemic mag variability branches
0.12 5          !M aleatory variability, sigma=0.12, 5 steps on either side of 0, each sigma*0.4
           1           3           1           0    667 Georgia Gulch fault                           
   6.4200001      7.14032140E-05  0.60000002      3.41757527E+14
   50.000000       19.581120       0.0000000       14.376439    
           5
      45.62593     -112.26820
      45.58343     -112.25507
      45.56088     -112.26118
      45.53770     -112.24834
      45.50015     -112.24016
           1           3           1           0    667 Georgia Gulch fault                           
   6.4200001      7.14032140E-05  0.20000000      2.88865911E+14
   65.000000       16.550674       0.0000000       14.376439    
           5
      45.62593     -112.26820
      45.58343     -112.25507
      45.56088     -112.26118
      45.53770     -112.24834
      45.50015     -112.24016
           1           3           1           0    667 Georgia Gulch fault                           
   6.4200001      7.14032140E-05  0.20000000      4.56436979E+14
   35.000000       26.151720       0.0000000       14.376439    
           5
      45.62593     -112.26820
      45.58343     -112.25507
      45.56088     -112.26118
      45.53770     -112.24834
      45.50015     -112.24016
           1           3           1           0    698 Jocko fault                                   
   6.4699998      1.71552805E-04  0.60000002      9.75885558E+14
   50.000000       19.581120       0.0000000       15.907570    
           4
      47.14798     -113.97453
      47.12525     -113.98396
      47.05608     -114.04640
      47.01825     -114.05458
           1           3           1           0    698 Jocko fault                                   
   6.4699998      1.71552805E-04  0.20000000      8.24854039E+14
   65.000000       16.550674       0.0000000       15.907570    
           4
      47.14798     -113.97453
      47.12525     -113.98396
      47.05608     -114.04640
      47.01825     -114.05458
           1           3           1           0    698 Jocko fault                                   
   6.4699998      1.71552805E-04  0.20000000      1.30335172E+15
   35.000000       26.151720       0.0000000       15.907570    
           4
      47.14798     -113.97453
      47.12525     -113.98396
      47.05608     -114.04640
      47.01825     -114.05458
           1           3           1           0    648a Red Rock Hills fault                         
   6.2700000      4.89766826E-04  0.60000002      1.39633386E+15
   50.000000       19.581120       0.0000000       10.711130    
           3
      44.94772     -112.79269
      44.90801     -112.75200
      44.87360     -112.70627
           1           3           1           0    648a Red Rock Hills fault                         
   6.2700000      4.89766826E-04  0.20000000      1.18023218E+15
   65.000000       16.550674       0.0000000       10.711130    
           3
      44.94772     -112.79269
      44.90801     -112.75200
      44.87360     -112.70627
           1           3           1           0    648a Red Rock Hills fault                         
   6.2700000      4.89766826E-04  0.20000000      1.86488473E+15
   35.000000       26.151720       0.0000000       10.711130    
           3
      44.94772     -112.79269
      44.90801     -112.75200
      44.87360     -112.70627
           1           3           1           0    645 Sweetwater fault                              
   6.3800001      9.63546481E-05  0.60000002      4.01672052E+14
   50.000000       19.581120       0.0000000       13.095034    
           2
      45.03990     -112.27483
      45.11096     -112.40781
           1           3           1           0    645 Sweetwater fault                              
   6.3800001      9.63546481E-05  0.20000000      3.39507837E+14
   65.000000       16.550674       0.0000000       13.095034    
           2
      45.03990     -112.27483
      45.11096     -112.40781
           1           3           1           0    645 Sweetwater fault                              
   6.3800001      9.63546481E-05  0.20000000      5.36456313E+14
   35.000000       26.151720       0.0000000       13.095034    
           2
      45.03990     -112.27483
      45.11096     -112.40781
           1           3           1           0    696 Thompson Valley fault                         
   6.2199998      2.44818075E-04  0.60000002      5.87279131E+14
   50.000000       19.581120       0.0000000       9.5730333    
           2
      47.76645     -114.97842
      47.68272     -114.94868
           1           3           1           0    696 Thompson Valley fault                         
   6.2199998      2.44818075E-04  0.20000000      4.96389704E+14
   65.000000       16.550674       0.0000000       9.5730333    
           2
      47.76645     -114.97842
      47.68272     -114.94868
           1           3           1           0    696 Thompson Valley fault                         
   6.2199998      2.44818075E-04  0.20000000      7.84345317E+14
   35.000000       26.151720       0.0000000       9.5730333    
           2
      47.76645     -114.97842
      47.68272     -114.94868
           1           3           1           0    903 Acala fault                                   
   6.0900002      0.13924654      0.60000002      2.13199308E+17
   50.000000       19.581120       0.0000000       3159.3523    
           2
      31.41141     -105.93845
       3.00000     -105.88800
           1           3           1           0    903 Acala fault                                   
   6.0900002      0.13924654      0.20000000      1.80203823E+17
   65.000000       16.550674       0.0000000       3159.3523    
           2
      31.41141     -105.93845
       3.00000     -105.88800
           1           3           1           0    903 Acala fault                                   
   6.0900002      0.13924654      0.20000000      2.84740028E+17
   35.000000       26.151720       0.0000000       3159.3523    
           2
      31.41141     -105.93845
       3.00000     -105.88800
           1           3           1           0    904 Arroyo Diablo fault                           
   6.4099998      3.02960980E-05  0.60000002      1.40083714E+14
   50.000000       19.581120       0.0000000       14.052034    
           3
      31.30621     -105.72004
      31.28537     -105.69515
      31.20227     -105.63757
           1           3           1           0    904 Arroyo Diablo fault                           
   6.4099998      3.02960980E-05  0.20000000      1.18403860E+14
   65.000000       16.550674       0.0000000       14.052034    
           3
      31.30621     -105.72004
      31.28537     -105.69515
      31.20227     -105.63757
           1           3           1           0    904 Arroyo Diablo fault                           
   6.4099998      3.02960980E-05  0.20000000      1.87089916E+14
   35.000000       26.151720       0.0000000       14.052034    
           3
      31.30621     -105.72004
      31.28537     -105.69515
      31.20227     -105.63757
           1           3           1           0    1003 Dutchman Draw fault                          
   6.4899998      1.55301299E-04  0.60000002      9.46618375E+14
   50.000000       19.581120       0.0000000       16.459196    
           5
      37.00043     -113.34864
      36.98705     -113.36535
      36.95165     -113.42887
      36.93988     -113.46777
      36.91886     -113.50119
           1           3           1           0    1003 Dutchman Draw fault                          
   6.4899998      1.55301299E-04  0.20000000      8.00116303E+14
   65.000000       16.550674       0.0000000       16.459196    
           5
      37.00043     -113.34864
      36.98705     -113.36535
      36.95165     -113.42887
      36.93988     -113.46777
      36.91886     -113.50119
           1           3           1           0    1003 Dutchman Draw fault                          
   6.4899998      1.55301299E-04  0.20000000      1.26426362E+15
   35.000000       26.151720       0.0000000       16.459196    
           5
      37.00043     -113.34864
      36.98705     -113.36535
      36.95165     -113.42887
      36.93988     -113.46777
      36.91886     -113.50119
           1           3           1           0    2040 East Paradise fault zone                     
   6.3800001      2.32802868E-05  0.60000002      9.70481499E+13
   50.000000       19.581120       0.0000000       13.182899    
           3
      35.26396     -106.67746
      35.21196     -106.68338
      35.14574     -106.68790
           1           3           1           0    2040 East Paradise fault zone                     
   6.3800001      2.32802868E-05  0.20000000      8.20286325E+13
   65.000000       16.550674       0.0000000       13.182899    
           3
      35.26396     -106.67746
      35.21196     -106.68338
      35.14574     -106.68790
           1           3           1           0    2040 East Paradise fault zone                     
   6.3800001      2.32802868E-05  0.20000000      1.29613431E+14
   35.000000       26.151720       0.0000000       13.182899    
           3
      35.26396     -106.67746
      35.21196     -106.68338
      35.14574     -106.68790
           1           3           1           0    2005 La Canada del Amagre fault zone              
   6.5000000      2.44124258E-05  0.60000002      1.54031721E+14
   50.000000       19.581120       0.0000000       16.738781    
           4
      36.02293     -106.24306
      36.06929     -106.23102
      36.10531     -106.23363
      36.17009     -106.21206
           1           3           1           0    2005 La Canada del Amagre fault zone              
   6.5000000      2.44124258E-05  0.20000000      1.30193218E+14
   65.000000       16.550674       0.0000000       16.738781    
           4
      36.02293     -106.24306
      36.06929     -106.23102
      36.10531     -106.23363
      36.17009     -106.21206
           1           3           1           0    2005 La Canada del Amagre fault zone              
   6.5000000      2.44124258E-05  0.20000000      2.05718280E+14
   35.000000       26.151720       0.0000000       16.738781    
           4
      36.02293     -106.24306
      36.06929     -106.23102
      36.10531     -106.23363
      36.17009     -106.21206
           1           3           1           0    2028 Sawyer Canyon fault                          
   6.1500001      8.24224262E-05  0.60000002      1.55255468E+14
   50.000000       19.581120       0.0000000       8.4358835    
           4
      35.90830     -106.25455
      35.93336     -106.25429
      35.94711     -106.26614
      35.97873     -106.28169
           1           3           1           0    2028 Sawyer Canyon fault                          
   6.1500001      8.24224262E-05  0.20000000      1.31227575E+14
   65.000000       16.550674       0.0000000       8.4358835    
           4
      35.90830     -106.25455
      35.93336     -106.25429
      35.94711     -106.26614
      35.97873     -106.28169
           1           3           1           0    2028 Sawyer Canyon fault                          
   6.1500001      8.24224262E-05  0.20000000      2.07352666E+14
   35.000000       26.151720       0.0000000       8.4358835    
           4
      35.90830     -106.25455
      35.93336     -106.25429
      35.94711     -106.26614
      35.97873     -106.28169
