0               !Use with hazFX. Characteristic-M fault file 
24.6 50. 0.05           !site grid. Using M=M(SRL) Wells and Co. except special situations 
-125. -100. 0.05
760.0 2.0          ! Vs30 and depth (km) to 2.5 km/s rock
1.0 300.
3       !3 spectral periods.  M<6.5 sources are in a separate file
0. 1. 0. PGA. 
0.375 0.210 0.245
0.230 0.225 0.23
0.400 0.360 0.31
../out/WC_4gmpes.UT.65.pga
20
.005 .007 .0098 .0137 .0192 .0269 .0376 .0527 .0738 .103 .145 .203 .284 .397 .556 .778 1.09 1.52 2.2 3.3
4
35 0.25 1000.   0.0 0 CY2013
34 0.25 1000.   0.0 0 CB2013
33 0.25 1000.   0.0 0 BSSA2013
16 0.25 1000.   0.0 0 AS2008
0.20 1. 0. PSA
0.375 0.210 0.245
0.230 0.225 0.23
0.400 0.360 0.31
../out/WC_4gmpes.UT.65.5hz
19
.005 .0075 .0113 .0169 .0253 .0380 .0570 .0854 .128 .192 .288 .432 .649 .973 1.46 2.19 3.28 4.92 7.38
4
35 0.25 1000.   0.0 0 CY2013
34 0.25 1000.   0.0 0 CB2013
33 0.25 1000.   0.0 0 BSSA2013
16 0.25 1000.   0.0 0 AS2008
1.00 1. 0. PSA
0.375 0.210 0.245
0.230 0.225 0.23
0.400 0.360 0.31
../out/WC_4gmpes.UT.65.1hz
20
.0025 .00375 .00563 .00844 .0127 .0190 .0285 .0427 .0641 .0961 .144 .216 .324 .487 .730 1.09 1.64 2.46 3.69 5.54
4
35 0.25 1000.   0.0 0 CY2013
34 0.25 1000.   0.0 0 CB2013
33 0.25 1000.   0.0 0 BSSA2013
16 0.25 1000.   0.0 0 AS2008
1.  1.
3               !3 branches on Magnitude epistemic variability
-.2 0. .2           ! -dM, 0, + dM epistemic mag variability. Branches have same moment rate
.2 .6 .2          !Weights assigned to epistemic mag variability branches
0.12 5          !M aleatory variability, sigma=0.12, 5 steps on either side of 0, each sigma*0.4
 1 3 1 1    2358 Hansel Valley fault                          
 6.38 2.8988951E-4 0.6 1.2084578E+15
 50.0 19.58112 0.0E+0 13.132431
 5
      41.68387     -112.75636
      41.71019     -112.74944
      41.73930     -112.73354
      41.78090     -112.72923
      41.79805     -112.72141
 1 3 1 1    2358 Hansel Valley fault                          
 6.38 2.8988951E-4 0.2 1.6139654E+15
 35.0 26.15172 0.0E+0 13.132431
 5
      41.68387     -112.75636
      41.71019     -112.74944
      41.73930     -112.73354
      41.78090     -112.72923
      41.79805     -112.72141
 1 3 1 1    2358 Hansel Valley fault                          
 6.38 2.8988951E-4 0.2 1.0214325E+15
 65.0 16.550674 0.0E+0 13.132431
 5
      41.68387     -112.75636
      41.71019     -112.74944
      41.73930     -112.73354
      41.78090     -112.72923
      41.79805     -112.72141
