0               !Use with hazFX. Characteristic-M fault file 
24.6 50. 0.05           !site grid. Using M=M(SRL) Wells and Co. except special situations 
-125. -100. 0.05
760.0 2.0          ! Vs30 and depth (km) to 2.5 km/s rock
1. 200.
3       !3 spectral periods.  M<6.5 sources are in a separate file
0. 1. 0. PGA. 
0.375 0.210 0.245
0.230 0.225 0.23
0.400 0.360 0.31
../out/d1WCsrl.IMW.ss90d.ch.pga
20
.005 .007 .0098 .0137 .0192 .0269 .0376 .0527 .0738 .103 .145 .203 .284 .397 .556 .778 1.09 1.52 2.2 3.3
6
35 0.20 1000.   0.0 0 CY2013
34 0.20 1000.   0.0 0 CB2013
33 0.20 1000.   0.0 0 BSSA2013
16 0.20 1000.   0.0 0 AS2008
37 0.10 1000.   0.0 0 ID2013
38 0.10 1000.   0.0 0 GK2013
0.20 1. 0. PSA
0.375 0.210 0.245
0.230 0.225 0.23
0.400 0.360 0.31
../out/d1WCsrl.IMW.ss90d.ch.5hz
19
.005 .0075 .0113 .0169 .0253 .0380 .0570 .0854 .128 .192 .288 .432 .649 .973 1.46 2.19 3.28 4.92 7.38
6
35 0.20 1000.   0.0 0 CY2013
34 0.20 1000.   0.0 0 CB2013
33 0.20 1000.   0.0 0 BSSA2013
16 0.20 1000.   0.0 0 AS2008
37 0.10 1000.   0.0 0 ID2013
38 0.10 1000.   0.0 0 GK2013
1.00 1. 0. PSA
0.375 0.210 0.245
0.230 0.225 0.23
0.400 0.360 0.31
../out/d1WCsrl.IMW.ss90d.ch.1hz
20
.0025 .00375 .00563 .00844 .0127 .0190 .0285 .0427 .0641 .0961 .144 .216 .324 .487 .730 1.09 1.64 2.46 3.69 5.54
6
35 0.20 1000.   0.0 0 CY2013
34 0.20 1000.   0.0 0 CB2013
33 0.20 1000.   0.0 0 BSSA2013
16 0.20 1000.   0.0 0 AS2008
37 0.10 1000.   0.0 0 ID2013
38 0.10 1000.   0.0 0 GK2013
1.  1.
3               !3 branches on Magnitude epistemic variability
-.2 0. .2           ! -dM, 0, + dM epistemic mag variability. Branches have same moment rate
.2 .6 .2          !Weights assigned to epistemic mag variability branches
0.12 5          !M aleatory variability, sigma=0.12, 5 steps on either side of 0, each sigma*0.4
           1           1           1           0    1320 Benton Spring fault, southern section        
 7.320 0.0000933 1.0000 0.99933E+16
   90.000000       15.000000       0.0000000       85.412666    
          26
      38.90766     -118.47002
      38.88924     -118.45663
      38.85582     -118.40982
      38.78377     -118.32797
      38.76392     -118.31881
      38.73103     -118.31162
      38.65036     -118.23750
      38.62754     -118.21334
      38.62179     -118.19914
      38.60822     -118.18297
      38.55684     -118.15548
      38.53492     -118.13400
      38.52153     -118.13275
      38.51425     -118.12556
      38.49583     -118.12367
      38.46745     -118.09492
      38.43825     -118.07561
      38.41687     -118.07372
      38.40797     -118.08208
      38.39656     -118.07848
      38.38749     -118.07408
      38.38201     -118.06213
      38.34203     -118.04587
      38.31499     -118.02367
      38.27924     -118.02224
      38.26262     -118.03311
           1           1           1           0    1326 Bettles Well-Petrified Springs fault         
 7.230 0.0000407 1.0000 0.31969E+16
   90.000000       15.000000       0.0000000       71.042885    
          22
      38.31580     -117.86097
      38.37653     -117.86484
      38.42513     -117.89197
      38.43133     -117.90517
      38.47086     -117.94283
      38.49386     -117.94659
      38.50257     -117.95316
      38.51443     -117.97391
      38.51263     -118.00158
      38.51740     -118.01029
      38.53734     -118.01649
      38.54938     -118.02628
      38.55729     -118.04111
      38.57139     -118.04587
      38.67524     -118.12350
      38.68890     -118.12916
      38.70786     -118.14892
      38.78072     -118.19977
      38.79536     -118.23589
      38.81261     -118.26060
      38.81719     -118.25951
      38.82716     -118.26922
           1           1           1           0    NV1 Coaldale fault 1                              
 7.190 0.0000430 1.0000 0.29438E+16
   90.000000       15.000000       0.0000000       65.418243    
           6
      38.07746     -117.75890
      38.00927     -117.87292
      37.99984     -118.22393
      37.98780     -118.29293
      37.94675     -118.38897
      37.91171     -118.44593
           1           1           1           0    NV2 Coaldale fault 2                              
 6.510 0.0001183 1.0000 0.77293E+15
   90.000000       15.000000       0.0000000       17.176163    
           3
      37.99993     -118.29598
      37.99077     -118.34495
      37.92932     -118.46794
           1           1           1           0    2007ab Embudo fault                               
 7.190 0.0000564 1.0000 0.38551E+16
   90.000000       15.000000       0.0000000       65.899246    
          10
      36.32938     -105.59998
      36.32866     -105.61821
      36.31195     -105.67993
      36.30090     -105.74920
      36.27637     -105.78460
      36.23136     -105.86501
      36.17799     -105.97865
      36.12094     -106.07128
      36.07648     -106.12797
      36.03524     -106.22410
           1           1           1           0    1316 faults in Excelsior Mountains                
 6.740 0.0000833 1.0000 0.12037E+16
   90.000000       15.000000       0.0000000       26.748747    
           9
      38.24842     -118.35654
      38.25274     -118.33704
      38.24932     -118.31171
      38.26172     -118.22996
      38.26226     -118.19348
      38.25830     -118.18845
      38.25669     -118.14658
      38.24123     -118.12223
      38.22201     -118.06716
           1           1           1           0    1302 Huntoon Valley fault system                  
 6.920 0.0000640 1.0000 0.17236E+16
   90.000000       15.000000       0.0000000       38.302612    
           9
      37.99948     -118.70341
      38.02589     -118.68024
      38.06165     -118.63388
      38.08698     -118.61610
      38.18823     -118.52077
      38.18679     -118.51583
      38.20692     -118.46201
      38.24070     -118.44468
      38.25651     -118.43147
