0               !Use with hazFX. Characteristic-M fault file 
24.6 50. 0.05           !site grid. Using M=M(SRL) Wells and Co. except special situations 
-125. -100. 0.05
760.0 2.0          ! Vs30 and depth (km) to 2.5 km/s rock
1. 200.
3       !3 spectral periods.  M<6.5 sources are in a separate file
0. 1. 0. PGA. 
0.375 0.210 0.245
0.230 0.225 0.23
0.400 0.360 0.31
../out/d1WCsrl.NV.3dip.65.pga
20
.005 .007 .0098 .0137 .0192 .0269 .0376 .0527 .0738 .103 .145 .203 .284 .397 .556 .778 1.09 1.52 2.2 3.3
6
35 0.20 1000.   0.0 0 CY2013
34 0.20 1000.   0.0 0 CB2013
33 0.20 1000.   0.0 0 BSSA2013
16 0.20 1000.   0.0 0 AS2008
37 0.10 1000.   0.0 0 ID2013
38 0.10 1000.   0.0 0 GK2013
0.20 1. 0. PSA
0.375 0.210 0.245
0.230 0.225 0.23
0.400 0.360 0.31
../out/d1WCsrl.NV.3dip.65.5hz
19
.005 .0075 .0113 .0169 .0253 .0380 .0570 .0854 .128 .192 .288 .432 .649 .973 1.46 2.19 3.28 4.92 7.38
6
35 0.20 1000.   0.0 0 CY2013
34 0.20 1000.   0.0 0 CB2013
33 0.20 1000.   0.0 0 BSSA2013
16 0.20 1000.   0.0 0 AS2008
37 0.10 1000.   0.0 0 ID2013
38 0.10 1000.   0.0 0 GK2013
1.00 1. 0. PSA
0.375 0.210 0.245
0.230 0.225 0.23
0.400 0.360 0.31
../out/d1WCsrl.NV.3dip.65.1hz
20
.0025 .00375 .00563 .00844 .0127 .0190 .0285 .0427 .0641 .0961 .144 .216 .324 .487 .730 1.09 1.64 2.46 3.69 5.54
6
35 0.20 1000.   0.0 0 CY2013
34 0.20 1000.   0.0 0 CB2013
33 0.20 1000.   0.0 0 BSSA2013
16 0.20 1000.   0.0 0 AS2008
37 0.10 1000.   0.0 0 ID2013
38 0.10 1000.   0.0 0 GK2013
1.  1.
3               !3 branches on Magnitude epistemic variability
-.2 0. .2           ! -dM, 0, + dM epistemic mag variability. Branches have same moment rate
.2 .6 .2          !Weights assigned to epistemic mag variability branches
0.12 5          !M aleatory variability, sigma=0.12, 5 steps on either side of 0, each sigma*0.4
           1           3           1           0    1116 Black Hills fault                            
   6.1999998      2.30776743E-04  0.60000002      5.16642958E+14
   50.000000       19.581120       0.0000000       8.7949162    
           3
      35.89002     -114.96812
      35.92281     -114.94853
      35.95794     -114.91862
           1           3           1           0    1116 Black Hills fault                            
   6.1999998      2.30776743E-04  0.20000000      4.36685431E+14
   50.000000       16.550674       0.0000000       8.7949162    
           3
      35.89002     -114.96812
      35.92281     -114.94853
      35.95794     -114.91862
           1           3           1           0    1116 Black Hills fault                            
   6.1999998      2.30776743E-04  0.20000000      6.90006629E+14
   50.000000       26.151720       0.0000000       8.7949162    
           3
      35.89002     -114.96812
      35.92281     -114.94853
      35.95794     -114.91862
           1           3           1           0    1139 Buffalo Mountain fault                       
   6.5000000      1.68275423E-04  0.60000002      1.06174424E+15
   50.000000       19.581120       0.0000000       18.074284    
           5
      40.68798     -117.42229
      40.73461     -117.33694
      40.76130     -117.30451
      40.77558     -117.26696
      40.78537     -117.25249
           1           3           1           0    1139 Buffalo Mountain fault                       
   6.5000000      1.68275423E-04  0.20000000      8.97424894E+14
   50.000000       16.550674       0.0000000       18.074284    
           5
      40.68798     -117.42229
      40.73461     -117.33694
      40.76130     -117.30451
      40.77558     -117.26696
      40.78537     -117.25249
           1           3           1           0    1139 Buffalo Mountain fault                       
   6.5000000      1.68275423E-04  0.20000000      1.41802090E+15
   50.000000       26.151720       0.0000000       18.074284    
           5
      40.68798     -117.42229
      40.73461     -117.33694
      40.76130     -117.30451
      40.77558     -117.26696
      40.78537     -117.25249
           1           3           1           0    1121 Coyote Spring fault                          
   6.4000001      1.99554270E-05  0.60000002      8.91379358E+13
   50.000000       19.581120       0.0000000       15.174129    
           7
      37.19321     -114.97811
      37.16769     -114.97407
      37.15817     -114.97704
      37.11316     -114.96823
      37.09636     -114.97137
      37.07013     -114.98413
      37.05989     -114.98359
           1           3           1           0    1121 Coyote Spring fault                          
   6.4000001      1.99554270E-05  0.20000000      7.53426267E+13
   50.000000       16.550674       0.0000000       15.174129    
           7
      37.19321     -114.97811
      37.16769     -114.97407
      37.15817     -114.97704
      37.11316     -114.96823
      37.09636     -114.97137
      37.07013     -114.98413
      37.05989     -114.98359
           1           3           1           0    1121 Coyote Spring fault                          
   6.4000001      1.99554270E-05  0.20000000      1.19048877E+14
   50.000000       26.151720       0.0000000       15.174129    
           7
      37.19321     -114.97811
      37.16769     -114.97407
      37.15817     -114.97704
      37.11316     -114.96823
      37.09636     -114.97137
      37.07013     -114.98413
      37.05989     -114.98359
           1           3           1           0    1472 Duck Flat fault                              
   6.5000000      1.51751708E-04  0.60000002      9.57486857E+14
   50.000000       19.581120       0.0000000       16.299490    
           4
      41.14822     -119.94858
      41.11561     -119.94076
      41.03511     -119.94866
      41.00259     -119.94382
           1           3           1           0    1472 Duck Flat fault                              
   6.5000000      1.51751708E-04  0.20000000      8.09302768E+14
   50.000000       16.550674       0.0000000       16.299490    
           4
      41.14822     -119.94858
      41.11561     -119.94076
      41.03511     -119.94866
      41.00259     -119.94382
           1           3           1           0    1472 Duck Flat fault                              
   6.5000000      1.51751708E-04  0.20000000      1.27877913E+15
   50.000000       26.151720       0.0000000       16.299490    
           4
      41.14822     -119.94858
      41.11561     -119.94076
      41.03511     -119.94866
      41.00259     -119.94382
           1           3           1           0    1134 Dunn Glenn fault                             
   6.5000000      1.50037507E-04  0.60000002      9.46670989E+14
   50.000000       19.581120       0.0000000       16.115368    
           7
      40.87323     -117.90430
      40.86191     -117.93629
      40.85382     -117.94608
      40.82148     -117.95371
      40.78860     -117.97303
      40.77081     -117.97456
      40.75105     -117.96692
           1           3           1           0    1134 Dunn Glenn fault                             
   6.5000000      1.50037507E-04  0.20000000      8.00160796E+14
   50.000000       16.550674       0.0000000       16.115368    
           7
      40.87323     -117.90430
      40.86191     -117.93629
      40.85382     -117.94608
      40.82148     -117.95371
      40.78860     -117.97303
      40.77081     -117.97456
      40.75105     -117.96692
           1           3           1           0    1134 Dunn Glenn fault                             
   6.5000000      1.50037507E-04  0.20000000      1.26433395E+15
   50.000000       26.151720       0.0000000       16.115368    
           7
      40.87323     -117.90430
      40.86191     -117.93629
      40.85382     -117.94608
      40.82148     -117.95371
      40.78860     -117.97303
      40.77081     -117.97456
      40.75105     -117.96692
           1           3           1           0    1495a Eastern Pine Forest Range fault zone        
   6.3000002      1.89477258E-04  0.60000002      5.99179680E+14
   50.000000       19.581120       0.0000000       10.199955    
           3
      41.81042     -118.59017
      41.83307     -118.62431
      41.86586     -118.68800
           1           3           1           0    1495a Eastern Pine Forest Range fault zone        
   6.3000002      1.89477258E-04  0.20000000      5.06448484E+14
   50.000000       16.550674       0.0000000       10.199955    
           3
      41.81042     -118.59017
      41.83307     -118.62431
      41.86586     -118.68800
           1           3           1           0    1495a Eastern Pine Forest Range fault zone        
   6.3000002      1.89477258E-04  0.20000000      8.00239179E+14
   50.000000       26.151720       0.0000000       10.199955    
           3
      41.81042     -118.59017
      41.83307     -118.62431
      41.86586     -118.68800
           1           3           1           0    1733 Eglington fault                              
   6.3000002      7.10000022E-05  0.60000002      2.24521714E+14
   50.000000       19.581120       0.0000000       10.997370    
           6
      36.23076     -115.22067
      36.24720     -115.21735
      36.26185     -115.20738
      36.26661     -115.18806
      36.28952     -115.15536
      36.30291     -115.14907
           1           3           1           0    1733 Eglington fault                              
   6.3000002      7.10000022E-05  0.20000000      1.89773935E+14
   50.000000       16.550674       0.0000000       10.997370    
           6
      36.23076     -115.22067
      36.24720     -115.21735
      36.26185     -115.20738
      36.26661     -115.18806
      36.28952     -115.15536
      36.30291     -115.14907
           1           3           1           0    1733 Eglington fault                              
   6.3000002      7.10000022E-05  0.20000000      2.99861765E+14
   50.000000       26.151720       0.0000000       10.997370    
           6
      36.23076     -115.22067
      36.24720     -115.21735
      36.26185     -115.20738
      36.26661     -115.18806
      36.28952     -115.15536
      36.30291     -115.14907
           1           3           1           0    1634 Eugene Mountains fault                       
   6.1999998      2.64007016E-04  0.60000002      5.91036020E+14
   50.000000       19.581120       0.0000000       10.061324    
           4
      40.87107     -118.23421
      40.84826     -118.23402
      40.82095     -118.24409
      40.78168     -118.24660
           1           3           1           0    1634 Eugene Mountains fault                       
   6.1999998      2.64007016E-04  0.20000000      4.99565162E+14
   50.000000       16.550674       0.0000000       10.061324    
           4
      40.87107     -118.23421
      40.84826     -118.23402
      40.82095     -118.24409
      40.78168     -118.24660
           1           3           1           0    1634 Eugene Mountains fault                       
   6.1999998      2.64007016E-04  0.20000000      7.89362845E+14
   50.000000       26.151720       0.0000000       10.061324    
           4
      40.87107     -118.23421
      40.84826     -118.23402
      40.82095     -118.24409
      40.78168     -118.24660
           1           3           1           0    1130 Hiko fault zone                              
   6.5000000      1.43413417E-05  0.60000002      9.04875873E+13
   50.000000       19.581120       0.0000000       15.403884    
           4
      37.67393     -115.18413
      37.64078     -115.21620
      37.56505     -115.24567
      37.54753     -115.24585
           1           3           1           0    1130 Hiko fault zone                              
   6.5000000      1.43413417E-05  0.20000000      7.64834019E+13
   50.000000       16.550674       0.0000000       15.403884    
           4
      37.67393     -115.18413
      37.64078     -115.21620
      37.56505     -115.24567
      37.54753     -115.24585
           1           3           1           0    1130 Hiko fault zone                              
   6.5000000      1.43413417E-05  0.20000000      1.20851412E+14
   50.000000       26.151720       0.0000000       15.403884    
           4
      37.67393     -115.18413
      37.64078     -115.21620
      37.56505     -115.24567
      37.54753     -115.24585
           1           3           1           0    1738 Mount Irish Range fault                      
   6.3000002      2.19079266E-05  0.60000002      6.92789466E+13
   50.000000       19.581120       0.0000000       11.793494    
           4
      37.62883     -115.43029
      37.58553     -115.44511
      37.56388     -115.45958
      37.52740     -115.45455
           1           3           1           0    1738 Mount Irish Range fault                      
   6.3000002      2.19079266E-05  0.20000000      5.85570892E+13
   50.000000       16.550674       0.0000000       11.793494    
           4
      37.62883     -115.43029
      37.58553     -115.44511
      37.56388     -115.45958
      37.52740     -115.45455
           1           3           1           0    1738 Mount Irish Range fault                      
   6.3000002      2.19079266E-05  0.20000000      9.25260443E+13
   50.000000       26.151720       0.0000000       11.793494    
           4
      37.62883     -115.43029
      37.58553     -115.44511
      37.56388     -115.45958
      37.52740     -115.45455
           1           3           1           0    1711 Northern Butte Valley fault                  
   6.5000000      1.54266832E-04  0.60000002      9.73356224E+14
   50.000000       19.581120       0.0000000       16.569637    
           6
      40.36567     -114.94562
      40.30943     -114.96493
      40.29703     -114.97562
      40.28391     -114.97482
      40.25723     -114.98532
      40.23145     -115.01641
           1           3           1           0    1711 Northern Butte Valley fault                  
   6.5000000      1.54266832E-04  0.20000000      8.22716152E+14
   50.000000       16.550674       0.0000000       16.569637    
           6
      40.36567     -114.94562
      40.30943     -114.96493
      40.29703     -114.97562
      40.28391     -114.97482
      40.25723     -114.98532
      40.23145     -115.01641
           1           3           1           0    1711 Northern Butte Valley fault                  
   6.5000000      1.54266832E-04  0.20000000      1.29997359E+15
   50.000000       26.151720       0.0000000       16.569637    
           6
      40.36567     -114.94562
      40.30943     -114.96493
      40.29703     -114.97562
      40.28391     -114.97482
      40.25723     -114.98532
      40.23145     -115.01641
           1           3           1           0    1158 Northern Simpson Park Mountains fault zone   
   6.4000001      1.69979627E-04  0.60000002      7.59273781E+14
   50.000000       19.581120       0.0000000       12.925268    
           6
      40.08805     -116.34679
      40.06218     -116.37248
      40.05688     -116.39323
      40.05967     -116.42369
      40.04861     -116.45065
      40.04331     -116.47598
           1           3           1           0    1158 Northern Simpson Park Mountains fault zone   
   6.4000001      1.69979627E-04  0.20000000      6.41765825E+14
   50.000000       16.550674       0.0000000       12.925268    
           6
      40.08805     -116.34679
      40.06218     -116.37248
      40.05688     -116.39323
      40.05967     -116.42369
      40.04861     -116.45065
      40.04331     -116.47598
           1           3           1           0    1158 Northern Simpson Park Mountains fault zone   
   6.4000001      1.69979627E-04  0.20000000      1.01405413E+15
   50.000000       26.151720       0.0000000       12.925268    
           6
      40.08805     -116.34679
      40.06218     -116.37248
      40.05688     -116.39323
      40.05967     -116.42369
      40.04861     -116.45065
      40.04331     -116.47598
           1           3           1           0    1644 Peavine Peak fault zone                      
   6.4000001      8.33300001E-04  0.60000002      3.72222750E+15
   50.000000       19.581120       0.0000000       12.678997    
           7
      39.58701     -119.91092
      39.59420     -119.91056
      39.60579     -119.91846
      39.62573     -119.94335
      39.63319     -119.96375
      39.63238     -119.97444
      39.66849     -119.99798
           1           3           1           0    1644 Peavine Peak fault zone                      
   6.4000001      8.33300001E-04  0.20000000      3.14616233E+15
   50.000000       16.550674       0.0000000       12.678997    
           7
      39.58701     -119.91092
      39.59420     -119.91056
      39.60579     -119.91846
      39.62573     -119.94335
      39.63319     -119.96375
      39.63238     -119.97444
      39.66849     -119.99798
           1           3           1           0    1644 Peavine Peak fault zone                      
   6.4000001      8.33300001E-04  0.20000000      4.97125070E+15
   50.000000       26.151720       0.0000000       12.678997    
           7
      39.58701     -119.91092
      39.59420     -119.91056
      39.60579     -119.91846
      39.62573     -119.94335
      39.63319     -119.96375
      39.63238     -119.97444
      39.66849     -119.99798
           1           3           1           0    NV3 Petersen Mountain fault 2                     
   6.5000000      7.58581664E-05  0.60000002      4.78631827E+14
   50.000000       19.581120       0.0000000       16.295691    
           7
      39.75671     -119.93042
      39.77387     -119.94228
      39.78654     -119.94138
      39.80415     -119.93095
      39.82769     -119.93787
      39.88626     -119.94470
      39.89803     -119.94075
           1           3           1           0    NV3 Petersen Mountain fault 2                     
   6.5000000      7.58581664E-05  0.20000000      4.04557062E+14
   50.000000       16.550674       0.0000000       16.295691    
           7
      39.75671     -119.93042
      39.77387     -119.94228
      39.78654     -119.94138
      39.80415     -119.93095
      39.82769     -119.93787
      39.88626     -119.94470
      39.89803     -119.94075
           1           3           1           0    NV3 Petersen Mountain fault 2                     
   6.5000000      7.58581664E-05  0.20000000      6.39240518E+14
   50.000000       26.151720       0.0000000       16.295691    
           7
      39.75671     -119.93042
      39.77387     -119.94228
      39.78654     -119.94138
      39.80415     -119.93095
      39.82769     -119.93787
      39.88626     -119.94470
      39.89803     -119.94075
           1           3           1           0    1617 Selenite Range fault zone                    
   6.5000000      1.66833430E-04  0.60000002      1.05264595E+15
   50.000000       19.581120       0.0000000       17.919403    
           6
      40.49833     -119.28949
      40.46024     -119.30270
      40.44829     -119.30180
      40.42152     -119.28868
      40.37992     -119.29739
      40.34084     -119.29839
           1           3           1           0    1617 Selenite Range fault zone                    
   6.5000000      1.66833430E-04  0.20000000      8.89734688E+14
   50.000000       16.550674       0.0000000       17.919403    
           6
      40.49833     -119.28949
      40.46024     -119.30270
      40.44829     -119.30180
      40.42152     -119.28868
      40.37992     -119.29739
      40.34084     -119.29839
           1           3           1           0    1617 Selenite Range fault zone                    
   6.5000000      1.66833430E-04  0.20000000      1.40586963E+15
   50.000000       26.151720       0.0000000       17.919403    
           6
      40.49833     -119.28949
      40.46024     -119.30270
      40.44829     -119.30180
      40.42152     -119.28868
      40.37992     -119.29739
      40.34084     -119.29839
