0               !Use with hazFX. Characteristic-M fault file 
24.6 50. 0.05           !site grid. Using M=M(SRL) Wells and Co. except special situations 
-125. -100. 0.05
760.0 2.0          ! Vs30 and depth (km) to 2.5 km/s rock
1.0 200.
3       !3 spectral periods.  M<6.5 sources are in a separate file
0. 1. 0. PGA. 
0.370 0.220 0.220
0.250 0.230 0.230
0.400 0.360 0.330
../out/zeng2.65.pga
20
.005 .007 .0098 .0137 .0192 .0269 .0376 .0527 .0738 .103 .145 .203 .284 .397 .556 .778 1.09 1.52 2.2 3.3
6
35 0.18 1000.   0.0 0 CY2013
34 0.18 1000.   0.0 0 CB2013
33 0.18 1000.   0.0 0 BSSA2013
36 0.18 1000.   0.0 0 AS2013
37 0.18 1000.   0.0 0 ID2013
38 0.10 1000.   0.0 0 GK2013
0.20 1. 0. PSA
0.370 0.220 0.220
0.250 0.230 0.230
0.400 0.360 0.330
../out/zeng2.65.5hz
19
.005 .0075 .0113 .0169 .0253 .0380 .0570 .0854 .128 .192 .288 .432 .649 .973 1.46 2.19 3.28 4.92 7.38
6
35 0.18 1000.   0.0 0 CY2013
34 0.18 1000.   0.0 0 CB2013
33 0.18 1000.   0.0 0 BSSA2013
36 0.18 1000.   0.0 0 AS2013
37 0.18 1000.   0.0 0 ID2013
38 0.10 1000.   0.0 0 GK2013
1.00 1. 0. PSA
0.370 0.220 0.220
0.250 0.230 0.230
0.400 0.360 0.330
../out/zeng2.65.1hz
20
.0025 .00375 .00563 .00844 .0127 .0190 .0285 .0427 .0641 .0961 .144 .216 .324 .487 .730 1.09 1.64 2.46 3.69 5.54
6
35 0.18 1000.   0.0 0 CY2013
34 0.18 1000.   0.0 0 CB2013
33 0.18 1000.   0.0 0 BSSA2013
36 0.18 1000.   0.0 0 AS2013
37 0.18 1000.   0.0 0 ID2013
38 0.10 1000.   0.0 0 GK2013
1.  1.
3               !3 branches on Magnitude epistemic variability
-.2 0. .2           ! -dM, 0, + dM epistemic mag variability. Branches have same moment rate
.2 .6 .2          !Weights assigned to epistemic mag variability branches
0.12 5          !M aleatory variability, sigma=0.12, 5 steps on either side of 0, each sigma*0.4
 1 3 1 1    1003 Dutchman Draw fault                          
 6.49 2.0621053E-4 0.6 1.2569289E+15
 50.0 19.58112 0.0E+0 16.459196
 5
      37.00043     -113.34864
      36.98705     -113.36535
      36.95165     -113.42887
      36.93988     -113.46777
      36.91886     -113.50119
 1 3 1 1    1003 Dutchman Draw fault                          
 6.49 2.0621053E-4 0.2 1.062402E+15
 65.0 16.550674 0.0E+0 16.459196
 5
      37.00043     -113.34864
      36.98705     -113.36535
      36.95165     -113.42887
      36.93988     -113.46777
      36.91886     -113.50119
 1 3 1 1    1003 Dutchman Draw fault                          
 6.49 2.0621053E-4 0.2 1.6787014E+15
 35.0 26.15172 0.0E+0 16.459196
 5
      37.00043     -113.34864
      36.98705     -113.36535
      36.95165     -113.42887
      36.93988     -113.46777
      36.91886     -113.50119
 1 3 1 1    1116 Black Hills fault                            
 6.18 2.7201444E-4 0.6 5.683183E+14
 50.0 19.58112 0.0E+0 8.795088
 3
      35.89002     -114.96812
      35.92281     -114.94853
      35.95794     -114.91862
 1 3 1 1    1116 Black Hills fault                            
 6.18 2.7201444E-4 0.2 4.803633E+14
 65.0 16.550674 0.0E+0 8.795088
 3
      35.89002     -114.96812
      35.92281     -114.94853
      35.95794     -114.91862
 1 3 1 1    1116 Black Hills fault                            
 6.18 2.7201444E-4 0.2 7.5902205E+14
 35.0 26.15172 0.0E+0 8.795088
 3
      35.89002     -114.96812
      35.92281     -114.94853
      35.95794     -114.91862
 1 3 1 1    1121 Coyote Spring fault                          
 6.45 1.6790296E-5 0.6 8.913676E+13
 50.0 19.58112 0.0E+0 15.173929
 7
      37.19321     -114.97811
      37.16769     -114.97407
      37.15817     -114.97704
      37.11316     -114.96823
      37.09636     -114.97137
      37.07013     -114.98413
      37.05989     -114.98359
 1 3 1 1    1121 Coyote Spring fault                          
 6.45 1.6790296E-5 0.2 7.534163E+13
 65.0 16.550674 0.0E+0 15.173929
 7
      37.19321     -114.97811
      37.16769     -114.97407
      37.15817     -114.97704
      37.11316     -114.96823
      37.09636     -114.97137
      37.07013     -114.98413
      37.05989     -114.98359
 1 3 1 1    1121 Coyote Spring fault                          
 6.45 1.6790296E-5 0.2 1.1904731E+14
 35.0 26.15172 0.0E+0 15.173929
 7
      37.19321     -114.97811
      37.16769     -114.97407
      37.15817     -114.97704
      37.11316     -114.96823
      37.09636     -114.97137
      37.07013     -114.98413
      37.05989     -114.98359
 1 3 1 1    1130 Hiko fault zone                              
 6.46 1.646597E-5 0.6 9.048759E+13
 50.0 19.58112 0.0E+0 15.403884
 4
      37.67393     -115.18413
      37.64078     -115.21620
      37.56505     -115.24567
      37.54753     -115.24585
 1 3 1 1    1130 Hiko fault zone                              
 6.46 1.646597E-5 0.2 7.64834E+13
 65.0 16.550674 0.0E+0 15.403884
 4
      37.67393     -115.18413
      37.64078     -115.21620
      37.56505     -115.24567
      37.54753     -115.24585
 1 3 1 1    1130 Hiko fault zone                              
 6.46 1.646597E-5 0.2 1.2085141E+14
 35.0 26.15172 0.0E+0 15.403884
 4
      37.67393     -115.18413
      37.64078     -115.21620
      37.56505     -115.24567
      37.54753     -115.24585
 1 3 1 1    1134 Dunn Glenn fault                             
 6.48 2.0900193E-4 0.6 1.2306959E+15
 50.0 19.58112 0.0E+0 16.115679
 7
      40.87323     -117.90430
      40.86191     -117.93629
      40.85382     -117.94608
      40.82148     -117.95371
      40.78860     -117.97303
      40.77081     -117.97456
      40.75105     -117.96692
 1 3 1 1    1134 Dunn Glenn fault                             
 6.48 2.0900193E-4 0.2 1.0402289E+15
 65.0 16.550674 0.0E+0 16.115679
 7
      40.87323     -117.90430
      40.86191     -117.93629
      40.85382     -117.94608
      40.82148     -117.95371
      40.78860     -117.97303
      40.77081     -117.97456
      40.75105     -117.96692
 1 3 1 1    1134 Dunn Glenn fault                             
 6.48 2.0900193E-4 0.2 1.6436657E+15
 35.0 26.15172 0.0E+0 16.115679
 7
      40.87323     -117.90430
      40.86191     -117.93629
      40.85382     -117.94608
      40.82148     -117.95371
      40.78860     -117.97303
      40.77081     -117.97456
      40.75105     -117.96692
 1 3 1 1    1158 Northern Simpson Park Mountains fault zone   
 6.37 3.2051454E-4 0.6 1.2907653E+15
 50.0 19.58112 0.0E+0 12.925268
 6
      40.08805     -116.34679
      40.06218     -116.37248
      40.05688     -116.39323
      40.05967     -116.42369
      40.04861     -116.45065
      40.04331     -116.47598
 1 3 1 1    1158 Northern Simpson Park Mountains fault zone   
 6.37 3.2051454E-4 0.2 1.09100175E+15
 65.0 16.550674 0.0E+0 12.925268
 6
      40.08805     -116.34679
      40.06218     -116.37248
      40.05688     -116.39323
      40.05967     -116.42369
      40.04861     -116.45065
      40.04331     -116.47598
 1 3 1 1    1158 Northern Simpson Park Mountains fault zone   
 6.37 3.2051454E-4 0.2 1.7238918E+15
 35.0 26.15172 0.0E+0 12.925268
 6
      40.08805     -116.34679
      40.06218     -116.37248
      40.05688     -116.39323
      40.05967     -116.42369
      40.04861     -116.45065
      40.04331     -116.47598
 1 1 1 1    1304 Rattlesnake Flat fault                       
 6.46 1.5185696E-4 0.6 8.345193E+14
 90.0 15.0 0.0E+0 15.4540615
 4
      38.32460     -118.47900
      38.32047     -118.44666
      38.35057     -118.33849
      38.35362     -118.30910
 1 1 1 1    1304 Rattlesnake Flat fault                       
 6.46 1.5185696E-4 0.2 8.639577E+14
 105.0 15.529138 0.0E+0 15.4540615
 4
      38.32460     -118.47900
      38.32047     -118.44666
      38.35057     -118.33849
      38.35362     -118.30910
 1 1 1 1    1304 Rattlesnake Flat fault                       
 6.46 1.5185696E-4 0.2 8.639582E+14
 75.0 15.529146 0.0E+0 15.4540615
 4
      38.32460     -118.47900
      38.32047     -118.44666
      38.35057     -118.33849
      38.35362     -118.30910
 1 1 1 1    1307 Indian Head fault                            
 6.45 1.5478246E-4 0.6 8.2171314E+14
 90.0 15.0 0.0E+0 15.216908
 5
      38.66859     -118.37451
      38.64362     -118.36706
      38.61559     -118.35169
      38.56537     -118.29797
      38.55180     -118.28907
 1 1 1 1    1307 Indian Head fault                            
 6.45 1.5478246E-4 0.2 8.5069974E+14
 105.0 15.529138 0.0E+0 15.216908
 5
      38.66859     -118.37451
      38.64362     -118.36706
      38.61559     -118.35169
      38.56537     -118.29797
      38.55180     -118.28907
 1 1 1 1    1307 Indian Head fault                            
 6.45 1.5478246E-4 0.2 8.507002E+14
 75.0 15.529146 0.0E+0 15.216908
 5
      38.66859     -118.37451
      38.64362     -118.36706
      38.61559     -118.35169
      38.56537     -118.29797
      38.55180     -118.28907
 1 3 1 1    1472 Duck Flat fault                              
 6.49 2.9846027E-4 0.6 1.819225E+15
 50.0 19.58112 0.0E+0 16.29949
 4
      41.14822     -119.94858
      41.11561     -119.94076
      41.03511     -119.94866
      41.00259     -119.94382
 1 3 1 1    1472 Duck Flat fault                              
 6.49 2.9846027E-4 0.2 1.537675E+15
 65.0 16.550674 0.0E+0 16.29949
 4
      41.14822     -119.94858
      41.11561     -119.94076
      41.03511     -119.94866
      41.00259     -119.94382
 1 3 1 1    1472 Duck Flat fault                              
 6.49 2.9846027E-4 0.2 2.4296801E+15
 35.0 26.15172 0.0E+0 16.29949
 4
      41.14822     -119.94858
      41.11561     -119.94076
      41.03511     -119.94866
      41.00259     -119.94382
 1 3 1 1    1495a Eastern Pine Forest Range fault zone        
 6.25 3.3779535E-4 0.6 8.9877894E+14
 50.0 19.58112 0.0E+0 10.200063
 3
      41.81042     -118.59017
      41.83307     -118.62431
      41.86586     -118.68800
 1 3 1 1    1495a Eastern Pine Forest Range fault zone        
 6.25 3.3779535E-4 0.2 7.5968066E+14
 65.0 16.550674 0.0E+0 10.200063
 3
      41.81042     -118.59017
      41.83307     -118.62431
      41.86586     -118.68800
 1 3 1 1    1495a Eastern Pine Forest Range fault zone        
 6.25 3.3779535E-4 0.2 1.2003714E+15
 35.0 26.15172 0.0E+0 10.200063
 3
      41.81042     -118.59017
      41.83307     -118.62431
      41.86586     -118.68800
 1 3 1 1    1634 Eugene Mountains fault                       
 6.24 2.989217E-4 0.6 7.6834676E+14
 50.0 19.58112 0.0E+0 10.061324
 4
      40.87107     -118.23421
      40.84826     -118.23402
      40.82095     -118.24409
      40.78168     -118.24660
 1 3 1 1    1634 Eugene Mountains fault                       
 6.24 2.989217E-4 0.2 6.494346E+14
 65.0 16.550674 0.0E+0 10.061324
 4
      40.87107     -118.23421
      40.84826     -118.23402
      40.82095     -118.24409
      40.78168     -118.24660
 1 3 1 1    1634 Eugene Mountains fault                       
 6.24 2.989217E-4 0.2 1.02617163E+15
 35.0 26.15172 0.0E+0 10.061324
 4
      40.87107     -118.23421
      40.84826     -118.23402
      40.82095     -118.24409
      40.78168     -118.24660
 1 3 1 1    1644 Peavine Peak fault zone                      
 6.36 7.849313E-4 0.6 3.053738E+15
 50.0 19.58112 0.0E+0 12.679121
 7
      39.58701     -119.91092
      39.59420     -119.91056
      39.60579     -119.91846
      39.62573     -119.94335
      39.63319     -119.96375
      39.63238     -119.97444
      39.66849     -119.99798
 1 3 1 1    1644 Peavine Peak fault zone                      
 6.36 7.849313E-4 0.2 2.5811303E+15
 65.0 16.550674 0.0E+0 12.679121
 7
      39.58701     -119.91092
      39.59420     -119.91056
      39.60579     -119.91846
      39.62573     -119.94335
      39.63319     -119.96375
      39.63238     -119.97444
      39.66849     -119.99798
 1 3 1 1    1644 Peavine Peak fault zone                      
 6.36 7.849313E-4 0.2 4.0784443E+15
 35.0 26.15172 0.0E+0 12.679121
 7
      39.58701     -119.91092
      39.59420     -119.91056
      39.60579     -119.91846
      39.62573     -119.94335
      39.63319     -119.96375
      39.63238     -119.97444
      39.66849     -119.99798
 1 3 1 1    1652 Indian Hill fault                            
 6.13 4.5911816E-4 0.15 8.070927E+14
 50.0 19.58112 0.0E+0 8.081942
 6
      39.04941     -119.82870
      39.05893     -119.81972
      39.06379     -119.80175
      39.06334     -119.78711
      39.08346     -119.78989
      39.09487     -119.77839
 1 3 1 1    1652 Indian Hill fault                            
 6.13 4.5911816E-4 0.05 6.821841E+14
 65.0 16.550674 0.0E+0 8.081942
 6
      39.04941     -119.82870
      39.05893     -119.81972
      39.06379     -119.80175
      39.06334     -119.78711
      39.08346     -119.78989
      39.09487     -119.77839
 1 3 1 1    1652 Indian Hill fault                            
 6.13 4.5911816E-4 0.05 1.077919E+15
 35.0 26.15172 0.0E+0 8.081942
 6
      39.04941     -119.82870
      39.05893     -119.81972
      39.06379     -119.80175
      39.06334     -119.78711
      39.08346     -119.78989
      39.09487     -119.77839
 1 3 1 1    1653 Carson City fault                            
 6.48 2.7510852E-4 0.0E+0 1.6199609E+15
 50.0 19.58112 0.0E+0 16.221716
 6
      39.06522     -119.81882
      39.11401     -119.79124
      39.12155     -119.77731
      39.16917     -119.76941
      39.17213     -119.76042
      39.19342     -119.74659
 1 3 1 1    1653 Carson City fault                            
 6.48 2.7510852E-4 0.0E+0 1.3692498E+15
 65.0 16.550674 0.0E+0 16.221716
 6
      39.06522     -119.81882
      39.11401     -119.79124
      39.12155     -119.77731
      39.16917     -119.76941
      39.17213     -119.76042
      39.19342     -119.74659
 1 3 1 1    1653 Carson City fault                            
 6.48 2.7510852E-4 0.0E+0 2.1635517E+15
 35.0 26.15172 0.0E+0 16.221716
 6
      39.06522     -119.81882
      39.11401     -119.79124
      39.12155     -119.77731
      39.16917     -119.76941
      39.17213     -119.76042
      39.19342     -119.74659
 1 1 1 1    1660 Spanish Springs Peak fault                   
 6.0 2.3637085E-4 0.6 2.65212E+14
 90.0 15.0 0.0E+0 4.911333
 3
      39.60579     -119.61211
      39.59096     -119.63663
      39.57470     -119.65208
 1 1 1 1    1660 Spanish Springs Peak fault                   
 6.0 2.3637085E-4 0.2 2.7456756E+14
 105.0 15.529138 0.0E+0 4.911333
 3
      39.60579     -119.61211
      39.59096     -119.63663
      39.57470     -119.65208
 1 1 1 1    1660 Spanish Springs Peak fault                   
 6.0 2.3637085E-4 0.2 2.7456773E+14
 75.0 15.529146 0.0E+0 4.911333
 3
      39.60579     -119.61211
      39.59096     -119.63663
      39.57470     -119.65208
 1 3 1 1    1711 Northern Butte Valley fault                  
 6.49 2.0759451E-4 0.6 1.2653647E+15
 50.0 19.58112 0.0E+0 16.56966
 6
      40.36567     -114.94562
      40.30943     -114.96493
      40.29703     -114.97562
      40.28391     -114.97482
      40.25723     -114.98532
      40.23145     -115.01641
 1 3 1 1    1711 Northern Butte Valley fault                  
 6.49 2.0759451E-4 0.2 1.0695323E+15
 65.0 16.550674 0.0E+0 16.56966
 6
      40.36567     -114.94562
      40.30943     -114.96493
      40.29703     -114.97562
      40.28391     -114.97482
      40.25723     -114.98532
      40.23145     -115.01641
 1 3 1 1    1711 Northern Butte Valley fault                  
 6.49 2.0759451E-4 0.2 1.6899679E+15
 35.0 26.15172 0.0E+0 16.56966
 6
      40.36567     -114.94562
      40.30943     -114.96493
      40.29703     -114.97562
      40.28391     -114.97482
      40.25723     -114.98532
      40.23145     -115.01641
 1 3 1 1    1733 Eglington fault                              
 6.29 6.343869E-5 0.6 1.9380047E+14
 50.0 19.58112 0.0E+0 10.997014
 6
      36.23076     -115.22067
      36.24720     -115.21735
      36.26185     -115.20738
      36.26661     -115.18806
      36.28952     -115.15536
      36.30291     -115.14907
 1 3 1 1    1733 Eglington fault                              
 6.29 6.343869E-5 0.2 1.638072E+14
 65.0 16.550674 0.0E+0 10.997014
 6
      36.23076     -115.22067
      36.24720     -115.21735
      36.26185     -115.20738
      36.26661     -115.18806
      36.28952     -115.15536
      36.30291     -115.14907
 1 3 1 1    1733 Eglington fault                              
 6.29 6.343869E-5 0.2 2.5883176E+14
 35.0 26.15172 0.0E+0 10.997014
 6
      36.23076     -115.22067
      36.24720     -115.21735
      36.26185     -115.20738
      36.26661     -115.18806
      36.28952     -115.15536
      36.30291     -115.14907
 1 3 1 1    1738 Mount Irish Range fault                      
 6.32 2.0445352E-5 0.6 6.927799E+13
 50.0 19.58112 0.0E+0 11.793331
 4
      37.62883     -115.43029
      37.58553     -115.44511
      37.56388     -115.45958
      37.52740     -115.45455
 1 3 1 1    1738 Mount Irish Range fault                      
 6.32 2.0445352E-5 0.2 5.8556275E+13
 65.0 16.550674 0.0E+0 11.793331
 4
      37.62883     -115.43029
      37.58553     -115.44511
      37.56388     -115.45958
      37.52740     -115.45455
 1 3 1 1    1738 Mount Irish Range fault                      
 6.32 2.0445352E-5 0.2 9.252477E+13
 35.0 26.15172 0.0E+0 11.793331
 4
      37.62883     -115.43029
      37.58553     -115.44511
      37.56388     -115.45958
      37.52740     -115.45455
 1 3 1 1    2005 La Canada del Amagre fault zone              
 6.5 4.675248E-5 0.6 2.9498768E+14
 50.0 19.58112 0.0E+0 16.738781
 4
      36.02293     -106.24306
      36.06929     -106.23102
      36.10531     -106.23363
      36.17009     -106.21206
 1 3 1 1    2005 La Canada del Amagre fault zone              
 6.5 4.675248E-5 0.2 2.4933431E+14
 65.0 16.550674 0.0E+0 16.738781
 4
      36.02293     -106.24306
      36.06929     -106.23102
      36.10531     -106.23363
      36.17009     -106.21206
 1 3 1 1    2005 La Canada del Amagre fault zone              
 6.5 4.675248E-5 0.2 3.9397315E+14
 35.0 26.15172 0.0E+0 16.738781
 4
      36.02293     -106.24306
      36.06929     -106.23102
      36.10531     -106.23363
      36.17009     -106.21206
 1 3 1 1    2028 Sawyer Canyon fault                          
 6.15 7.8924E-5 0.6 1.4866565E+14
 50.0 19.58112 0.0E+0 8.4358835
 4
      35.90830     -106.25455
      35.93336     -106.25429
      35.94711     -106.26614
      35.97873     -106.28169
 1 3 1 1    2028 Sawyer Canyon fault                          
 6.15 7.8924E-5 0.2 1.2565761E+14
 65.0 16.550674 0.0E+0 8.4358835
 4
      35.90830     -106.25455
      35.93336     -106.25429
      35.94711     -106.26614
      35.97873     -106.28169
 1 3 1 1    2028 Sawyer Canyon fault                          
 6.15 7.8924E-5 0.2 1.9855159E+14
 35.0 26.15172 0.0E+0 8.4358835
 4
      35.90830     -106.25455
      35.93336     -106.25429
      35.94711     -106.26614
      35.97873     -106.28169
 1 3 1 1    2040 East Paradise fault zone                     
 6.38 1.8576793E-5 0.6 7.744078E+13
 50.0 19.58112 0.0E+0 13.182899
 3
      35.26396     -106.67746
      35.21196     -106.68338
      35.14574     -106.68790
 1 3 1 1    2040 East Paradise fault zone                     
 6.38 1.8576793E-5 0.2 6.545576E+13
 65.0 16.550674 0.0E+0 13.182899
 3
      35.26396     -106.67746
      35.21196     -106.68338
      35.14574     -106.68790
 1 3 1 1    2040 East Paradise fault zone                     
 6.38 1.8576793E-5 0.2 1.0342665E+14
 35.0 26.15172 0.0E+0 13.182899
 3
      35.26396     -106.67746
      35.21196     -106.68338
      35.14574     -106.68790
 1 3 1 1    2358 Hansel Valley fault                          
 6.38 2.9609084E-4 0.6 1.234309E+15
 50.0 19.58112 0.0E+0 13.132431
 5
      41.68387     -112.75636
      41.71019     -112.74944
      41.73930     -112.73354
      41.78090     -112.72923
      41.79805     -112.72141
 1 3 1 1    2358 Hansel Valley fault                          
 6.38 2.9609084E-4 0.2 1.04328285E+15
 65.0 16.550674 0.0E+0 13.132431
 5
      41.68387     -112.75636
      41.71019     -112.74944
      41.73930     -112.73354
      41.78090     -112.72923
      41.79805     -112.72141
 1 3 1 1    2358 Hansel Valley fault                          
 6.38 2.9609084E-4 0.2 1.6484913E+15
 35.0 26.15172 0.0E+0 13.132431
 5
      41.68387     -112.75636
      41.71019     -112.74944
      41.73930     -112.73354
      41.78090     -112.72923
      41.79805     -112.72141
 1 3 1 1    2386 West Valley fault                            
 6.5 6.98927E-4 0.15 4.4099231E+15
 50.0 19.58112 0.0E+0 16.682446
 8
      40.65803     -111.95078
      40.67005     -111.95377
      40.68806     -111.95878
      40.70002     -111.96677
      40.71705     -111.97276
      40.73408     -111.98875
      40.74506     -111.98875
      40.79707     -112.01780
 1 3 1 1    2386 West Valley fault                            
 6.5 6.98927E-4 0.05 3.7274273E+15
 65.0 16.550674 0.0E+0 16.682446
 8
      40.65803     -111.95078
      40.67005     -111.95377
      40.68806     -111.95878
      40.70002     -111.96677
      40.71705     -111.97276
      40.73408     -111.98875
      40.74506     -111.98875
      40.79707     -112.01780
 1 3 1 1    2386 West Valley fault                            
 6.5 6.98927E-4 0.05 5.889708E+15
 35.0 26.15172 0.0E+0 16.682446
 8
      40.65803     -111.95078
      40.67005     -111.95377
      40.68806     -111.95878
      40.70002     -111.96677
      40.71705     -111.97276
      40.73408     -111.98875
      40.74506     -111.98875
      40.79707     -112.01780
 1 3 1 1    645 Sweetwater fault                              
 6.38 1.1071786E-4 0.6 4.6154775E+14
 50.0 19.58112 0.0E+0 13.095034
 2
      45.03990     -112.27483
      45.11096     -112.40781
 1 3 1 1    645 Sweetwater fault                              
 6.38 1.1071786E-4 0.2 3.9011694E+14
 65.0 16.550674 0.0E+0 13.095034
 2
      45.03990     -112.27483
      45.11096     -112.40781
 1 3 1 1    645 Sweetwater fault                              
 6.38 1.1071786E-4 0.2 6.164238E+14
 35.0 26.15172 0.0E+0 13.095034
 2
      45.03990     -112.27483
      45.11096     -112.40781
 1 3 1 1    648a Red Rock Hills fault                         
 6.27 5.076005E-4 0.6 1.447178E+15
 50.0 19.58112 0.0E+0 10.71113
 3
      44.94772     -112.79269
      44.90801     -112.75200
      44.87360     -112.70627
 1 3 1 1    648a Red Rock Hills fault                         
 6.27 5.076005E-4 0.2 1.2232075E+15
 65.0 16.550674 0.0E+0 10.71113
 3
      44.94772     -112.79269
      44.90801     -112.75200
      44.87360     -112.70627
 1 3 1 1    648a Red Rock Hills fault                         
 6.27 5.076005E-4 0.2 1.93279E+15
 35.0 26.15172 0.0E+0 10.71113
 3
      44.94772     -112.79269
      44.90801     -112.75200
      44.87360     -112.70627
 1 3 1 1    667 Georgia Gulch fault                           
 6.42 8.82226E-5 0.6 4.222602E+14
 50.0 19.58112 0.0E+0 14.376439
 5
      45.62593     -112.26820
      45.58343     -112.25507
      45.56088     -112.26118
      45.53770     -112.24834
      45.50015     -112.24016
 1 3 1 1    667 Georgia Gulch fault                           
 6.42 8.82226E-5 0.2 3.569097E+14
 65.0 16.550674 0.0E+0 14.376439
 5
      45.62593     -112.26820
      45.58343     -112.25507
      45.56088     -112.26118
      45.53770     -112.24834
      45.50015     -112.24016
 1 3 1 1    667 Georgia Gulch fault                           
 6.42 8.82226E-5 0.2 5.6395296E+14
 35.0 26.15172 0.0E+0 14.376439
 5
      45.62593     -112.26820
      45.58343     -112.25507
      45.56088     -112.26118
      45.53770     -112.24834
      45.50015     -112.24016
 1 3 1 1    696 Thompson Valley fault                         
 6.22 3.0475485E-4 0.6 7.310578E+14
 50.0 19.58112 0.0E+0 9.573033
 2
      47.76645     -114.97842
      47.68272     -114.94868
 1 3 1 1    696 Thompson Valley fault                         
 6.22 3.0475485E-4 0.2 6.179166E+14
 65.0 16.550674 0.0E+0 9.573033
 2
      47.76645     -114.97842
      47.68272     -114.94868
 1 3 1 1    696 Thompson Valley fault                         
 6.22 3.0475485E-4 0.2 9.7637E+14
 35.0 26.15172 0.0E+0 9.573033
 2
      47.76645     -114.97842
      47.68272     -114.94868
 1 3 1 1    698 Jocko fault                                   
 6.47 1.6427127E-4 0.6 9.344642E+14
 50.0 19.58112 0.0E+0 15.90757
 4
      47.14798     -113.97453
      47.12525     -113.98396
      47.05608     -114.04640
      47.01825     -114.05458
 1 3 1 1    698 Jocko fault                                   
 6.47 1.6427127E-4 0.2 7.8984314E+14
 65.0 16.550674 0.0E+0 15.90757
 4
      47.14798     -113.97453
      47.12525     -113.98396
      47.05608     -114.04640
      47.01825     -114.05458
 1 3 1 1    698 Jocko fault                                   
 6.47 1.6427127E-4 0.2 1.248031E+15
 35.0 26.15172 0.0E+0 15.90757
 4
      47.14798     -113.97453
      47.12525     -113.98396
      47.05608     -114.04640
      47.01825     -114.05458
 1 2 1 1    714 Helvetia fault                                
 6.4 4.7581965E-5 0.6 2.1254159E+14
 60.0 17.320515 0.0E+0 13.634543
 2
      45.52135     -122.89808
      45.63545     -122.96223
 1 2 1 1    714 Helvetia fault                                
 6.4 4.7581965E-5 0.2 1.9055955E+14
 75.0 15.529146 0.0E+0 13.634543
 2
      45.52135     -122.89808
      45.63545     -122.96223
 1 2 1 1    714 Helvetia fault                                
 6.4 4.7581965E-5 0.2 2.6030926E+14
 45.0 21.213215 0.0E+0 13.634543
 2
      45.52135     -122.89808
      45.63545     -122.96223
 1 3 1 1    834 Paulina Marsh fault                           
 6.26 8.2210503E-4 0.6 2.264268E+15
 50.0 19.58112 0.0E+0 10.417592
 5
      43.23120     -121.03912
      43.18924     -121.00515
      43.17613     -120.99725
      43.15771     -120.99518
      43.14855     -120.98421
 1 3 1 1    834 Paulina Marsh fault                           
 6.26 8.2210503E-4 0.2 1.9138417E+15
 65.0 16.550674 0.0E+0 10.417592
 5
      43.23120     -121.03912
      43.18924     -121.00515
      43.17613     -120.99725
      43.15771     -120.99518
      43.14855     -120.98421
 1 3 1 1    834 Paulina Marsh fault                           
 6.26 8.2210503E-4 0.2 3.0240612E+15
 35.0 26.15172 0.0E+0 10.417592
 5
      43.23120     -121.03912
      43.18924     -121.00515
      43.17613     -120.99725
      43.15771     -120.99518
      43.14855     -120.98421
 1 3 1 1    865 Mount Hood fault                              
 6.29 5.9587415E-4 0.6 1.8203512E+15
 50.0 19.58112 0.0E+0 11.067215
 5
      45.33090     -121.80624
      45.32901     -121.81756
      45.33431     -121.83058
      45.35453     -121.85808
      45.38588     -121.91854
 1 3 1 1    865 Mount Hood fault                              
 6.29 5.9587415E-4 0.2 1.538627E+15
 65.0 16.550674 0.0E+0 11.067215
 5
      45.33090     -121.80624
      45.32901     -121.81756
      45.33431     -121.83058
      45.35453     -121.85808
      45.38588     -121.91854
 1 3 1 1    865 Mount Hood fault                              
 6.29 5.9587415E-4 0.2 2.4311844E+15
 35.0 26.15172 0.0E+0 11.067215
 5
      45.33090     -121.80624
      45.32901     -121.81756
      45.33431     -121.83058
      45.35453     -121.85808
      45.38588     -121.91854
 1 2 1 1    874 Bolton fault                                  
 6.19 6.551894E-5 0.6 1.4169874E+14
 60.0 17.320515 0.0E+0 9.089974
 5
      45.40879     -122.69009
      45.40232     -122.66305
      45.37447     -122.63232
      45.36495     -122.61615
      45.36153     -122.60034
 1 2 1 1    874 Bolton fault                                  
 6.19 6.551894E-5 0.2 1.270436E+14
 75.0 15.529146 0.0E+0 9.089974
 5
      45.40879     -122.69009
      45.40232     -122.66305
      45.37447     -122.63232
      45.36495     -122.61615
      45.36153     -122.60034
 1 2 1 1    874 Bolton fault                                  
 6.19 6.551894E-5 0.2 1.7354483E+14
 45.0 21.213215 0.0E+0 9.089974
 5
      45.40879     -122.69009
      45.40232     -122.66305
      45.37447     -122.63232
      45.36495     -122.61615
      45.36153     -122.60034
 1 3 1 1    878 Grant Butte fault                             
 6.21 4.2805226E-4 0.6 9.919699E+14
 50.0 19.58112 0.0E+0 9.38139
 5
      45.49836     -122.43135
      45.48821     -122.45605
      45.48812     -122.47205
      45.47797     -122.49882
      45.47608     -122.54401
 1 3 1 1    878 Grant Butte fault                             
 6.21 4.2805226E-4 0.2 8.38449E+14
 65.0 16.550674 0.0E+0 9.38139
 5
      45.49836     -122.43135
      45.48821     -122.45605
      45.48812     -122.47205
      45.47797     -122.49882
      45.47608     -122.54401
 1 3 1 1    878 Grant Butte fault                             
 6.21 4.2805226E-4 0.2 1.3248333E+15
 35.0 26.15172 0.0E+0 9.38139
 5
      45.49836     -122.43135
      45.48821     -122.45605
      45.48812     -122.47205
      45.47797     -122.49882
      45.47608     -122.54401
 1 2 1 1    885 Yaquina faults                                
 6.14 1.3085513E-3 0.3 2.381173E+15
 60.0 17.320515 0.0E+0 8.183157
 3
      44.64147     -123.98667
      44.63195     -124.03321
      44.60868     -124.07742
 1 2 1 1    885 Yaquina faults                                
 6.14 1.3085513E-3 0.1 2.134901E+15
 75.0 15.529146 0.0E+0 8.183157
 3
      44.64147     -123.98667
      44.63195     -124.03321
      44.60868     -124.07742
 1 2 1 1    885 Yaquina faults                                
 6.14 1.3085513E-3 0.1 2.91633E+15
 45.0 21.213215 0.0E+0 8.183157
 3
      44.64147     -123.98667
      44.63195     -124.03321
      44.60868     -124.07742
 1 2 1 1    886 Waldport fault                                
 6.43 3.3613137E-4 0.6 1.6653623E+15
 60.0 17.320515 0.0E+0 14.568136
 4
      44.33863     -124.08981
      44.42164     -124.06519
      44.45119     -124.06142
      44.46620     -124.05190
 1 2 1 1    886 Waldport fault                                
 6.43 3.3613137E-4 0.2 1.4931227E+15
 75.0 15.529146 0.0E+0 14.568136
 4
      44.33863     -124.08981
      44.42164     -124.06519
      44.45119     -124.06142
      44.46620     -124.05190
 1 2 1 1    886 Waldport fault                                
 6.43 3.3613137E-4 0.2 2.0396443E+15
 45.0 21.213215 0.0E+0 14.568136
 4
      44.33863     -124.08981
      44.42164     -124.06519
      44.45119     -124.06142
      44.46620     -124.05190
 1 2 1 1    890 South Slough thrust and reverse faults        
 6.29 9.5089594E-4 0.6 2.9049161E+15
 60.0 17.320515 0.0E+0 10.961787
 3
      43.28849     -124.29931
      43.27761     -124.31117
      43.19487     -124.33597
 1 2 1 1    890 South Slough thrust and reverse faults        
 6.29 9.5089594E-4 0.2 2.6044762E+15
 75.0 15.529146 0.0E+0 10.961787
 3
      43.28849     -124.29931
      43.27761     -124.31117
      43.19487     -124.33597
 1 2 1 1    890 South Slough thrust and reverse faults        
 6.29 9.5089594E-4 0.2 3.5577815E+15
 45.0 21.213215 0.0E+0 10.961787
 3
      43.28849     -124.29931
      43.27761     -124.31117
      43.19487     -124.33597
 1 3 1 1    NV3 Petersen Mountain fault 2                     
 6.49 1.4134434E-4 0.6 8.615456E+14
 50.0 19.58112 0.0E+0 16.295847
 7
      39.75671     -119.93042
      39.77387     -119.94228
      39.78654     -119.94138
      39.80415     -119.93095
      39.82769     -119.93787
      39.88626     -119.94470
      39.89803     -119.94075
 1 3 1 1    NV3 Petersen Mountain fault 2                     
 6.49 1.4134434E-4 0.2 7.282097E+14
 65.0 16.550674 0.0E+0 16.295847
 7
      39.75671     -119.93042
      39.77387     -119.94228
      39.78654     -119.94138
      39.80415     -119.93095
      39.82769     -119.93787
      39.88626     -119.94470
      39.89803     -119.94075
 1 3 1 1    NV3 Petersen Mountain fault 2                     
 6.49 1.4134434E-4 0.2 1.150644E+15
 35.0 26.15172 0.0E+0 16.295847
 7
      39.75671     -119.93042
      39.77387     -119.94228
      39.78654     -119.94138
      39.80415     -119.93095
      39.82769     -119.93787
      39.88626     -119.94470
      39.89803     -119.94075
 1 1 1 1    OR4 Sandy River fault zone                        
 6.5 2.3678862E-5 0.6 1.4940326E+14
 90.0 15.0 0.0E+0 16.60036
 2
      45.54615     -122.38266
      45.43916     -122.23415
 1 1 1 1    OR4 Sandy River fault zone                        
 6.5 2.3678862E-5 0.2 1.5467358E+14
 105.0 15.529138 0.0E+0 16.60036
 2
      45.54615     -122.38266
      45.43916     -122.23415
 1 1 1 1    OR4 Sandy River fault zone                        
 6.5 2.3678862E-5 0.2 1.5467367E+14
 75.0 15.529146 0.0E+0 16.60036
 2
      45.54615     -122.38266
      45.43916     -122.23415
 1 2 1 1    newwa3 Boulder Creek fault, Kendall scarp         
 6.28 1.4516608E-3 0.6 4.2841667E+15
 60.0 17.320515 0.0E+0 10.848526
 4
      48.91836     -121.98997
      48.92453     -122.01945
      48.91293     -122.08378
      48.90817     -122.13407
 1 2 1 1    newwa3 Boulder Creek fault, Kendall scarp         
 6.28 1.4516608E-3 0.2 3.8410783E+15
 75.0 15.529146 0.0E+0 10.848526
 4
      48.91836     -121.98997
      48.92453     -122.01945
      48.91293     -122.08378
      48.90817     -122.13407
 1 2 1 1    newwa3 Boulder Creek fault, Kendall scarp         
 6.28 1.4516608E-3 0.2 5.247012E+15
 45.0 21.213215 0.0E+0 10.848526
 4
      48.91836     -121.98997
      48.92453     -122.01945
      48.91293     -122.08378
      48.90817     -122.13407
