0               !Use with hazFX. Characteristic-M fault file 
24.6 50. 0.05           !site grid. Using M=M(SRL) Wells and Co. except special situations 
-125. -100. 0.05
760.0 2.0          ! Vs30 and depth (km) to 2.5 km/s rock
1.0 200.
3       !3 spectral periods.  M<6.5 sources are in a separate file
0. 1. 0. PGA. 
0.370 0.220 0.220
0.250 0.230 0.230
0.400 0.360 0.330
../out/zeng3.65.pga
20
.005 .007 .0098 .0137 .0192 .0269 .0376 .0527 .0738 .103 .145 .203 .284 .397 .556 .778 1.09 1.52 2.2 3.3
6
35 0.18 1000.   0.0 0 CY2013
34 0.18 1000.   0.0 0 CB2013
33 0.18 1000.   0.0 0 BSSA2013
36 0.18 1000.   0.0 0 AS2013
37 0.18 1000.   0.0 0 ID2013
38 0.10 1000.   0.0 0 GK2013
0.20 1. 0. PSA
0.370 0.220 0.220
0.250 0.230 0.230
0.400 0.360 0.330
../out/zeng3.65.5hz
19
.005 .0075 .0113 .0169 .0253 .0380 .0570 .0854 .128 .192 .288 .432 .649 .973 1.46 2.19 3.28 4.92 7.38
6
35 0.18 1000.   0.0 0 CY2013
34 0.18 1000.   0.0 0 CB2013
33 0.18 1000.   0.0 0 BSSA2013
36 0.18 1000.   0.0 0 AS2013
37 0.18 1000.   0.0 0 ID2013
38 0.10 1000.   0.0 0 GK2013
1.00 1. 0. PSA
0.370 0.220 0.220
0.250 0.230 0.230
0.400 0.360 0.330
../out/zeng3.65.1hz
20
.0025 .00375 .00563 .00844 .0127 .0190 .0285 .0427 .0641 .0961 .144 .216 .324 .487 .730 1.09 1.64 2.46 3.69 5.54
6
35 0.18 1000.   0.0 0 CY2013
34 0.18 1000.   0.0 0 CB2013
33 0.18 1000.   0.0 0 BSSA2013
36 0.18 1000.   0.0 0 AS2013
37 0.18 1000.   0.0 0 ID2013
38 0.10 1000.   0.0 0 GK2013
1.  1.
3               !3 branches on Magnitude epistemic variability
-.2 0. .2           ! -dM, 0, + dM epistemic mag variability. Branches have same moment rate
.2 .6 .2          !Weights assigned to epistemic mag variability branches
0.12 5          !M aleatory variability, sigma=0.12, 5 steps on either side of 0, each sigma*0.4
 1 3 1 0    1003 Dutchman Draw fault                          
 6.5 1.9921016E-4 0.6 1.2569289E+15
 50.0 19.58112 0.0E+0 16.459196
 5
      37.00043     -113.34864
      36.98705     -113.36535
      36.95165     -113.42887
      36.93988     -113.46777
      36.91886     -113.50119
 1 3 1 0    1003 Dutchman Draw fault                          
 6.5 1.9921016E-4 0.2 1.062402E+15
 65.0 16.550674 0.0E+0 16.459196
 5
      37.00043     -113.34864
      36.98705     -113.36535
      36.95165     -113.42887
      36.93988     -113.46777
      36.91886     -113.50119
 1 3 1 0    1003 Dutchman Draw fault                          
 6.5 1.9921016E-4 0.2 1.6787014E+15
 35.0 26.15172 0.0E+0 16.459196
 5
      37.00043     -113.34864
      36.98705     -113.36535
      36.95165     -113.42887
      36.93988     -113.46777
      36.91886     -113.50119
 1 3 1 0    1116 Black Hills fault                            
 6.2 2.5385935E-4 0.6 5.683183E+14
 50.0 19.58112 0.0E+0 8.795088
 3
      35.89002     -114.96812
      35.92281     -114.94853
      35.95794     -114.91862
 1 3 1 0    1116 Black Hills fault                            
 6.2 2.5385935E-4 0.2 4.803633E+14
 65.0 16.550674 0.0E+0 8.795088
 3
      35.89002     -114.96812
      35.92281     -114.94853
      35.95794     -114.91862
 1 3 1 0    1116 Black Hills fault                            
 6.2 2.5385935E-4 0.2 7.5902205E+14
 35.0 26.15172 0.0E+0 8.795088
 3
      35.89002     -114.96812
      35.92281     -114.94853
      35.95794     -114.91862
 1 3 1 0    1121 Coyote Spring fault                          
 6.4 1.9955165E-5 0.6 8.913676E+13
 50.0 19.58112 0.0E+0 15.173929
 7
      37.19321     -114.97811
      37.16769     -114.97407
      37.15817     -114.97704
      37.11316     -114.96823
      37.09636     -114.97137
      37.07013     -114.98413
      37.05989     -114.98359
 1 3 1 0    1121 Coyote Spring fault                          
 6.4 1.9955165E-5 0.2 7.534163E+13
 65.0 16.550674 0.0E+0 15.173929
 7
      37.19321     -114.97811
      37.16769     -114.97407
      37.15817     -114.97704
      37.11316     -114.96823
      37.09636     -114.97137
      37.07013     -114.98413
      37.05989     -114.98359
 1 3 1 0    1121 Coyote Spring fault                          
 6.4 1.9955165E-5 0.2 1.1904731E+14
 35.0 26.15172 0.0E+0 15.173929
 7
      37.19321     -114.97811
      37.16769     -114.97407
      37.15817     -114.97704
      37.11316     -114.96823
      37.09636     -114.97137
      37.07013     -114.98413
      37.05989     -114.98359
 1 3 1 0    1130 Hiko fault zone                              
 6.5 1.4341342E-5 0.6 9.048759E+13
 50.0 19.58112 0.0E+0 15.403884
 4
      37.67393     -115.18413
      37.64078     -115.21620
      37.56505     -115.24567
      37.54753     -115.24585
 1 3 1 0    1130 Hiko fault zone                              
 6.5 1.4341342E-5 0.2 7.64834E+13
 65.0 16.550674 0.0E+0 15.403884
 4
      37.67393     -115.18413
      37.64078     -115.21620
      37.56505     -115.24567
      37.54753     -115.24585
 1 3 1 0    1130 Hiko fault zone                              
 6.5 1.4341342E-5 0.2 1.2085141E+14
 35.0 26.15172 0.0E+0 15.403884
 4
      37.67393     -115.18413
      37.64078     -115.21620
      37.56505     -115.24567
      37.54753     -115.24585
 1 3 1 0    1134 Dunn Glenn fault                             
 6.5 1.950525E-4 0.6 1.2306959E+15
 50.0 19.58112 0.0E+0 16.115679
 7
      40.87323     -117.90430
      40.86191     -117.93629
      40.85382     -117.94608
      40.82148     -117.95371
      40.78860     -117.97303
      40.77081     -117.97456
      40.75105     -117.96692
 1 3 1 0    1134 Dunn Glenn fault                             
 6.5 1.950525E-4 0.2 1.0402289E+15
 65.0 16.550674 0.0E+0 16.115679
 7
      40.87323     -117.90430
      40.86191     -117.93629
      40.85382     -117.94608
      40.82148     -117.95371
      40.78860     -117.97303
      40.77081     -117.97456
      40.75105     -117.96692
 1 3 1 0    1134 Dunn Glenn fault                             
 6.5 1.950525E-4 0.2 1.6436657E+15
 35.0 26.15172 0.0E+0 16.115679
 7
      40.87323     -117.90430
      40.86191     -117.93629
      40.85382     -117.94608
      40.82148     -117.95371
      40.78860     -117.97303
      40.77081     -117.97456
      40.75105     -117.96692
 1 3 1 0    1139 Buffalo Mountain fault                       
 6.5 2.860662E-4 0.6 1.8049526E+15
 50.0 19.58112 0.0E+0 18.074158
 5
      40.68798     -117.42229
      40.73461     -117.33694
      40.76130     -117.30451
      40.77558     -117.26696
      40.78537     -117.25249
 1 3 1 0    1139 Buffalo Mountain fault                       
 6.5 2.860662E-4 0.2 1.5256116E+15
 65.0 16.550674 0.0E+0 18.074158
 5
      40.68798     -117.42229
      40.73461     -117.33694
      40.76130     -117.30451
      40.77558     -117.26696
      40.78537     -117.25249
 1 3 1 0    1139 Buffalo Mountain fault                       
 6.5 2.860662E-4 0.2 2.4106188E+15
 35.0 26.15172 0.0E+0 18.074158
 5
      40.68798     -117.42229
      40.73461     -117.33694
      40.76130     -117.30451
      40.77558     -117.26696
      40.78537     -117.25249
 1 3 1 0    1158 Northern Simpson Park Mountains fault zone   
 6.4 2.8896532E-4 0.6 1.2907653E+15
 50.0 19.58112 0.0E+0 12.925268
 6
      40.08805     -116.34679
      40.06218     -116.37248
      40.05688     -116.39323
      40.05967     -116.42369
      40.04861     -116.45065
      40.04331     -116.47598
 1 3 1 0    1158 Northern Simpson Park Mountains fault zone   
 6.4 2.8896532E-4 0.2 1.09100175E+15
 65.0 16.550674 0.0E+0 12.925268
 6
      40.08805     -116.34679
      40.06218     -116.37248
      40.05688     -116.39323
      40.05967     -116.42369
      40.04861     -116.45065
      40.04331     -116.47598
 1 3 1 0    1158 Northern Simpson Park Mountains fault zone   
 6.4 2.8896532E-4 0.2 1.7238918E+15
 35.0 26.15172 0.0E+0 12.925268
 6
      40.08805     -116.34679
      40.06218     -116.37248
      40.05688     -116.39323
      40.05967     -116.42369
      40.04861     -116.45065
      40.04331     -116.47598
 1 1 1 0    1304 Rattlesnake Flat fault                       
 6.5 1.3226263E-4 0.6 8.345193E+14
 90.0 15.0 0.0E+0 15.4540615
 4
      38.32460     -118.47900
      38.32047     -118.44666
      38.35057     -118.33849
      38.35362     -118.30910
 1 1 1 0    1304 Rattlesnake Flat fault                       
 6.5 1.3226263E-4 0.2 8.639577E+14
 105.0 15.529138 0.0E+0 15.4540615
 4
      38.32460     -118.47900
      38.32047     -118.44666
      38.35057     -118.33849
      38.35362     -118.30910
 1 1 1 0    1304 Rattlesnake Flat fault                       
 6.5 1.3226263E-4 0.2 8.639582E+14
 75.0 15.529146 0.0E+0 15.4540615
 4
      38.32460     -118.47900
      38.32047     -118.44666
      38.35057     -118.33849
      38.35362     -118.30910
 1 1 1 0    1307 Indian Head fault                            
 6.5 1.3023299E-4 0.6 8.2171314E+14
 90.0 15.0 0.0E+0 15.216908
 5
      38.66859     -118.37451
      38.64362     -118.36706
      38.61559     -118.35169
      38.56537     -118.29797
      38.55180     -118.28907
 1 1 1 0    1307 Indian Head fault                            
 6.5 1.3023299E-4 0.2 8.5069974E+14
 105.0 15.529138 0.0E+0 15.216908
 5
      38.66859     -118.37451
      38.64362     -118.36706
      38.61559     -118.35169
      38.56537     -118.29797
      38.55180     -118.28907
 1 1 1 0    1307 Indian Head fault                            
 6.5 1.3023299E-4 0.2 8.507002E+14
 75.0 15.529146 0.0E+0 15.216908
 5
      38.66859     -118.37451
      38.64362     -118.36706
      38.61559     -118.35169
      38.56537     -118.29797
      38.55180     -118.28907
 1 3 1 0    1472 Duck Flat fault                              
 6.5 2.8832824E-4 0.6 1.819225E+15
 50.0 19.58112 0.0E+0 16.29949
 4
      41.14822     -119.94858
      41.11561     -119.94076
      41.03511     -119.94866
      41.00259     -119.94382
 1 3 1 0    1472 Duck Flat fault                              
 6.5 2.8832824E-4 0.2 1.537675E+15
 65.0 16.550674 0.0E+0 16.29949
 4
      41.14822     -119.94858
      41.11561     -119.94076
      41.03511     -119.94866
      41.00259     -119.94382
 1 3 1 0    1472 Duck Flat fault                              
 6.5 2.8832824E-4 0.2 2.4296801E+15
 35.0 26.15172 0.0E+0 16.29949
 4
      41.14822     -119.94858
      41.11561     -119.94076
      41.03511     -119.94866
      41.00259     -119.94382
 1 3 1 0    1495a Eastern Pine Forest Range fault zone        
 6.3 2.8421886E-4 0.6 8.9877894E+14
 50.0 19.58112 0.0E+0 10.200063
 3
      41.81042     -118.59017
      41.83307     -118.62431
      41.86586     -118.68800
 1 3 1 0    1495a Eastern Pine Forest Range fault zone        
 6.3 2.8421886E-4 0.2 7.5968066E+14
 65.0 16.550674 0.0E+0 10.200063
 3
      41.81042     -118.59017
      41.83307     -118.62431
      41.86586     -118.68800
 1 3 1 0    1495a Eastern Pine Forest Range fault zone        
 6.3 2.8421886E-4 0.2 1.2003714E+15
 35.0 26.15172 0.0E+0 10.200063
 3
      41.81042     -118.59017
      41.83307     -118.62431
      41.86586     -118.68800
 1 3 1 0    1617 Selenite Range fault zone                    
 6.5 2.836199E-4 0.6 1.7895176E+15
 50.0 19.58112 0.0E+0 17.919598
 6
      40.49833     -119.28949
      40.46024     -119.30270
      40.44829     -119.30180
      40.42152     -119.28868
      40.37992     -119.29739
      40.34084     -119.29839
 1 3 1 0    1617 Selenite Range fault zone                    
 6.5 2.836199E-4 0.2 1.5125653E+15
 65.0 16.550674 0.0E+0 17.919598
 6
      40.49833     -119.28949
      40.46024     -119.30270
      40.44829     -119.30180
      40.42152     -119.28868
      40.37992     -119.29739
      40.34084     -119.29839
 1 3 1 0    1617 Selenite Range fault zone                    
 6.5 2.836199E-4 0.2 2.3900043E+15
 35.0 26.15172 0.0E+0 17.919598
 6
      40.49833     -119.28949
      40.46024     -119.30270
      40.44829     -119.30180
      40.42152     -119.28868
      40.37992     -119.29739
      40.34084     -119.29839
 1 3 1 0    1634 Eugene Mountains fault                       
 6.2 3.432091E-4 0.6 7.6834676E+14
 50.0 19.58112 0.0E+0 10.061324
 4
      40.87107     -118.23421
      40.84826     -118.23402
      40.82095     -118.24409
      40.78168     -118.24660
 1 3 1 0    1634 Eugene Mountains fault                       
 6.2 3.432091E-4 0.2 6.494346E+14
 65.0 16.550674 0.0E+0 10.061324
 4
      40.87107     -118.23421
      40.84826     -118.23402
      40.82095     -118.24409
      40.78168     -118.24660
 1 3 1 0    1634 Eugene Mountains fault                       
 6.2 3.432091E-4 0.2 1.02617163E+15
 35.0 26.15172 0.0E+0 10.061324
 4
      40.87107     -118.23421
      40.84826     -118.23402
      40.82095     -118.24409
      40.78168     -118.24660
 1 3 1 0    1644 Peavine Peak fault zone                      
 6.4 6.836444E-4 0.6 3.053738E+15
 50.0 19.58112 0.0E+0 12.679121
 7
      39.58701     -119.91092
      39.59420     -119.91056
      39.60579     -119.91846
      39.62573     -119.94335
      39.63319     -119.96375
      39.63238     -119.97444
      39.66849     -119.99798
 1 3 1 0    1644 Peavine Peak fault zone                      
 6.4 6.836444E-4 0.2 2.5811303E+15
 65.0 16.550674 0.0E+0 12.679121
 7
      39.58701     -119.91092
      39.59420     -119.91056
      39.60579     -119.91846
      39.62573     -119.94335
      39.63319     -119.96375
      39.63238     -119.97444
      39.66849     -119.99798
 1 3 1 0    1644 Peavine Peak fault zone                      
 6.4 6.836444E-4 0.2 4.0784443E+15
 35.0 26.15172 0.0E+0 12.679121
 7
      39.58701     -119.91092
      39.59420     -119.91056
      39.60579     -119.91846
      39.62573     -119.94335
      39.63319     -119.96375
      39.63238     -119.97444
      39.66849     -119.99798
 1 3 1 0    1648 Little Valley fault                          
 6.5 5.7353463E-4 0.15 3.6187526E+15
 50.0 19.58112 0.0E+0 18.118458
 7
      39.19728     -119.87901
      39.21157     -119.88593
      39.23142     -119.88396
      39.24778     -119.89088
      39.30366     -119.85799
      39.33195     -119.86105
      39.35163     -119.86959
 1 3 1 0    1648 Little Valley fault                          
 6.5 5.7353463E-4 0.05 3.0587012E+15
 65.0 16.550674 0.0E+0 18.118458
 7
      39.19728     -119.87901
      39.21157     -119.88593
      39.23142     -119.88396
      39.24778     -119.89088
      39.30366     -119.85799
      39.33195     -119.86105
      39.35163     -119.86959
 1 3 1 0    1648 Little Valley fault                          
 6.5 5.7353463E-4 0.05 4.8330536E+15
 35.0 26.15172 0.0E+0 18.118458
 7
      39.19728     -119.87901
      39.21157     -119.88593
      39.23142     -119.88396
      39.24778     -119.89088
      39.30366     -119.85799
      39.33195     -119.86105
      39.35163     -119.86959
 1 3 1 0    1652 Indian Hill fault                            
 6.1 5.0924014E-4 0.0E+0 8.070927E+14
 50.0 19.58112 0.0E+0 8.081942
 6
      39.04941     -119.82870
      39.05893     -119.81972
      39.06379     -119.80175
      39.06334     -119.78711
      39.08346     -119.78989
      39.09487     -119.77839
 1 3 1 0    1652 Indian Hill fault                            
 6.1 5.0924014E-4 0.0E+0 6.821841E+14
 65.0 16.550674 0.0E+0 8.081942
 6
      39.04941     -119.82870
      39.05893     -119.81972
      39.06379     -119.80175
      39.06334     -119.78711
      39.08346     -119.78989
      39.09487     -119.77839
 1 3 1 0    1652 Indian Hill fault                            
 6.1 5.0924014E-4 0.0E+0 1.077919E+15
 35.0 26.15172 0.0E+0 8.081942
 6
      39.04941     -119.82870
      39.05893     -119.81972
      39.06379     -119.80175
      39.06334     -119.78711
      39.08346     -119.78989
      39.09487     -119.77839
 1 3 1 0    1653 Carson City fault                            
 6.5 2.5674694E-4 0.0E+0 1.6199609E+15
 50.0 19.58112 0.0E+0 16.221716
 6
      39.06522     -119.81882
      39.11401     -119.79124
      39.12155     -119.77731
      39.16917     -119.76941
      39.17213     -119.76042
      39.19342     -119.74659
 1 3 1 0    1653 Carson City fault                            
 6.5 2.5674694E-4 0.0E+0 1.3692498E+15
 65.0 16.550674 0.0E+0 16.221716
 6
      39.06522     -119.81882
      39.11401     -119.79124
      39.12155     -119.77731
      39.16917     -119.76941
      39.17213     -119.76042
      39.19342     -119.74659
 1 3 1 0    1653 Carson City fault                            
 6.5 2.5674694E-4 0.0E+0 2.1635517E+15
 35.0 26.15172 0.0E+0 16.221716
 6
      39.06522     -119.81882
      39.11401     -119.79124
      39.12155     -119.77731
      39.16917     -119.76941
      39.17213     -119.76042
      39.19342     -119.74659
 1 3 1 0    1654 Kings Canyon fault zone                      
 6.5 5.053557E-4 0.15 3.1885735E+15
 50.0 19.58112 0.0E+0 17.50959
 8
      39.11248     -119.85691
      39.12461     -119.83733
      39.13557     -119.83858
      39.14545     -119.81909
      39.15569     -119.81550
      39.18031     -119.79420
      39.19001     -119.79358
      39.22810     -119.73545
 1 3 1 0    1654 Kings Canyon fault zone                      
 6.5 5.053557E-4 0.05 2.6950981E+15
 65.0 16.550674 0.0E+0 17.50959
 8
      39.11248     -119.85691
      39.12461     -119.83733
      39.13557     -119.83858
      39.14545     -119.81909
      39.15569     -119.81550
      39.18031     -119.79420
      39.19001     -119.79358
      39.22810     -119.73545
 1 3 1 0    1654 Kings Canyon fault zone                      
 6.5 5.053557E-4 0.05 4.2585247E+15
 35.0 26.15172 0.0E+0 17.50959
 8
      39.11248     -119.85691
      39.12461     -119.83733
      39.13557     -119.83858
      39.14545     -119.81909
      39.15569     -119.81550
      39.18031     -119.79420
      39.19001     -119.79358
      39.22810     -119.73545
 1 1 1 0    1660 Spanish Springs Peak fault                   
 5.9 3.3388094E-4 0.6 2.65212E+14
 90.0 15.0 0.0E+0 4.911333
 3
      39.60579     -119.61211
      39.59096     -119.63663
      39.57470     -119.65208
 1 1 1 0    1660 Spanish Springs Peak fault                   
 5.9 3.3388094E-4 0.2 2.7456756E+14
 105.0 15.529138 0.0E+0 4.911333
 3
      39.60579     -119.61211
      39.59096     -119.63663
      39.57470     -119.65208
 1 1 1 0    1660 Spanish Springs Peak fault                   
 5.9 3.3388094E-4 0.2 2.7456773E+14
 75.0 15.529146 0.0E+0 4.911333
 3
      39.60579     -119.61211
      39.59096     -119.63663
      39.57470     -119.65208
 1 3 1 0    1711 Northern Butte Valley fault                  
 6.5 2.0054715E-4 0.6 1.2653647E+15
 50.0 19.58112 0.0E+0 16.56966
 6
      40.36567     -114.94562
      40.30943     -114.96493
      40.29703     -114.97562
      40.28391     -114.97482
      40.25723     -114.98532
      40.23145     -115.01641
 1 3 1 0    1711 Northern Butte Valley fault                  
 6.5 2.0054715E-4 0.2 1.0695323E+15
 65.0 16.550674 0.0E+0 16.56966
 6
      40.36567     -114.94562
      40.30943     -114.96493
      40.29703     -114.97562
      40.28391     -114.97482
      40.25723     -114.98532
      40.23145     -115.01641
 1 3 1 0    1711 Northern Butte Valley fault                  
 6.5 2.0054715E-4 0.2 1.6899679E+15
 35.0 26.15172 0.0E+0 16.56966
 6
      40.36567     -114.94562
      40.30943     -114.96493
      40.29703     -114.97562
      40.28391     -114.97482
      40.25723     -114.98532
      40.23145     -115.01641
 1 3 1 0    1733 Eglington fault                              
 6.3 6.128509E-5 0.6 1.9380047E+14
 50.0 19.58112 0.0E+0 10.997014
 6
      36.23076     -115.22067
      36.24720     -115.21735
      36.26185     -115.20738
      36.26661     -115.18806
      36.28952     -115.15536
      36.30291     -115.14907
 1 3 1 0    1733 Eglington fault                              
 6.3 6.128509E-5 0.2 1.638072E+14
 65.0 16.550674 0.0E+0 10.997014
 6
      36.23076     -115.22067
      36.24720     -115.21735
      36.26185     -115.20738
      36.26661     -115.18806
      36.28952     -115.15536
      36.30291     -115.14907
 1 3 1 0    1733 Eglington fault                              
 6.3 6.128509E-5 0.2 2.5883176E+14
 35.0 26.15172 0.0E+0 10.997014
 6
      36.23076     -115.22067
      36.24720     -115.21735
      36.26185     -115.20738
      36.26661     -115.18806
      36.28952     -115.15536
      36.30291     -115.14907
 1 3 1 0    1738 Mount Irish Range fault                      
 6.3 2.1907625E-5 0.6 6.927799E+13
 50.0 19.58112 0.0E+0 11.793331
 4
      37.62883     -115.43029
      37.58553     -115.44511
      37.56388     -115.45958
      37.52740     -115.45455
 1 3 1 0    1738 Mount Irish Range fault                      
 6.3 2.1907625E-5 0.2 5.8556275E+13
 65.0 16.550674 0.0E+0 11.793331
 4
      37.62883     -115.43029
      37.58553     -115.44511
      37.56388     -115.45958
      37.52740     -115.45455
 1 3 1 0    1738 Mount Irish Range fault                      
 6.3 2.1907625E-5 0.2 9.252477E+13
 35.0 26.15172 0.0E+0 11.793331
 4
      37.62883     -115.43029
      37.58553     -115.44511
      37.56388     -115.45958
      37.52740     -115.45455
 1 3 1 0    2005 La Canada del Amagre fault zone              
 6.5 4.675248E-5 0.6 2.9498768E+14
 50.0 19.58112 0.0E+0 16.738781
 4
      36.02293     -106.24306
      36.06929     -106.23102
      36.10531     -106.23363
      36.17009     -106.21206
 1 3 1 0    2005 La Canada del Amagre fault zone              
 6.5 4.675248E-5 0.2 2.4933431E+14
 65.0 16.550674 0.0E+0 16.738781
 4
      36.02293     -106.24306
      36.06929     -106.23102
      36.10531     -106.23363
      36.17009     -106.21206
 1 3 1 0    2005 La Canada del Amagre fault zone              
 6.5 4.675248E-5 0.2 3.9397315E+14
 35.0 26.15172 0.0E+0 16.738781
 4
      36.02293     -106.24306
      36.06929     -106.23102
      36.10531     -106.23363
      36.17009     -106.21206
 1 3 1 0    2006 Black Mesa fault zone                        
 6.5 6.709668E-5 0.6 4.2335066E+14
 50.0 19.58112 0.0E+0 18.016958
 5
      36.21968     -105.96356
      36.20530     -106.01262
      36.19192     -106.02681
      36.17386     -106.06203
      36.12463     -106.12123
 1 3 1 0    2006 Black Mesa fault zone                        
 6.5 6.709668E-5 0.2 3.5783137E+14
 65.0 16.550674 0.0E+0 18.016958
 5
      36.21968     -105.96356
      36.20530     -106.01262
      36.19192     -106.02681
      36.17386     -106.06203
      36.12463     -106.12123
 1 3 1 0    2006 Black Mesa fault zone                        
 6.5 6.709668E-5 0.2 5.6540935E+14
 35.0 26.15172 0.0E+0 18.016958
 5
      36.21968     -105.96356
      36.20530     -106.01262
      36.19192     -106.02681
      36.17386     -106.06203
      36.12463     -106.12123
 1 3 1 0    2028 Sawyer Canyon fault                          
 6.2 6.640674E-5 0.6 1.4866565E+14
 50.0 19.58112 0.0E+0 8.4358835
 4
      35.90830     -106.25455
      35.93336     -106.25429
      35.94711     -106.26614
      35.97873     -106.28169
 1 3 1 0    2028 Sawyer Canyon fault                          
 6.2 6.640674E-5 0.2 1.2565761E+14
 65.0 16.550674 0.0E+0 8.4358835
 4
      35.90830     -106.25455
      35.93336     -106.25429
      35.94711     -106.26614
      35.97873     -106.28169
 1 3 1 0    2028 Sawyer Canyon fault                          
 6.2 6.640674E-5 0.2 1.9855159E+14
 35.0 26.15172 0.0E+0 8.4358835
 4
      35.90830     -106.25455
      35.93336     -106.25429
      35.94711     -106.26614
      35.97873     -106.28169
 1 3 1 0    2040 East Paradise fault zone                     
 6.4 1.733677E-5 0.6 7.744078E+13
 50.0 19.58112 0.0E+0 13.182899
 3
      35.26396     -106.67746
      35.21196     -106.68338
      35.14574     -106.68790
 1 3 1 0    2040 East Paradise fault zone                     
 6.4 1.733677E-5 0.2 6.545576E+13
 65.0 16.550674 0.0E+0 13.182899
 3
      35.26396     -106.67746
      35.21196     -106.68338
      35.14574     -106.68790
 1 3 1 0    2040 East Paradise fault zone                     
 6.4 1.733677E-5 0.2 1.0342665E+14
 35.0 26.15172 0.0E+0 13.182899
 3
      35.26396     -106.67746
      35.21196     -106.68338
      35.14574     -106.68790
 1 3 1 0    2301 Williams Fork Mountains fault                
 6.5 2.0379014E-4 0.6 1.2858266E+15
 50.0 19.58112 0.0E+0 18.240738
 10
      39.85429     -106.15417
      39.87194     -106.17147
      39.89015     -106.19318
      39.91348     -106.21765
      39.93200     -106.23174
      39.95053     -106.24817
      39.96112     -106.26205
      39.96959     -106.27196
      39.97686     -106.28490
      39.97749     -106.29109
 1 3 1 0    2301 Williams Fork Mountains fault                
 6.5 2.0379014E-4 0.2 1.08682744E+15
 65.0 16.550674 0.0E+0 18.240738
 10
      39.85429     -106.15417
      39.87194     -106.17147
      39.89015     -106.19318
      39.91348     -106.21765
      39.93200     -106.23174
      39.95053     -106.24817
      39.96112     -106.26205
      39.96959     -106.27196
      39.97686     -106.28490
      39.97749     -106.29109
 1 3 1 0    2301 Williams Fork Mountains fault                
 6.5 2.0379014E-4 0.2 1.717296E+15
 35.0 26.15172 0.0E+0 18.240738
 10
      39.85429     -106.15417
      39.87194     -106.17147
      39.89015     -106.19318
      39.91348     -106.21765
      39.93200     -106.23174
      39.95053     -106.24817
      39.96112     -106.26205
      39.96959     -106.27196
      39.97686     -106.28490
      39.97749     -106.29109
 1 3 1 0    2353abc Morgan fault                              
 6.5 6.456472E-5 0.6 4.0737513E+14
 50.0 19.58112 0.0E+0 17.33707
 5
      41.15141     -111.72289
      41.10667     -111.70673
      41.07658     -111.67223
      41.02726     -111.66872
      41.00956     -111.65533
 1 3 1 0    2353abc Morgan fault                              
 6.5 6.456472E-5 0.2 3.4432826E+14
 65.0 16.550674 0.0E+0 17.33707
 5
      41.15141     -111.72289
      41.10667     -111.70673
      41.07658     -111.67223
      41.02726     -111.66872
      41.00956     -111.65533
 1 3 1 0    2353abc Morgan fault                              
 6.5 6.456472E-5 0.2 5.440731E+14
 35.0 26.15172 0.0E+0 17.33707
 5
      41.15141     -111.72289
      41.10667     -111.70673
      41.07658     -111.67223
      41.02726     -111.66872
      41.00956     -111.65533
 1 3 1 0    2358 Hansel Valley fault                          
 6.4 2.763264E-4 0.6 1.234309E+15
 50.0 19.58112 0.0E+0 13.132431
 5
      41.68387     -112.75636
      41.71019     -112.74944
      41.73930     -112.73354
      41.78090     -112.72923
      41.79805     -112.72141
 1 3 1 0    2358 Hansel Valley fault                          
 6.4 2.763264E-4 0.2 1.04328285E+15
 65.0 16.550674 0.0E+0 13.132431
 5
      41.68387     -112.75636
      41.71019     -112.74944
      41.73930     -112.73354
      41.78090     -112.72923
      41.79805     -112.72141
 1 3 1 0    2358 Hansel Valley fault                          
 6.4 2.763264E-4 0.2 1.6484913E+15
 35.0 26.15172 0.0E+0 13.132431
 5
      41.68387     -112.75636
      41.71019     -112.74944
      41.73930     -112.73354
      41.78090     -112.72923
      41.79805     -112.72141
 1 3 1 0    2386 West Valley fault                            
 6.5 6.98927E-4 0.15 4.4099231E+15
 50.0 19.58112 0.0E+0 16.682446
 8
      40.65803     -111.95078
      40.67005     -111.95377
      40.68806     -111.95878
      40.70002     -111.96677
      40.71705     -111.97276
      40.73408     -111.98875
      40.74506     -111.98875
      40.79707     -112.01780
 1 3 1 0    2386 West Valley fault                            
 6.5 6.98927E-4 0.05 3.7274273E+15
 65.0 16.550674 0.0E+0 16.682446
 8
      40.65803     -111.95078
      40.67005     -111.95377
      40.68806     -111.95878
      40.70002     -111.96677
      40.71705     -111.97276
      40.73408     -111.98875
      40.74506     -111.98875
      40.79707     -112.01780
 1 3 1 0    2386 West Valley fault                            
 6.5 6.98927E-4 0.05 5.889708E+15
 35.0 26.15172 0.0E+0 16.682446
 8
      40.65803     -111.95078
      40.67005     -111.95377
      40.68806     -111.95878
      40.70002     -111.96677
      40.71705     -111.97276
      40.73408     -111.98875
      40.74506     -111.98875
      40.79707     -112.01780
 1 3 1 0    645 Sweetwater fault                              
 6.4 1.0332731E-4 0.6 4.6154775E+14
 50.0 19.58112 0.0E+0 13.095034
 2
      45.03990     -112.27483
      45.11096     -112.40781
 1 3 1 0    645 Sweetwater fault                              
 6.4 1.0332731E-4 0.2 3.9011694E+14
 65.0 16.550674 0.0E+0 13.095034
 2
      45.03990     -112.27483
      45.11096     -112.40781
 1 3 1 0    645 Sweetwater fault                              
 6.4 1.0332731E-4 0.2 6.164238E+14
 35.0 26.15172 0.0E+0 13.095034
 2
      45.03990     -112.27483
      45.11096     -112.40781
 1 3 1 0    648a Red Rock Hills fault                         
 6.3 4.5763785E-4 0.6 1.447178E+15
 50.0 19.58112 0.0E+0 10.71113
 3
      44.94772     -112.79269
      44.90801     -112.75200
      44.87360     -112.70627
 1 3 1 0    648a Red Rock Hills fault                         
 6.3 4.5763785E-4 0.2 1.2232075E+15
 65.0 16.550674 0.0E+0 10.71113
 3
      44.94772     -112.79269
      44.90801     -112.75200
      44.87360     -112.70627
 1 3 1 0    648a Red Rock Hills fault                         
 6.3 4.5763785E-4 0.2 1.93279E+15
 35.0 26.15172 0.0E+0 10.71113
 3
      44.94772     -112.79269
      44.90801     -112.75200
      44.87360     -112.70627
 1 3 1 0    667 Georgia Gulch fault                           
 6.4 9.453195E-5 0.6 4.222602E+14
 50.0 19.58112 0.0E+0 14.376439
 5
      45.62593     -112.26820
      45.58343     -112.25507
      45.56088     -112.26118
      45.53770     -112.24834
      45.50015     -112.24016
 1 3 1 0    667 Georgia Gulch fault                           
 6.4 9.453195E-5 0.2 3.569097E+14
 65.0 16.550674 0.0E+0 14.376439
 5
      45.62593     -112.26820
      45.58343     -112.25507
      45.56088     -112.26118
      45.53770     -112.24834
      45.50015     -112.24016
 1 3 1 0    667 Georgia Gulch fault                           
 6.4 9.453195E-5 0.2 5.6395296E+14
 35.0 26.15172 0.0E+0 14.376439
 5
      45.62593     -112.26820
      45.58343     -112.25507
      45.56088     -112.26118
      45.53770     -112.24834
      45.50015     -112.24016
 1 3 1 0    696 Thompson Valley fault                         
 6.2 3.2655266E-4 0.6 7.310578E+14
 50.0 19.58112 0.0E+0 9.573033
 2
      47.76645     -114.97842
      47.68272     -114.94868
 1 3 1 0    696 Thompson Valley fault                         
 6.2 3.2655266E-4 0.2 6.179166E+14
 65.0 16.550674 0.0E+0 9.573033
 2
      47.76645     -114.97842
      47.68272     -114.94868
 1 3 1 0    696 Thompson Valley fault                         
 6.2 3.2655266E-4 0.2 9.7637E+14
 35.0 26.15172 0.0E+0 9.573033
 2
      47.76645     -114.97842
      47.68272     -114.94868
 1 3 1 0    698 Jocko fault                                   
 6.5 1.4810286E-4 0.6 9.344642E+14
 50.0 19.58112 0.0E+0 15.90757
 4
      47.14798     -113.97453
      47.12525     -113.98396
      47.05608     -114.04640
      47.01825     -114.05458
 1 3 1 0    698 Jocko fault                                   
 6.5 1.4810286E-4 0.2 7.8984314E+14
 65.0 16.550674 0.0E+0 15.90757
 4
      47.14798     -113.97453
      47.12525     -113.98396
      47.05608     -114.04640
      47.01825     -114.05458
 1 3 1 0    698 Jocko fault                                   
 6.5 1.4810286E-4 0.2 1.248031E+15
 35.0 26.15172 0.0E+0 15.90757
 4
      47.14798     -113.97453
      47.12525     -113.98396
      47.05608     -114.04640
      47.01825     -114.05458
 1 2 1 0    714 Helvetia fault                                
 6.4 4.7581965E-5 0.6 2.1254159E+14
 60.0 17.320515 0.0E+0 13.634543
 2
      45.52135     -122.89808
      45.63545     -122.96223
 1 2 1 0    714 Helvetia fault                                
 6.4 4.7581965E-5 0.2 1.9055955E+14
 75.0 15.529146 0.0E+0 13.634543
 2
      45.52135     -122.89808
      45.63545     -122.96223
 1 2 1 0    714 Helvetia fault                                
 6.4 4.7581965E-5 0.2 2.6030926E+14
 45.0 21.213215 0.0E+0 13.634543
 2
      45.52135     -122.89808
      45.63545     -122.96223
 1 3 1 0    761 Upper Yellowstone Valley faults               
 6.5 7.052689E-4 0.6 4.449938E+15
 50.0 19.58112 0.0E+0 18.036234
 6
      44.08817     -110.12274
      44.16965     -110.12994
      44.18052     -110.13029
      44.19436     -110.12347
      44.23101     -110.13065
      44.24898     -110.12939
 1 3 1 0    761 Upper Yellowstone Valley faults               
 6.5 7.052689E-4 0.2 3.7612494E+15
 65.0 16.550674 0.0E+0 18.036234
 6
      44.08817     -110.12274
      44.16965     -110.12994
      44.18052     -110.13029
      44.19436     -110.12347
      44.23101     -110.13065
      44.24898     -110.12939
 1 3 1 0    761 Upper Yellowstone Valley faults               
 6.5 7.052689E-4 0.2 5.94315E+15
 35.0 26.15172 0.0E+0 18.036234
 6
      44.08817     -110.12274
      44.16965     -110.12994
      44.18052     -110.13029
      44.19436     -110.12347
      44.23101     -110.13065
      44.24898     -110.12939
 1 3 1 0    805 Juniper Mountain fault                        
 6.5 1.6496591E-5 0.6 1.0408627E+14
 50.0 19.58112 0.0E+0 17.718815
 6
      44.24331     -117.66145
      44.23576     -117.69810
      44.23513     -117.77707
      44.24097     -117.80618
      44.24358     -117.84822
      44.25705     -117.87518
 1 3 1 0    805 Juniper Mountain fault                        
 6.5 1.6496591E-5 0.2 8.79775E+13
 65.0 16.550674 0.0E+0 17.718815
 6
      44.24331     -117.66145
      44.23576     -117.69810
      44.23513     -117.77707
      44.24097     -117.80618
      44.24358     -117.84822
      44.25705     -117.87518
 1 3 1 0    805 Juniper Mountain fault                        
 6.5 1.6496591E-5 0.2 1.3901324E+14
 35.0 26.15172 0.0E+0 17.718815
 6
      44.24331     -117.66145
      44.23576     -117.69810
      44.23513     -117.77707
      44.24097     -117.80618
      44.24358     -117.84822
      44.25705     -117.87518
 1 3 1 0    834 Paulina Marsh fault                           
 6.3 7.160244E-4 0.6 2.264268E+15
 50.0 19.58112 0.0E+0 10.417592
 5
      43.23120     -121.03912
      43.18924     -121.00515
      43.17613     -120.99725
      43.15771     -120.99518
      43.14855     -120.98421
 1 3 1 0    834 Paulina Marsh fault                           
 6.3 7.160244E-4 0.2 1.9138417E+15
 65.0 16.550674 0.0E+0 10.417592
 5
      43.23120     -121.03912
      43.18924     -121.00515
      43.17613     -120.99725
      43.15771     -120.99518
      43.14855     -120.98421
 1 3 1 0    834 Paulina Marsh fault                           
 6.3 7.160244E-4 0.2 3.0240612E+15
 35.0 26.15172 0.0E+0 10.417592
 5
      43.23120     -121.03912
      43.18924     -121.00515
      43.17613     -120.99725
      43.15771     -120.99518
      43.14855     -120.98421
 1 3 1 0    865 Mount Hood fault                              
 6.3 5.756456E-4 0.6 1.8203512E+15
 50.0 19.58112 0.0E+0 11.067215
 5
      45.33090     -121.80624
      45.32901     -121.81756
      45.33431     -121.83058
      45.35453     -121.85808
      45.38588     -121.91854
 1 3 1 0    865 Mount Hood fault                              
 6.3 5.756456E-4 0.2 1.538627E+15
 65.0 16.550674 0.0E+0 11.067215
 5
      45.33090     -121.80624
      45.32901     -121.81756
      45.33431     -121.83058
      45.35453     -121.85808
      45.38588     -121.91854
 1 3 1 0    865 Mount Hood fault                              
 6.3 5.756456E-4 0.2 2.4311844E+15
 35.0 26.15172 0.0E+0 11.067215
 5
      45.33090     -121.80624
      45.32901     -121.81756
      45.33431     -121.83058
      45.35453     -121.85808
      45.38588     -121.91854
 1 2 1 0    874 Bolton fault                                  
 6.2 6.329473E-5 0.6 1.4169874E+14
 60.0 17.320515 0.0E+0 9.089974
 5
      45.40879     -122.69009
      45.40232     -122.66305
      45.37447     -122.63232
      45.36495     -122.61615
      45.36153     -122.60034
 1 2 1 0    874 Bolton fault                                  
 6.2 6.329473E-5 0.2 1.270436E+14
 75.0 15.529146 0.0E+0 9.089974
 5
      45.40879     -122.69009
      45.40232     -122.66305
      45.37447     -122.63232
      45.36495     -122.61615
      45.36153     -122.60034
 1 2 1 0    874 Bolton fault                                  
 6.2 6.329473E-5 0.2 1.7354483E+14
 45.0 21.213215 0.0E+0 9.089974
 5
      45.40879     -122.69009
      45.40232     -122.66305
      45.37447     -122.63232
      45.36495     -122.61615
      45.36153     -122.60034
 1 3 1 0    878 Grant Butte fault                             
 6.2 4.4309822E-4 0.6 9.919699E+14
 50.0 19.58112 0.0E+0 9.38139
 5
      45.49836     -122.43135
      45.48821     -122.45605
      45.48812     -122.47205
      45.47797     -122.49882
      45.47608     -122.54401
 1 3 1 0    878 Grant Butte fault                             
 6.2 4.4309822E-4 0.2 8.38449E+14
 65.0 16.550674 0.0E+0 9.38139
 5
      45.49836     -122.43135
      45.48821     -122.45605
      45.48812     -122.47205
      45.47797     -122.49882
      45.47608     -122.54401
 1 3 1 0    878 Grant Butte fault                             
 6.2 4.4309822E-4 0.2 1.3248333E+15
 35.0 26.15172 0.0E+0 9.38139
 5
      45.49836     -122.43135
      45.48821     -122.45605
      45.48812     -122.47205
      45.47797     -122.49882
      45.47608     -122.54401
 1 2 1 0    885 Yaquina faults                                
 6.1 1.502416E-3 0.3 2.381173E+15
 60.0 17.320515 0.0E+0 8.183157
 3
      44.64147     -123.98667
      44.63195     -124.03321
      44.60868     -124.07742
 1 2 1 0    885 Yaquina faults                                
 6.1 1.502416E-3 0.1 2.134901E+15
 75.0 15.529146 0.0E+0 8.183157
 3
      44.64147     -123.98667
      44.63195     -124.03321
      44.60868     -124.07742
 1 2 1 0    885 Yaquina faults                                
 6.1 1.502416E-3 0.1 2.91633E+15
 45.0 21.213215 0.0E+0 8.183157
 3
      44.64147     -123.98667
      44.63195     -124.03321
      44.60868     -124.07742
 1 2 1 0    886 Waldport fault                                
 6.4 3.7282684E-4 0.6 1.6653623E+15
 60.0 17.320515 0.0E+0 14.568136
 4
      44.33863     -124.08981
      44.42164     -124.06519
      44.45119     -124.06142
      44.46620     -124.05190
 1 2 1 0    886 Waldport fault                                
 6.4 3.7282684E-4 0.2 1.4931227E+15
 75.0 15.529146 0.0E+0 14.568136
 4
      44.33863     -124.08981
      44.42164     -124.06519
      44.45119     -124.06142
      44.46620     -124.05190
 1 2 1 0    886 Waldport fault                                
 6.4 3.7282684E-4 0.2 2.0396443E+15
 45.0 21.213215 0.0E+0 14.568136
 4
      44.33863     -124.08981
      44.42164     -124.06519
      44.45119     -124.06142
      44.46620     -124.05190
 1 2 1 0    890 South Slough thrust and reverse faults        
 6.3 9.1861514E-4 0.6 2.9049161E+15
 60.0 17.320515 0.0E+0 10.961787
 3
      43.28849     -124.29931
      43.27761     -124.31117
      43.19487     -124.33597
 1 2 1 0    890 South Slough thrust and reverse faults        
 6.3 9.1861514E-4 0.2 2.6044762E+15
 75.0 15.529146 0.0E+0 10.961787
 3
      43.28849     -124.29931
      43.27761     -124.31117
      43.19487     -124.33597
 1 2 1 0    890 South Slough thrust and reverse faults        
 6.3 9.1861514E-4 0.2 3.5577815E+15
 45.0 21.213215 0.0E+0 10.961787
 3
      43.28849     -124.29931
      43.27761     -124.31117
      43.19487     -124.33597
 1 3 1 0    895 Beaver Creek fault zone                       
 6.5 3.9002468E-4 0.6 2.460885E+15
 50.0 19.58112 0.0E+0 17.45506
 7
      42.76508     -124.49048
      42.78395     -124.45787
      42.79634     -124.45014
      42.81297     -124.42211
      42.82671     -124.39058
      42.83471     -124.35410
      42.85528     -124.32140
 1 3 1 0    895 Beaver Creek fault zone                       
 6.5 3.9002468E-4 0.2 2.0800294E+15
 65.0 16.550674 0.0E+0 17.45506
 7
      42.76508     -124.49048
      42.78395     -124.45787
      42.79634     -124.45014
      42.81297     -124.42211
      42.82671     -124.39058
      42.83471     -124.35410
      42.85528     -124.32140
 1 3 1 0    895 Beaver Creek fault zone                       
 6.5 3.9002468E-4 0.2 3.2866544E+15
 35.0 26.15172 0.0E+0 17.45506
 7
      42.76508     -124.49048
      42.78395     -124.45787
      42.79634     -124.45014
      42.81297     -124.42211
      42.82671     -124.39058
      42.83471     -124.35410
      42.85528     -124.32140
 1 1 1 0    NV2 Coaldale fault 2                              
 6.5 1.2250034E-4 0.6 7.729235E+14
 90.0 15.0 0.0E+0 17.176077
 3
      37.99993     -118.29598
      37.99077     -118.34495
      37.92932     -118.46794
 1 1 1 0    NV2 Coaldale fault 2                              
 6.5 1.2250034E-4 0.2 8.0018904E+14
 105.0 15.529138 0.0E+0 17.176077
 3
      37.99993     -118.29598
      37.99077     -118.34495
      37.92932     -118.46794
 1 1 1 0    NV2 Coaldale fault 2                              
 6.5 1.2250034E-4 0.2 8.001895E+14
 75.0 15.529146 0.0E+0 17.176077
 3
      37.99993     -118.29598
      37.99077     -118.34495
      37.92932     -118.46794
 1 3 1 0    NV3 Petersen Mountain fault 2                     
 6.5 1.3654602E-4 0.6 8.615456E+14
 50.0 19.58112 0.0E+0 16.295847
 7
      39.75671     -119.93042
      39.77387     -119.94228
      39.78654     -119.94138
      39.80415     -119.93095
      39.82769     -119.93787
      39.88626     -119.94470
      39.89803     -119.94075
 1 3 1 0    NV3 Petersen Mountain fault 2                     
 6.5 1.3654602E-4 0.2 7.282097E+14
 65.0 16.550674 0.0E+0 16.295847
 7
      39.75671     -119.93042
      39.77387     -119.94228
      39.78654     -119.94138
      39.80415     -119.93095
      39.82769     -119.93787
      39.88626     -119.94470
      39.89803     -119.94075
 1 3 1 0    NV3 Petersen Mountain fault 2                     
 6.5 1.3654602E-4 0.2 1.150644E+15
 35.0 26.15172 0.0E+0 16.295847
 7
      39.75671     -119.93042
      39.77387     -119.94228
      39.78654     -119.94138
      39.80415     -119.93095
      39.82769     -119.93787
      39.88626     -119.94470
      39.89803     -119.94075
 1 1 1 0    OR4 Sandy River fault zone                        
 6.5 2.3678862E-5 0.6 1.4940326E+14
 90.0 15.0 0.0E+0 16.60036
 2
      45.54615     -122.38266
      45.43916     -122.23415
 1 1 1 0    OR4 Sandy River fault zone                        
 6.5 2.3678862E-5 0.2 1.5467358E+14
 105.0 15.529138 0.0E+0 16.60036
 2
      45.54615     -122.38266
      45.43916     -122.23415
 1 1 1 0    OR4 Sandy River fault zone                        
 6.5 2.3678862E-5 0.2 1.5467367E+14
 75.0 15.529146 0.0E+0 16.60036
 2
      45.54615     -122.38266
      45.43916     -122.23415
 1 2 1 0    newwa3 Boulder Creek fault, Kendall scarp         
 6.3 1.3547725E-3 0.6 4.2841667E+15
 60.0 17.320515 0.0E+0 10.848526
 4
      48.91836     -121.98997
      48.92453     -122.01945
      48.91293     -122.08378
      48.90817     -122.13407
 1 2 1 0    newwa3 Boulder Creek fault, Kendall scarp         
 6.3 1.3547725E-3 0.2 3.8410783E+15
 75.0 15.529146 0.0E+0 10.848526
 4
      48.91836     -121.98997
      48.92453     -122.01945
      48.91293     -122.08378
      48.90817     -122.13407
 1 2 1 0    newwa3 Boulder Creek fault, Kendall scarp         
 6.3 1.3547725E-3 0.2 5.247012E+15
 45.0 21.213215 0.0E+0 10.848526
 4
      48.91836     -121.98997
      48.92453     -122.01945
      48.91293     -122.08378
      48.90817     -122.13407
