0		!use hazgridXnga4. with wtgrid for M>6.5 Nov 14 2007
24.6 50. 0.1     EXTmapC.in for NGA firm rock Agrids new Sept 20 2007
-125. -100. 0.1
760. 2.
2 1. 0.0 1.0 5. 1.0 0.0  2 depths
1.0 0.0 0.0	weights to ss rev normal respectively
1. 200.
24.6 51. 0.1     EXTENDED source grid 
-126.5 -100. 0.1
0.8 5.0 7 .1 3.
1 0 1 0
../conf/WUS/gridded/GR_DOS/mmax_WUS_ch.out
../conf/WUS/gridded/GR_DOS/agrd_WUScmp_noPuget_adSm_floors.out
1. 0
../bin/meanrjb.bin
3   3 spectral periods
0. 1. 0. PGA
0.370 0.220 0.220
0.250 0.230 0.230
0.400 0.360 0.330
../out/noPuget_2014_adSm_ss.ch.pga
20
 0.005 .007 .0098 .0137 .0192 .0269 .0376 .0527 .0738 .103 .145 .203 .284 .397 .556 .778 1.09 1.52 2.2 3.3
5
29 0.22 1000.   0.0 0 BSSA2013
38 0.12 1000.   0.0 0 ID2013
33 0.22 1000.   0.0 0 CY2013
32 0.22 1000.   0.0 0 CB2013
34 0.22 1000.   0.0 0 AS2013
1.0 1. 0.  PSA
0.370 0.220 0.220
0.250 0.230 0.230
0.400 0.360 0.330
../out/noPuget_2014_adSm_ss.ch.1hz
20
.0025 .00375 .00563 .00844 .0127 .0190 .0285 .0427 .0641 .0961 .144 .216 .324 .487 .730 1.09 1.64 2.46 3.69 5.54
5
29 0.22 1000.   0.0 0 BSSA2013
38 0.12 1000.   0.0 0 ID2013
33 0.22 1000.   0.0 0 CY2013
32 0.22 1000.   0.0 0 CB2013
34 0.22 1000.   0.0 0 AS2013
0.2 1. 0.  PSA
0.370 0.220 0.220
0.250 0.230 0.230
0.400 0.360 0.330
../out/noPuget_2014_adSm_ss.ch.5hz
19
.005 .0075 .0113 .0169 .0253 .0380 .0570 .0854 .128 .192 .288 .432 .649 .973 1.46 2.19 3.28 4.92 7.38            
5
29 0.22 1000.   0.0 0 BSSA2013
38 0.12 1000.   0.0 0 ID2013
33 0.22 1000.   0.0 0 CY2013
32 0.22 1000.   0.0 0 CB2013
34 0.22 1000.   0.0 0 AS2013
