0		!2 depth of top nov 7 2007. Extended agrid and Mmax dec 18
24.6 50. 0.1     pugetmapG.in for NGA & firm rock
-125. -100. 0.1
760. 2.
2 1. 0.0 1.0 5. 1.0 0.0  !2 depths
0.5 0.5 0.0	!weights to ss rev normal respectively
1. 200.
24.6 51. 0.1     !source grid 
-126.5 -100. 0.1
0.8 5.0 7.3 .1 3.
2 0 1 0
../conf/WUS/gridded/GR_DOS/fltmmaxpugetG.2007
../conf/WUS/gridded/GR_DOS/pugetagrid.2007
1. 0
90.
3   3 spectral periods
0. 1. 0. PGA
0.375 0.210 0.245
0.230 0.225 0.23
0.400 0.360 0.31
../out/puget.gr.pga
19
 0.005 .007 .0098 .0137 .0192 .0269 .0376 .0527 .0738 .103 .145 .203 .284 .397 .556 .778 1.09 1.52 2.13 
3
22 0.3333 1000. 0.3333 0 CB
21 0.3333 1000. 0.3333 0 BA
23 0.3333 1000. 0.3333 0 CY
1.0 1. 0.  PSA
0.375 0.210 0.245
0.230 0.225 0.23
0.400 0.360 0.31
../out/puget.gr.1hz
20
.0025 .00375 .00563 .00844 .0127 .0190 .0285 .0427 .0641 .0961 .144 .216 .324 .487 .730 1.09 1.64 2.46 3.69 5.54
3
22 0.3333 1000. 0.3333 0 CB
21 0.3333 1000. 0.3333 0 BA
23 0.3333 1000. 0.3333 0 CY
0.2 1. 0.  PSA
0.375 0.210 0.245
0.230 0.225 0.23
0.400 0.360 0.31
../out/puget.gr.5hz
19
.005 .0075 .0113 .0169 .0253 .0380 .0570 .0854 .128 .192 .288 .432 .649 .973 1.46 2.19 3.28 4.92 7.38            
3
22 0.3333 1000. 0.3333 0 CB
21 0.3333 1000. 0.3333 0 BA
23 0.3333 1000. 0.3333 0 CY
