0	!cheraw-meers; use with hazFXnga7c. 8 atten models feb 9 2007
24.6 50. .1    from CEUScm.inV3   Cheraw and Meers Faults
-115. -65. .1
760 1
5. 1000. 
3
0. 0. 0. PGA
../out/CEUScmpga-recur.out
20
.005 .007 .0098 .0137 .0192 .0269 .0376 .0527 .0738 .103 .145 .203 .284 .397 .556 .778 1.09 1.52 2.2 3.3
9
6  0.09 10000. 0.05 0 FEA
2  0.09 10000. 0.10 0 Toro Mw atten.
20 0.09 10000. 0.05 0 Silva
7  0.10 10000. 0.10 0 somerville
10 0.09 10000. 0.10 0 Campbell hybrid, BC
19 0.09 10000. 0.10 0 TP05
25 0.10 10000. 0.10 0 A08'
26 0.25 10000. 0.20 0 AB06'
27 0.10 10000. 0.20 0 PEZ11
1.0 0. 0. 1 sec SA
../out/CEUScm1hz-recur.out
20
.0025 .00375 .00563 .00844 .0127 .0190 .0285 .0427 .0641 .0961 .144 .216 .324 .487 .730 1.09 1.64 2.46
 3.69 5.54
9
6  0.09 10000. 0.05 0 FEA
2  0.09 10000. 0.10 0 Toro Mw atten.
20 0.09 10000. 0.05 0 Silva
7  0.10 10000. 0.10 0 somerville
10 0.09 10000. 0.10 0 Campbell hybrid, BC
19 0.09 10000. 0.10 0 TP05
25 0.10 10000. 0.10 0 A08'
26 0.25 10000. 0.20 0 AB06'
27 0.10 10000. 0.20 0 PEZ11
0.2 0. 0.   0.2 sec SA
../out/CEUScm5hz-recur.out
19
.005 .0075 0.0113 .0169 .0253 .0380 .0570 .0854 .128 .192 .288 .432 .649 .973 1.46 2.19 3.28 4.92 7.38
9
6  0.09 10000. 0.05 0 FEA
2  0.09 10000. 0.10 0 Toro Mw atten.
20 0.09 10000. 0.05 0 Silva
7  0.10 10000. 0.10 0 somerville
10 0.09 10000. 0.10 0 Campbell hybrid, BC
19 0.09 10000. 0.10 0 TP05
25 0.10 10000. 0.10 0 A08'
26 0.25 10000. 0.20 0 AB06'
27 0.10 10000. 0.20 0 PEZ11
1. 1.
1
0.
1.0
.12 5		broaden the uncertainty dist.
   1  3    1 2330  'Cheraw Char. f (recurr model)                               
     6.80000    9.465E-5 0.3		!wt=0.3 (magnitude)   
     60.0000    17.3205  0.    45.2182
   7
38.43641079	-103.2190712
38.39667753	-103.2424251
38.35192864	-103.2799209
38.30459631	-103.3516471
38.27306452	-103.4291565
38.22507643	-103.5014483
38.15084701	-103.5852992
  1  3    1 2330  'Cheraw Char. f   (recurr model)                             
     7.00000    9.465E-5 0.3		! 0.3 (magnitude)     
     60.0000    17.3205  0.    45.2182
    7
38.43641079	-103.2190712
38.39667753	-103.2424251
38.35192864	-103.2799209
38.30459631	-103.3516471
38.27306452	-103.4291565
38.22507643	-103.5014483
38.15084701	-103.5852992
  1  3    1 2330  'Cheraw Char. f   (recurr model)                               
     7.20000    9.465E-5 0.3		!0.3 (magnitude)   
     60.0000    17.3205  0.    45.2182
     7
38.43641079	-103.2190712
38.39667753	-103.2424251
38.35192864	-103.2799209
38.30459631	-103.3516471
38.27306452	-103.4291565
38.22507643	-103.5014483
38.15084701	-103.5852992
  1  3    1 2330  'Cheraw Char. f (recurr model)                                
     7.40000    9.465E-5 0.10		!wt=0.1 (magnitude)   
     60.0000    17.3205  0.    45.2182
    7
38.43641079	-103.2190712
38.39667753	-103.2424251
38.35192864	-103.2799209
38.30459631	-103.3516471
38.27306452	-103.4291565
38.22507643	-103.5014483
38.15084701	-103.5852992

