0	!cheraw-meers; use with hazFXnga7c. 8 atten models feb 9 2007
24.6 50. .1    from CEUScm.inV3   Cheraw and Meers Faults
-115. -65. .1
760 1
5. 1000. 
3
0. 0. 0. PGA
../out/CEUScmpga-srchar.out
19
.005 .007 .0098 .0137 .0192 .0269 .0376 .0527 .0738 .103 .145 .203 .284 .397 .556 .778 1.09 1.52 2.13 
8
2  0.2 10000. 0.2 0 Toro Mw atten.
6  0.1 10000. 0.1 0 FEA 
4  0.1 10000. 0.1 0 AB06 140 bar stress drop
21 0.1 10000. 0.1 0 AB06 200 bar stress drop
7  0.2 10000. 0.2 0 Somerville Rifted, BC 
10 0.1 10000. 0.1 0 Campbell hybrid, BC
19 0.1 10000. 0.1 0 Tavakoli and Pezeshk, BC
20 0.1 10000. 0.1 0 Silva
1.0 0. 0. 1 sec SA
../out/CEUScm1hz-srchar.out
20
.0025 .00375 .00563 .00844 .0127 .0190 .0285 .0427 .0641 .0961 .144 .216 .324 .487 .730 1.09 1.64 2.46
 3.69 5.54
8
2  0.2 10000. 0.2 0 Toro Mw atten.
6  0.1 10000. 0.1 0 FEA 
4  0.1 10000. 0.1 0 AB06 140 bar stress drop
21 0.1 10000. 0.1 0 AB06 200 bar stress drop
7  0.2 10000. 0.2 0 Somerville Rifted, BC 
10 0.1 10000. 0.1 0 Campbell hybrid, BC
19 0.1 10000. 0.1 0 Tavakoli and Pezeshk, BC
20 0.1 10000. 0.1 0 Silva
0.2 0. 0.   0.2 sec SA
../out/CEUScm5hz-srchar.out
19
.005 .0075 0.0113 .0169 .0253 .0380 .0570 .0854 .128 .192 .288 .432 .649 .973 1.46 2.19 3.28 4.92 7.38
8
2  0.2 10000. 0.2 0 Toro Mw atten.
6  0.1 10000. 0.1 0 FEA 
4  0.1 10000. 0.1 0 AB06 140 bar stress drop
21 0.1 10000. 0.1 0 AB06 200 bar stress drop
7  0.2 10000. 0.2 0 Somerville Rifted, BC 
10 0.1 10000. 0.1 0 Campbell hybrid, BC
19 0.1 10000. 0.1 0 Tavakoli and Pezeshk, BC
20 0.1 10000. 0.1 0 Silva
1. 1.
1
0.
1.0
.12 5		broaden the uncertainty dist.
 1  3    1 2330  'Cheraw Char. f (slip rate model) need to multiply by 0.66 for Char branch and 0.5 for slip rate branch                                 
     6.80000    1.987e-4  0.3		!wt= 0.3(magnitude)   
     60.0000    17.3205  0.    45.2182
    7
38.43641079	-103.2190712
38.39667753	-103.2424251
38.35192864	-103.2799209
38.30459631	-103.3516471
38.27306452	-103.4291565
38.22507643	-103.5014483
38.15084701	-103.5852992
1  3    1 2330  'Cheraw Char. f    (slip rate model)                             
     7.00000    9.96e-5  0.3		!wt= 0.3(magnitude)   
     60.0000    17.3205  0.    45.2182
    7
38.43641079	-103.2190712
38.39667753	-103.2424251
38.35192864	-103.2799209
38.30459631	-103.3516471
38.27306452	-103.4291565
38.22507643	-103.5014483
38.15084701	-103.5852992
1  3    1 2330  'Cheraw Char. f     (slip rate model)                            
     7.20000    4.99e-5  0.3		!wt= 0.3(magnitude)   
     60.0000    17.3205  0.    45.2182
    7
38.43641079	-103.2190712
38.39667753	-103.2424251
38.35192864	-103.2799209
38.30459631	-103.3516471
38.27306452	-103.4291565
38.22507643	-103.5014483
38.15084701	-103.5852992
1  3    1 2330  'Cheraw Char. f      (slip rate model)                           
     7.40000    2.500e-5  0.1		!wt= 0.1(magnitude)   
     60.0000    17.3205  0.    45.2182
    7
38.43641079	-103.2190712
38.39667753	-103.2424251
38.35192864	-103.2799209
38.30459631	-103.3516471
38.27306452	-103.4291565
38.22507643	-103.5014483
38.15084701	-103.5852992
