0	!cheraw-meers; use with hazFXnga7c. 8 atten models feb 9 2007
24.6 50. .1    from CEUScm2014.inV3   Cheraw and Meers Faults
-115. -65. .1
760 1
5. 1000. 
3
0. 0. 0. PGA
../out/CEUScm2014.pga
20
.005 .007 .0098 .0137 .0192 .0269 .0376 .0527 .0738 .103 .145 .203 .284 .397 .556 .778 1.09 1.52 2.2 3.3
9
6  0.06 10000. 0.06 0 FEA
2  0.11 10000. 0.11 0 Toro Mw atten.
20 0.06 10000. 0.06 0 Silva
7  0.10 10000. 0.10 0 somerville
10 0.11 10000. 0.11 0 Campbell hybrid, BC
19 0.11 10000. 0.11 0 TP05
25 0.08 10000. 0.08 0 A08'
26 0.22 10000. 0.22 0 AB06'
27 0.15 10000. 0.15 0 PEZ11
1.0 0. 0. 1 sec SA
../out/CEUScm2014.1hz
20
.0025 .00375 .00563 .00844 .0127 .0190 .0285 .0427 .0641 .0961 .144 .216 .324 .487 .730 1.09 1.64 2.46 3.69 5.54
9
6  0.06 10000. 0.06 0 FEA
2  0.11 10000. 0.11 0 Toro Mw atten.
20 0.06 10000. 0.06 0 Silva
7  0.10 10000. 0.10 0 somerville
10 0.11 10000. 0.11 0 Campbell hybrid, BC
19 0.11 10000. 0.11 0 TP05
25 0.08 10000. 0.08 0 A08'
26 0.22 10000. 0.22 0 AB06'
27 0.15 10000. 0.15 0 PEZ11
0.2 0. 0.   0.2 sec SA
../out/CEUScm2014.5hz
19
.005 .0075 0.0113 .0169 .0253 .0380 .0570 .0854 .128 .192 .288 .432 .649 .973 1.46 2.19 3.28 4.92 7.38 
9
6  0.06 10000. 0.06 0 FEA
2  0.11 10000. 0.11 0 Toro Mw atten.
20 0.06 10000. 0.06 0 Silva
7  0.10 10000. 0.10 0 somerville
10 0.11 10000. 0.11 0 Campbell hybrid, BC
19 0.11 10000. 0.11 0 TP05
25 0.08 10000. 0.08 0 A08'
26 0.22 10000. 0.22 0 AB06'
27 0.15 10000. 0.15 0 PEZ11
1. 1.
3
-.2 0. .2
.2 .6 .2
.12 5		broaden the uncertainty dist.
   1  3    1 2330  'Cheraw Char. f  1/2 wt                                
     7.00000    1.148e-4 0.5		!half wt explicit 2007    
     60.0000    17.3205  0.    45.2182
   9
     38.4309  -103.2241
     38.4020  -103.2393
     38.3694  -103.2637
     38.3321  -103.3046
     38.2979  -103.3631
     38.2692  -103.4360
     38.2288  -103.4967
     38.1596  -103.5699
     38.1508  -103.5848
   2  3   1 2330  'Cheraw  GR f          1/2 wt explicit
     2.14217   0.950000    6.50000    7.00000    1.00000E-01 0.5
     60.0000    17.3205  0.    45.2182
   9
     38.4309  -103.2241
     38.4020  -103.2393
     38.3694  -103.2637
     38.3321  -103.3046
     38.2979  -103.3631
     38.2692  -103.4360
     38.2288  -103.4967
     38.1596  -103.5699
     38.1508  -103.5848
   1 1 1        Meers
    7.0 2.22e-4 1
   89. 15. 0
   4 
         34.8474426  -98.6390457
         34.7504005  -98.3998795
         34.7331772  -98.3295670
         34.7116203  -98.2900696
