0	!cheraw-meers; use with hazFXnga7c. 8 atten models feb 9 2007
24.6 50. .1    from CEUScm.inV3   Cheraw and Meers Faults
-115. -65. .1
760 1
5. 1000. 
1
2.0 0. 0. PSA
../out/CEUSmeers2s-2014.out
20
.0025 .00375 .00563 .00844 .0127 .0190 .0285 .0427 .0641 .0961 .144 .216 .324 .487 .730 1.09 1.64 2.46 3.69 5.54
9
6  0.06 500. 0.16 0 FEA
2  0.11 500. 0.00 0 Toro Mw atten.
20 0.06 500. 0.00 0 Silva
7  0.10 500. 0.00 0 somerville
10 0.11 500. 0.17 0 Campbell hybrid, BC
19 0.11 500. 0.17 0 TP05
25 0.08 500. 0.00 0 A08'
26 0.22 500. 0.30 0 AB06'
27 0.15 500. 0.20 0 PEZ11
0.2 0. 0.   0.2 sec SA
1. 1.
1
0.
1.0
.12 5		broaden the uncertainty dist.
   1 1 1        Meers
    6.6 6.47e-4 0.1	(weight mag=0.1)
   89. 15. 0
   6
34.84744282	-98.63904549
34.7963106	-98.5185316
34.7628556	-98.42549105
34.7374456	-98.3649366
34.7271156	-98.31908438
34.70878615	-98.2999116
  1 1 1        Meers
    6.7 6.47e-4 0.45 	(weight mag=0.45)
   89. 15. 0
   6
34.84744282	-98.63904549
34.7963106	-98.5185316
34.7628556	-98.42549105
34.7374456	-98.3649366
34.7271156	-98.31908438
34.70878615	-98.2999116
  1 1 1        Meers
    6.9 6.47e-4 0.3	(weight mag=0.3)
   89. 15. 0
   6
34.84744282	-98.63904549
34.7963106	-98.5185316
34.7628556	-98.42549105
34.7374456	-98.3649366
34.7271156	-98.31908438
34.70878615	-98.2999116
  1 1 1        Meers
    7.3 6.47e-4 0.1	(weight mag=0.1)
   89. 15. 0
   6
34.84744282	-98.63904549
34.7963106	-98.5185316
34.7628556	-98.42549105
34.7374456	-98.3649366
34.7271156	-98.31908438
34.70878615	-98.2999116
 1 1 1        Meers
    7.4 6.47e-4 0.05	(weight mag=0.05)
   89. 15. 0
   6
34.84744282	-98.63904549
34.7963106	-98.5185316
34.7628556	-98.42549105
34.7374456	-98.3649366
34.7271156	-98.31908438
34.70878615	-98.2999116
