0	!cheraw-meers; use with hazFXnga7c. 8 atten models feb 9 2007
24.6 50. .1    from CEUScm.inV3   Cheraw and Meers Faults
-115. -65. .1
760 1
5. 1000. 
3
0. 0. 0. PGA
../out/CEUScmpga-srgr.out
20
.005 .007 .0098 .0137 .0192 .0269 .0376 .0527 .0738 .103 .145 .203 .284 .397 .556 .778 1.09 1.52 2.2 3.3
9
6  0.06 500. 0.16 0 FEA
2  0.11 500. 0.00 0 Toro Mw atten.
20 0.06 500. 0.00 0 Silva
7  0.10 500. 0.00 0 somerville
10 0.11 500. 0.17 0 Campbell hybrid, BC
19 0.11 500. 0.17 0 TP05
25 0.08 500. 0.00 0 A08'
26 0.22 500. 0.30 0 AB06'
27 0.15 500. 0.20 0 PEZ11
1.0 0. 0. 1 sec SA
../out/CEUScm1hz-srgr.out
20
.0025 .00375 .00563 .00844 .0127 .0190 .0285 .0427 .0641 .0961 .144 .216 .324 .487 .730 1.09 1.64 2.46 3.69 5.54
9
6  0.06 500. 0.16 0 FEA
2  0.11 500. 0.00 0 Toro Mw atten.
20 0.06 500. 0.00 0 Silva
7  0.10 500. 0.00 0 somerville
10 0.11 500. 0.17 0 Campbell hybrid, BC
19 0.11 500. 0.17 0 TP05
25 0.08 500. 0.00 0 A08'
26 0.22 500. 0.30 0 AB06'
27 0.15 500. 0.20 0 PEZ11
0.2 0. 0.   0.2 sec SA
../out/CEUScm5hz-srgr.out
19
.005 .0075 0.0113 .0169 .0253 .0380 .0570 .0854 .128 .192 .288 .432 .649 .973 1.46 2.19 3.28 4.92 7.38
9
6  0.06 500. 0.16 0 FEA
2  0.11 500. 0.00 0 Toro Mw atten.
20 0.06 500. 0.00 0 Silva
7  0.10 500. 0.00 0 somerville
10 0.11 500. 0.17 0 Campbell hybrid, BC
19 0.11 500. 0.17 0 TP05
25 0.08 500. 0.00 0 A08'
26 0.22 500. 0.30 0 AB06'
27 0.15 500. 0.20 0 PEZ11
1. 1.
1
0.
1.0
0. 1		broaden the uncertainty dist.
 2 1 1 0    2330 Cheraw fault                                 
 2.10117  1.00  6.500  7.400 0.1125 1.00000 0.35336E+16
 50.0 19.58112 0.0E+0 45.918132
 7
      38.43641     -103.21907
      38.39668     -103.24242
      38.35193     -103.27992
      38.30460     -103.35165
      38.27306     -103.42915
      38.22507     -103.50145
      38.15085     -103.58530
