0	!cheraw-meers; use with hazFXnga7c. 8 atten models feb 9 2007
24.6 50. .1    from CEUScm.inV3   Cheraw and Meers Faults
-115. -65. .1
760 1
5. 1000. 
3
0. 0. 0. PGA
../out/CEUScmpga-2014.out
20
.005 .007 .0098 .0137 .0192 .0269 .0376 .0527 .0738 .103 .145 .203 .284 .397 .556 .778 1.09 1.52 2.2 3.3
9
6  0.05 10000. 0.05 0 FEA
2  0.10 10000. 0.10 0 Toro Mw atten.
20 0.05 10000. 0.05 0 Silva
7  0.10 10000. 0.10 0 somerville
10 0.10 10000. 0.10 0 Campbell hybrid, BC
19 0.10 10000. 0.10 0 TP05
25 0.10 10000. 0.10 0 A08'
26 0.20 10000. 0.20 0 AB06'
27 0.20 10000. 0.20 0 PEZ11
1.0 0. 0. 1 sec SA
../out/CEUScm1hz-2014.out
20
.0025 .00375 .00563 .00844 .0127 .0190 .0285 .0427 .0641 .0961 .144 .216 .324 .487 .730 1.09 1.64 2.46
 3.69 5.54
9
6  0.05 10000. 0.05 0 FEA
2  0.10 10000. 0.10 0 Toro Mw atten.
20 0.05 10000. 0.05 0 Silva
7  0.10 10000. 0.10 0 somerville
10 0.10 10000. 0.10 0 Campbell hybrid, BC
19 0.10 10000. 0.10 0 TP05
25 0.10 10000. 0.10 0 A08'
26 0.20 10000. 0.20 0 AB06'
27 0.20 10000. 0.20 0 PEZ11
0.2 0. 0.   0.2 sec SA
../out/CEUScm5hz-2014.out
19
.005 .0075 0.0113 .0169 .0253 .0380 .0570 .0854 .128 .192 .288 .432 .649 .973 1.46 2.19 3.28 4.92 7.38
9
6  0.05 10000. 0.05 0 FEA
2  0.10 10000. 0.10 0 Toro Mw atten.
20 0.05 10000. 0.05 0 Silva
7  0.10 10000. 0.10 0 somerville
10 0.10 10000. 0.10 0 Campbell hybrid, BC
19 0.10 10000. 0.10 0 TP05
25 0.10 10000. 0.10 0 A08'
26 0.20 10000. 0.20 0 AB06'
27 0.20 10000. 0.20 0 PEZ11
1. 1.
1
0.
1.0
.12 5		broaden the uncertainty dist.
   1 1 1        Meers
    6.6 6.47e-4 0.1	(weight mag=0.1)
   89. 15. 0
   6
34.84744282	-98.63904549
34.7963106	-98.5185316
34.7628556	-98.42549105
34.7374456	-98.3649366
34.7271156	-98.31908438
34.70878615	-98.2999116
  1 1 1        Meers
    6.7 6.47e-4 0.45 	(weight mag=0.45)
   89. 15. 0
   6
34.84744282	-98.63904549
34.7963106	-98.5185316
34.7628556	-98.42549105
34.7374456	-98.3649366
34.7271156	-98.31908438
34.70878615	-98.2999116
  1 1 1        Meers
    6.9 6.47e-4 0.3	(weight mag=0.3)
   89. 15. 0
   6
34.84744282	-98.63904549
34.7963106	-98.5185316
34.7628556	-98.42549105
34.7374456	-98.3649366
34.7271156	-98.31908438
34.70878615	-98.2999116
  1 1 1        Meers
    7.3 6.47e-4 0.1	(weight mag=0.1)
   89. 15. 0
   6
34.84744282	-98.63904549
34.7963106	-98.5185316
34.7628556	-98.42549105
34.7374456	-98.3649366
34.7271156	-98.31908438
34.70878615	-98.2999116
 1 1 1        Meers
    7.4 6.47e-4 0.05	(weight mag=0.05)
   89. 15. 0
   6
34.84744282	-98.63904549
34.7963106	-98.5185316
34.7628556	-98.42549105
34.7374456	-98.3649366
34.7271156	-98.31908438
34.70878615	-98.2999116
