0              Model for (1500 year)  central and south segment rupture of New Madrid 
24.6 50. .1    
-115. -65. .1		!without aleatory uncert on M 
760 1.
5. 1000. 
3 	# 3 spectral periods
0. -5. 0. PGA	!-5 means cluster model with 5 epistemic branches
../out/newmad2014-1500-clu.pga
20
.005 .007 .0098 .0137 .0192 .0269 .0376 .0527 .0738 .103 .145 .203 .284 .397 .556 .778 1.09 1.52 2.2 3.3
9
6  0.05 10000. 0.05 0 FEA
2  0.10 10000. 0.10 0 Toro Mw atten.
15 0.05 10000. 0.05 0 Silva
7  0.10 10000. 0.10 0 somerville
10 0.10 10000. 0.10 0 Campbell hybrid, BC
19 0.10 10000. 0.10 0 TP05
25 0.10 10000. 0.10 0 A08'
26 0.20 10000. 0.20 0 AB06'
27 0.20 10000. 0.20 0 PEZ11
1.0 -5. 0.     1.0 sec SA
../out/newmad2014-1500-clu.1hz
20
.0025 .00375 .00563 .00844 .0127 .0190 .0285 .0427 .0641 .0961 .144 .216 .324 .487 .730 1.09 1.64 2.46 3.69 5.54
9
6  0.05 10000. 0.05 0 FEA
2  0.10 10000. 0.10 0 Toro Mw atten.
15 0.05 10000. 0.05 0 Silva
7  0.10 10000. 0.10 0 somerville
10 0.10 10000. 0.10 0 Campbell hybrid, BC
19 0.10 10000. 0.10 0 TP05
25 0.10 10000. 0.10 0 A08'
26 0.20 10000. 0.20 0 AB06'
27 0.20 10000. 0.20 0 PEZ11
0.2 -5. 0.   0.2 sec SA
../out/newmad2014-1500-clu.5hz
19
.005 .0075 0.0113 .0169 .0253 .0380 .0570 .0854 .128 .192 .288 .432 .649 .973 1.46 2.19 3.28 4.92 7.38 
9
6  0.05 10000. 0.05 0 FEA
2  0.10 10000. 0.10 0 Toro Mw atten.
15 0.05 10000. 0.05 0 Silva
7  0.10 10000. 0.10 0 somerville
10 0.10 10000. 0.10 0 Campbell hybrid, BC
19 0.10 10000. 0.10 0 TP05
25 0.10 10000. 0.10 0 A08'
26 0.20 10000. 0.20 0 AB06'
27 0.20 10000. 0.20 0 PEZ11
1. 1.
1
0
1.
0.0 1	!No ale dM for the clustered-event calculations.
1 1  4  1 2  New Madrid western fault; central seg.;1500 yr return time 
7.3 0.0006667  0.15
7.5 0.0006667  0.20
7.7 0.0006667  0.50
8.0 0.0006667  0.15
89. 15. 10.
2
36.899461 -89.687003
36.682102 -89.959304
1 1  4  2 2 New Madrid mid-western fault; 
7.3 0.0006667 0.15
7.5 0.0006667 0.20
7.7 0.0006667 0.50
8.0 0.0006667 0.15
63.5 15. 10.
2
36.774627 -89.556299
36.504397 -89.641620
1 1 4  3 2  New Madrid central fault;
7.3 0.0006667 0.15
7.5 0.0006667 0.20
7.7 0.0006667 0.5
8.0 0.0006667 0.15
38. 15. 10.
2
36.649792 -89.425595
36.326691 -89.323936
1 1  4  4 2 New Madrid mid-eastern fault; 
7.3 0.0006667 0.15
7.5 0.0006667 0.20
7.7 0.0006667 0.50
8.0 0.0006667 0.15
63.5 15. 10.
2
36.502928 -89.276737
36.251791 -89.316674
1 1  4 5 2  New Madrid eastern fault; 
7.3 0.0006667 0.15
7.5 0.0006667 0.2
7.7 0.0006667 0.50
8.0 0.0006667 0.15
89. 15. 10.
2
36.356064 -89.127879
36.176890 -89.309413
1 1  4  1 3 N. New Madrid western fault, S segment;1500 yr return time 
7.3 0.0006667  0.15
7.5 0.0006667  0.20
7.7 0.0006667  0.50
8.0 0.0006667  0.15
89. 15. 10.
2
36.682102 -89.959304
35.912535 -90.899650
1 1  4  2 3 New Madrid mid-western fault; 
7.3 0.0006667 0.15
7.5 0.0006667 0.20
7.7 0.0006667 0.50
8.0 0.0006667 0.15
89. 15. 10.
2
36.481179 -89.733549
35.696645 -90.768945
1 1 4  3 3  New Madrid central fault;
7.3 0.0006667 0.15
7.5 0.0006667 0.2
7.7 0.0006667 0.5
8.0 0.0006667 0.15
89. 15. 10.
2
36.280256 -89.507793
35.480755 -90.638241
1 1  4 4 3  New Madrid mid-eastern fault; 
7.3 0.0006667 0.15
7.5 0.0006667 0.20
7.7 0.0006667 0.50
8.0 0.0006667 0.15
89. 15. 10.
2
36.228573 -89.408603
35.377950 -90.565627
1 1  4 5 3  New Madrid eastern fault; 
7.3 0.0006667 0.15
7.5 0.0006667 0.2
7.7 0.0006667 0.50
8.0 0.0006667 0.15
89. 15. 10.
2
36.176890 -89.309413
35.275145 -90.493014
