0              Model for (750 year) north, central, and south rupture of New Madrid 
24.6 50. .1    
-115. -65. .1		!Weights explicitly applied to atten models and to M-uncert
760 1.
5. 1000. 
3	# 3 spectral periods
0. -5. 0. PGA	!-5 means cluster model with 5 epistemic branches
../out/newmad2014-50000-clu.pga
20
.005 .007 .0098 .0137 .0192 .0269 .0376 .0527 .0738 .103 .145 .203 .284 .397 .556 .778 1.09 1.52 2.2 3.3
9
6  0.06 500. 0.16 0 FEA
2  0.11 500. 0.00 0 Toro Mw atten.
20 0.06 500. 0.00 0 Silva
7  0.10 500. 0.00 0 somerville
10 0.11 500. 0.17 0 Campbell hybrid, BC
19 0.11 500. 0.17 0 TP05
25 0.08 500. 0.00 0 A08'
26 0.22 500. 0.30 0 AB06'
27 0.15 500. 0.20 0 PEZ11
1.0 -5. 0.     1.0 sec SA
../out/newmad2014-50000-clu.1hz
20
.0025 .00375 .00563 .00844 .0127 .0190 .0285 .0427 .0641 .0961 .144 .216 .324 .487 .730 1.09 1.64 2.46 3.69 5.54
9
6  0.06 500. 0.16 0 FEA
2  0.11 500. 0.00 0 Toro Mw atten.
20 0.06 500. 0.00 0 Silva
7  0.10 500. 0.00 0 somerville
10 0.11 500. 0.17 0 Campbell hybrid, BC
19 0.11 500. 0.17 0 TP05
25 0.08 500. 0.00 0 A08'
26 0.22 500. 0.30 0 AB06'
27 0.15 500. 0.20 0 PEZ11
0.2 -5. 0.   0.2 sec SA
../out/newmad2014-50000-clu.5hz
19
.005 .0075 0.0113 .0169 .0253 .0380 .0570 .0854 .128 .192 .288 .432 .649 .973 1.46 2.19 3.28 4.92 7.38 
9
6  0.06 500. 0.16 0 FEA
2  0.11 500. 0.00 0 Toro Mw atten.
20 0.06 500. 0.00 0 Silva
7  0.10 500. 0.00 0 somerville
10 0.11 500. 0.17 0 Campbell hybrid, BC
19 0.11 500. 0.17 0 TP05
25 0.08 500. 0.00 0 A08'
26 0.22 500. 0.30 0 AB06'
27 0.15 500. 0.20 0 PEZ11
1. 1.
1
0
1.
0.0 1	! no ale dM for the clustered-event calculations.
1 1  5 1 1  New Madrid western fault !North seg; 750 yr return time 
6.6 0.00002 0.1
6.8 0.00002 0.1
7.3 0.00002 0.5
7.5 0.00002 0.2
7.8 0.00002 0.1
89. 15. 10.
2
37.263 -89.323
36.734 -89.886
1 1  5  2 1 New Madrid mid-western fault
6.6 0.00002 0.1
6.8 0.00002 0.1
7.3 0.00002 0.5
7.5 0.00002 0.2
7.8 0.00002 0.1
89. 15. 10.
2
37.218 -89.193
36.710 -89.734
1 1 5  3 1  New Madrid central fault
6.6 0.00002 0.1
6.8 0.00002 0.1
7.3 0.00002 0.5
7.5 0.00002 0.2
7.8 0.00002 0.1
89. 15. 10.
2
37.165 -89.070
36.687 -89.583
1 1  5  4 1 New Madrid mid-eastern fault
6.6 0.00002 0.1
6.8 0.00002 0.1
7.3 0.00002 0.5
7.5 0.00002 0.2
7.8 0.00002 0.1
89. 15. 10.
2
37.066 -88.996
36.663 -89.431
1 1  5 5 1  New Madrid eastern fault
6.6 0.00002 0.1
6.8 0.00002 0.1
7.3 0.00002 0.5
7.5 0.00002 0.2
7.8 0.00002 0.1
89. 15. 10.
2
36.960 -88.929
36.639 -89.279
1 1  5  1 2  New Madrid western fault !central seg.; 38d dip; 750 yr return time 
6.8 0.00002 0.1
7.1 0.00002 0.1
7.5 0.00002 0.5
7.7 0.00002 0.2
8.0 0.00002 0.1
89. 15. 10.
2
36.734 -89.886
36.346 -89.830
1 1  5  2 2 New Madrid mid-western fault
6.8 0.00002 0.1
7.1 0.00002 0.1
7.5 0.00002 0.5
7.7 0.00002 0.2
8.0 0.00002 0.1
63.5 15. 10.
2
36.710 -89.734
36.293 -89.667
1 1 5  3 2  New Madrid central fault
6.8 0.00002 0.1
7.1 0.00002 0.1
7.5 0.00002 0.5
7.7 0.00002 0.2
8.0 0.00002 0.1
38. 15. 10.
2
36.687 -89.583
36.241 -89.504
1 1  5  4 2 New Madrid mid-eastern fault
6.8 0.00002 0.1
7.1 0.00002 0.1
7.5 0.00002 0.5
7.7 0.00002 0.2
8.0 0.00002 0.1
63.5 15. 10.
2
36.663 -89.431
36.188 -89.341
1 1  5 5 2  New Madrid eastern fault
6.8 0.00002 0.1
7.1 0.00002 0.1
7.5 0.00002 0.5
7.7 0.00002 0.2
8.0 0.00002 0.1
89. 15. 10.
2
36.639 -89.279
36.135 -89.178
1 1  5  1 3 N. New Madrid western fault !S segment; 750 yr return time 
6.8 0.00002 0.1
7.1 0.00002 0.1
7.5 0.00002 0.5
7.7 0.00002 0.2
8.0 0.00002 0.1
89. 15. 10.
2
36.346 -89.830
35.647 -90.719
1 1  5  2 3 New Madrid mid-western fault
6.8 0.00002 0.1
7.1 0.00002 0.1
7.5 0.00002 0.5
7.7 0.00002 0.2
8.0 0.00002 0.1
89. 15. 10.
2
36.293 -89.667
35.533 -90.667
1 1 5  3 3  New Madrid central fault
6.8 0.00002 0.1
7.1 0.00002 0.1
7.5 0.00002 0.5
7.7 0.00002 0.2
8.0 0.00002 0.1
89. 15. 10.
2
36.241 -89.504
35.419 -90.614
1 1  5 4 3  New Madrid mid-eastern fault
6.8 0.00002 0.1
7.1 0.00002 0.1
7.5 0.00002 0.5
7.7 0.00002 0.2
8.0 0.00002 0.1
89. 15. 10.
2
36.188 -89.341
35.346 -90.507
1 1  5 5 3  New Madrid eastern fault
6.8 0.00002 0.1
7.1 0.00002 0.1
7.5 0.00002 0.5
7.7 0.00002 0.2
8.0 0.00002 0.1
89. 15. 10.
2
36.135 -89.178
35.260 -90.415
