0              Model for (1500 year)  central and south segment rupture of New Madrid 
24.6 50. .1    
-115. -65. .1		!without aleatory uncert on M 
760 1.
5. 1000. 
3 	# 3 spectral periods
0. -5. 0. PGA	!-5 means cluster model with 5 epistemic branches
../out/gmpe_newmad2014-1500-clu.pga
20
.005 .007 .0098 .0137 .0192 .0269 .0376 .0527 .0738 .103 .145 .203 .284 .397 .556 .778 1.09 1.52 2.2 3.3
1
GMPE
1.0 -5. 0.     1.0 sec SA
../out/gmpe_newmad2014-1500-clu.1hz
20
.0025 .00375 .00563 .00844 .0127 .0190 .0285 .0427 .0641 .0961 .144 .216 .324 .487 .730 1.09 1.64 2.46 3.69 5.54
1
GMPE
0.2 -5. 0.   0.2 sec SA
../out/gmpe_newmad2014-1500-clu.5hz
19
.005 .0075 0.0113 .0169 .0253 .0380 .0570 .0854 .128 .192 .288 .432 .649 .973 1.46 2.19 3.28 4.92 7.38 
1
GMPE
1. 1.
1
0
1.
0.0 1	!No ale dM for the clustered-event calculations.
1 1  5  1 2  New Madrid western fault; central seg.;1500 yr return time 
6.8 0.0006667  0.1
7.1 0.0006667  0.1
7.5 0.0006667  0.5
7.7 0.0006667  0.2
8.0 0.0006667  0.1
89. 15. 10.
2
36.734 -89.886
36.346 -89.830
1 1  5  2 2 New Madrid mid-western fault; 
6.8 0.0006667  0.1
7.1 0.0006667  0.1
7.5 0.0006667  0.5
7.7 0.0006667  0.2
8.0 0.0006667  0.1
63.5 15. 10.
2
36.710 -89.734
36.293 -89.667
1 1 5  3 2  New Madrid central fault;
6.8 0.0006667  0.1
7.1 0.0006667  0.1
7.5 0.0006667  0.5
7.7 0.0006667  0.2
8.0 0.0006667  0.1
38. 15. 10.
2
36.687 -89.583
36.241 -89.504
1 1  5  4 2 New Madrid mid-eastern fault; 
6.8 0.0006667  0.1
7.1 0.0006667  0.1
7.5 0.0006667  0.5
7.7 0.0006667  0.2
8.0 0.0006667  0.1
63.5 15. 10.
2
36.663 -89.431
36.188 -89.341
1 1  5 5 2  New Madrid eastern fault; 
6.8 0.0006667  0.1
7.1 0.0006667  0.1
7.5 0.0006667  0.5
7.7 0.0006667  0.2
8.0 0.0006667  0.1
89. 15. 10.
2
36.639 -89.279
36.135 -89.178
1 1  5  1 3 N. New Madrid western fault, S segment;1500 yr return time 
6.8 0.0006667  0.1
7.1 0.0006667  0.1
7.5 0.0006667  0.5
7.7 0.0006667  0.2
8.0 0.0006667  0.1
89. 15. 10.
2
36.346 -89.830
35.647 -90.719
1 1  5  2 3 New Madrid mid-western fault; 
6.8 0.0006667  0.1
7.1 0.0006667  0.1
7.5 0.0006667  0.5
7.7 0.0006667  0.2
8.0 0.0006667  0.1
89. 15. 10.
2
36.293 -89.667
35.533 -90.667
1 1 5  3 3  New Madrid central fault;
6.8 0.0006667  0.1
7.1 0.0006667  0.1
7.5 0.0006667  0.5
7.7 0.0006667  0.2
8.0 0.0006667  0.1
89. 15. 10.
2
36.241 -89.504
35.419 -90.614
1 1  5 4 3  New Madrid mid-eastern fault; 
6.8 0.0006667  0.1
7.1 0.0006667  0.1
7.5 0.0006667  0.5
7.7 0.0006667  0.2
8.0 0.0006667  0.1
89. 15. 10.
2
36.188 -89.341
35.346 -90.507
1 1  5 5 3  New Madrid eastern fault; 
6.8 0.0006667  0.1
7.1 0.0006667  0.1
7.5 0.0006667  0.5
7.7 0.0006667  0.2
8.0 0.0006667  0.1
89. 15. 10.
2
36.135 -89.178
35.260 -90.415
