0              
24.6 50. .1    
-115. -65. .1		
760 1.
5. 1000. 
1	# 3 spectral periods
2.0 0. 0. PSA
../out/NMFS_RFT_RLME.2s
20
.0025 .00375 .00563 .00844 .0127 .0190 .0285 .0427 .0641 .0961 .144 .216 .324 .487 .730 1.09 1.64 2.46 3.69 5.54
9
6  0.06 500. 0.16 0 FEA
2  0.11 500. 0.00 0 Toro Mw atten.
20 0.06 500. 0.00 0 Silva
7  0.10 500. 0.00 0 somerville
10 0.11 500. 0.17 0 Campbell hybrid, BC
19 0.11 500. 0.17 0 TP05
25 0.08 500. 0.00 0 A08'
26 0.22 500. 0.30 0 AB06'
27 0.15 500. 0.20 0 PEZ11
1. 1.
1
0
1.
0.0 1	! no ale dM 
1 1 6   RFT_S
7.800000 0.000499 0.116900
7.700000 0.000499 0.116900
7.800000 0.000499 0.175000
7.400000 0.000499 0.058100
7.300000 0.000499 0.175000
7.100000 0.000499 0.058100
40.000000 15. 10.
4
36.566248 -89.590536
36.464667 -89.437689
36.330807 -89.413955
36.223467 -89.349032
1 1 6   RFT_L
7.800000 0.000499 0.050100
7.700000 0.000499 0.050100
7.800000 0.000499 0.075000
7.400000 0.000499 0.024900
7.300000 0.000499 0.075000
7.100000 0.000499 0.024900
40.000000 15. 10.
6
36.569096 -89.898128
36.566248 -89.590536
36.464667 -89.437689
36.330807 -89.413955
36.223467 -89.349032
36.150000 -89.300000
