0              
24.6 50. .1    
-115. -65. .1		
760 1.
5. 1000. 
3	# 3 spectral periods
0. 0. 0. PGA
../out/NMFS_RFT_RLME.pga
20
.005 .007 .0098 .0137 .0192 .0269 .0376 .0527 .0738 .103 .145 .203 .284 .397 .556 .778 1.09 1.52 2.2 3.3
9
6  0.06 10000. 0.06 0 FEA
2  0.11 10000. 0.11 0 Toro Mw atten.
20 0.06 10000. 0.06 0 Silva
7  0.10 10000. 0.10 0 somerville
10 0.11 10000. 0.11 0 Campbell hybrid, BC
19 0.11 10000. 0.11 0 TP05
25 0.08 10000. 0.08 0 A08'
26 0.22 10000. 0.22 0 AB06'
27 0.15 10000. 0.15 0 PEZ11
1.0 0. 0.     1.0 sec SA
../out/NMFS_RFT_RLME.1hz
20
.0025 .00375 .00563 .00844 .0127 .0190 .0285 .0427 .0641 .0961 .144 .216 .324 .487 .730 1.09 1.64 2.46 3.69 5.54
9
6  0.06 10000. 0.06 0 FEA
2  0.11 10000. 0.11 0 Toro Mw atten.
20 0.06 10000. 0.06 0 Silva
7  0.10 10000. 0.10 0 somerville
10 0.11 10000. 0.11 0 Campbell hybrid, BC
19 0.11 10000. 0.11 0 TP05
25 0.08 10000. 0.08 0 A08'
26 0.22 10000. 0.22 0 AB06'
27 0.15 10000. 0.15 0 PEZ11
0.2 0. 0.   0.2 sec SA
../out/NMFS_RFT_RLME.5hz
19
.005 .0075 0.0113 .0169 .0253 .0380 .0570 .0854 .128 .192 .288 .432 .649 .973 1.46 2.19 3.28 4.92 7.38
9
6  0.06 10000. 0.06 0 FEA
2  0.11 10000. 0.11 0 Toro Mw atten.
20 0.06 10000. 0.06 0 Silva
7  0.10 10000. 0.10 0 somerville
10 0.11 10000. 0.11 0 Campbell hybrid, BC
19 0.11 10000. 0.11 0 TP05
25 0.08 10000. 0.08 0 A08'
26 0.22 10000. 0.22 0 AB06'
27 0.15 10000. 0.15 0 PEZ11
1. 1.
1
0
1.
0.0 1	! no ale dM 
1 1 6   RFT_S
7.800000 0.000499 0.116900
7.700000 0.000499 0.116900
7.800000 0.000499 0.175000
7.400000 0.000499 0.058100
7.300000 0.000499 0.175000
7.100000 0.000499 0.058100
40.000000 15. 10.
4
36.566248 -89.590536
36.464667 -89.437689
36.330807 -89.413955
36.223467 -89.349032
1 1 6   RFT_L
7.800000 0.000499 0.050100
7.700000 0.000499 0.050100
7.800000 0.000499 0.075000
7.400000 0.000499 0.024900
7.300000 0.000499 0.075000
7.100000 0.000499 0.024900
40.000000 15. 10.
6
36.569096 -89.898128
36.566248 -89.590536
36.464667 -89.437689
36.330807 -89.413955
36.223467 -89.349032
36.150000 -89.300000
