0              
24.6 50. .1    
-115. -65. .1		
760 1.
5. 1000. 
3	# 3 spectral periods
0. 0. 0. PGA
../out/gmpe_NMFS_RFT_RLME.pga
20
.005 .007 .0098 .0137 .0192 .0269 .0376 .0527 .0738 .103 .145 .203 .284 .397 .556 .778 1.09 1.52 2.2 3.3
1
GMPE
1.0 0. 0.     1.0 sec SA
../out/gmpe_NMFS_RFT_RLME.1hz
20
.0025 .00375 .00563 .00844 .0127 .0190 .0285 .0427 .0641 .0961 .144 .216 .324 .487 .730 1.09 1.64 2.46 3.69 5.54
1
GMPE
0.2 0. 0.   0.2 sec SA
../out/gmpe_NMFS_RFT_RLME.5hz
19
.005 .0075 0.0113 .0169 .0253 .0380 .0570 .0854 .128 .192 .288 .432 .649 .973 1.46 2.19 3.28 4.92 7.38
1
GMPE
1. 1.
1
0
1.
0.0 1	! no ale dM 
1 1 6   RFT_S
7.800000 0.000499 0.116900
7.700000 0.000499 0.116900
7.800000 0.000499 0.175000
7.400000 0.000499 0.058100
7.300000 0.000499 0.175000
7.100000 0.000499 0.058100
40.000000 15. 10.
4
36.566248 -89.590536
36.464667 -89.437689
36.330807 -89.413955
36.223467 -89.349032
1 1 6   RFT_L
7.800000 0.000499 0.050100
7.700000 0.000499 0.050100
7.800000 0.000499 0.075000
7.400000 0.000499 0.024900
7.300000 0.000499 0.075000
7.100000 0.000499 0.024900
40.000000 15. 10.
6
36.569096 -89.898128
36.566248 -89.590536
36.464667 -89.437689
36.330807 -89.413955
36.223467 -89.349032
36.150000 -89.300000
