0              
24.6 50. .1    
-115. -65. .1		
760 1.
5. 1000. 
3	# 3 spectral periods
0. 0. 0. PGA	
../out/NMFS_RLME_2014.pga
20
.005 .007 .0098 .0137 .0192 .0269 .0376 .0527 .0738 .103 .145 .203 .284 .397 .556 .778 1.09 1.52 2.2 3.3
9
6  0.09 10000. 0.05 0 FEA
2  0.09 10000. 0.10 0 Toro Mw atten.
20 0.09 10000. 0.05 0 Silva
7  0.10 10000. 0.10 0 somerville
10 0.09 10000. 0.10 0 Campbell hybrid, BC
19 0.09 10000. 0.10 0 TP05
25 0.10 10000. 0.10 0 A08'
26 0.25 10000. 0.20 0 AB06'
27 0.10 10000. 0.20 0 PEZ11
1.0 0. 0.     1.0 sec SA
../out/NMFS_RLME_2014.1hz
20
.0025 .00375 .00563 .00844 .0127 .0190 .0285 .0427 .0641 .0961 .144 .216 .324 .487 .730 1.09 1.64 2.46 3.69 5.54
9
6  0.09 10000. 0.05 0 FEA
2  0.09 10000. 0.10 0 Toro Mw atten.
20 0.09 10000. 0.05 0 Silva
7  0.10 10000. 0.10 0 somerville
10 0.09 10000. 0.10 0 Campbell hybrid, BC
19 0.09 10000. 0.10 0 TP05
25 0.10 10000. 0.10 0 A08'
26 0.25 10000. 0.20 0 AB06'
27 0.10 10000. 0.20 0 PEZ11
0.2 0. 0.   0.2 sec SA
../out/NMFS_RLME_2014.5hz
19
.005 .0075 0.0113 .0169 .0253 .0380 .0570 .0854 .128 .192 .288 .432 .649 .973 1.46 2.19 3.28 4.92 7.38
9
6  0.09 10000. 0.05 0 FEA
2  0.09 10000. 0.10 0 Toro Mw atten.
20 0.09 10000. 0.05 0 Silva
7  0.10 10000. 0.10 0 somerville
10 0.09 10000. 0.10 0 Campbell hybrid, BC
19 0.09 10000. 0.10 0 TP05
25 0.10 10000. 0.10 0 A08'
26 0.25 10000. 0.20 0 AB06'
27 0.10 10000. 0.20 0 PEZ11
1. 1.
1
0
1.
0.0 1	! no ale dM 
1 1 6       BA-BL
7.900000 0.002391 0.100200
7.800000 0.002391 0.100200
7.600000 0.002391 0.150000
7.200000 0.002391 0.049800
6.900000 0.002391 0.150000
6.700000 0.002391 0.049800
90.000000 15. 10.
4
35.555090 -90.373667
35.803786 -90.097236
36.431412 -89.751663
36.565299 -89.620915
1 1 6       BA-BFZ
7.900000 0.002391 0.066800
7.800000 0.002391 0.066800
7.600000 0.002391 0.100000
7.200000 0.002391 0.033200
6.900000 0.002391 0.100000
6.700000 0.002391 0.033200
90.000000 15. 10.
3
35.555090 -90.373667
35.803786 -90.097236
36.297600 -89.484800
1 1 6       NMN_S
7.600000 0.002391 0.116900
7.500000 0.002391 0.116900
7.500000 0.002391 0.175000
7.200000 0.002391 0.058100
7.000000 0.002391 0.175000
6.800000 0.002391 0.058100
90.000000 15. 10.
2
36.565299 -89.620915
36.994600 -89.288200
1 1 6       NMN_L
7.600000 0.002391 0.050100
7.500000 0.002391 0.050100
7.500000 0.002391 0.075000
7.200000 0.002391 0.024900
7.000000 0.002391 0.075000
6.800000 0.002391 0.024900
90.000000 15. 10.
3
36.565299 -89.620915
36.994600 -89.288200
37.270000 -89.020000
1 1 6       RFT_S
7.800000 0.002416 0.116900
7.700000 0.002416 0.116900
7.800000 0.002416 0.175000
7.400000 0.002416 0.058100
7.300000 0.002416 0.175000
7.100000 0.002416 0.058100
40.000000 15. 10.
4
36.566248 -89.590536
36.464667 -89.437689
36.330807 -89.413955
36.223467 -89.349032
1 1 6       RFT_L
7.800000 0.002416 0.050100
7.700000 0.002416 0.050100
7.800000 0.002416 0.075000
7.400000 0.002416 0.024900
7.300000 0.002416 0.075000
7.100000 0.002416 0.024900
40.000000 15. 10.
6
36.569096 -89.898128
36.566248 -89.590536
36.464667 -89.437689
36.330807 -89.413955
36.223467 -89.349032
36.150000 -89.300000
