0	!nmsz 5 branch, central has wt 0.7, midwest and mideast wt 0.1, west and east 0.05
24.6 50. .1    NMSZnocl.500yr.5branch.in for use with hazFXnga7c. 5 branch; 500yr
-115. -65. .1		!without aleatory uncert on M (ale. not used oct 23 2007)
760 1.
5. 1000. 
3	# 3 spectral periods
0. 0. 0. PGA
../out/newmad2014-500-unclu.pga
20
.005 .007 .0098 .0137 .0192 .0269 .0376 .0527 .0738 .103 .145 .203 .284 .397 .556 .778 1.09 1.52 2.2 3.3
9
6  0.06 500. 0.16 0 FEA
2  0.11 500. 0.00 0 Toro Mw atten.
20 0.06 500. 0.00 0 Silva
7  0.10 500. 0.00 0 somerville
10 0.11 500. 0.17 0 Campbell hybrid, BC
19 0.11 500. 0.17 0 TP05
25 0.08 500. 0.00 0 A08'
26 0.22 500. 0.30 0 AB06'
27 0.15 500. 0.20 0 PEZ11
1.0 0. 0.     1.0 sec SA
../out/newmad2014-500-unclu.1hz
20
.0025 .00375 .00563 .00844 .0127 .0190 .0285 .0427 .0641 .0961 .144 .216 .324 .487 .730 1.09 1.64 2.46 3.69 5.54
9
6  0.06 500. 0.16 0 FEA
2  0.11 500. 0.00 0 Toro Mw atten.
20 0.06 500. 0.00 0 Silva
7  0.10 500. 0.00 0 somerville
10 0.11 500. 0.17 0 Campbell hybrid, BC
19 0.11 500. 0.17 0 TP05
25 0.08 500. 0.00 0 A08'
26 0.22 500. 0.30 0 AB06'
27 0.15 500. 0.20 0 PEZ11
0.2 0. 0.   0.2 sec SA
../out/newmad2014-500-unclu.0p3s
19
.005 .0075 0.0113 .0169 .0253 .0380 .0570 .0854 .128 .192 .288 .432 .649 .973 1.46 2.19 3.28 4.92 7.38 
9
6  0.06 500. 0.16 0 FEA
2  0.11 500. 0.00 0 Toro Mw atten.
20 0.06 500. 0.00 0 Silva
7  0.10 500. 0.00 0 somerville
10 0.11 500. 0.17 0 Campbell hybrid, BC
19 0.11 500. 0.17 0 TP05
25 0.08 500. 0.00 0 A08'
26 0.22 500. 0.30 0 AB06'
27 0.15 500. 0.20 0 PEZ11
1. 1.
1
0
1.
0.0 1		!NMSZ source has no aleatory dM uncert
1 1  5   New Madrid western fault; 0.05 wt * magwt= 0.1, 0.1, 0.5, 0.2, 0.1
6.8 2.0e-3 0.005
7.1 2.0e-3 0.005
7.5  2.0e-3 0.025
7.7 2.0e-3 0.01
8.0 2.0e-3 0.005
89. 15. 10.
4
37.263 -89.323
36.734 -89.886
36.346 -89.830
35.647 -90.719
1 1  5   New Madrid mid-western fault; 0.1 weight * magwt= 0.1, 0.1, 0.5, 0.2, 0.1
6.8 2.0e-3 0.01
7.1 2.0e-3 0.01
7.5  2.0e-3 0.05
7.7 2.0e-3 0.02
8.0 2.0e-3 0.01
89. 15. 10.
4
37.218 -89.193
36.710 -89.734
36.293 -89.667
35.533 -90.667
1 1  5   New Madrid eastern fault; 0.05 weight * magwt= 0.1, 0.1, 0.5, 0.2, 0.1
6.8 2.0e-3 0.005
7.1 2.0e-3 0.005
7.5  2.0e-3 0.025
7.7 2.0e-3 0.01
8.0 2.0e-3 0.005
89. 15. 10.
4
36.960 -88.929
36.639 -89.279
36.135 -89.178
35.260 -90.415
1 1  5   New Madrid mid-eastern fault; 0.1 weight * magwt= 0.1, 0.1, 0.5, 0.2, 0.1
6.8 2.0e-3 0.01
7.1 2.0e-3 0.01
7.5  2.0e-3 0.05
7.7 2.0e-3 0.02
8.0 2.0e-3 0.01
89. 15. 10.
4
37.066 -88.996
36.663 -89.431
36.188 -89.341
35.346 -90.507
1 1  5    New Madrid central fault; 0.7 weight * magwt= 0.1, 0.1, 0.5, 0.2, 0.1
6.8 2.0e-3 0.07
7.1 2.0e-3 0.07
7.5  2.0e-3 0.35
7.7 2.0e-3 0.14
8.0 2.0e-3 0.07
89. 15. 10.
4
37.165 -89.070
36.687 -89.583
36.241 -89.504
35.419 -90.614
