*** Deaggregation of Seismic Hazard at One Period of Spectral Accel. ***
*** Data from U.S.G.S. National Seismic Hazards Mapping Project, 2008 version ***
PSHA Deaggregation. % Contributions. Site: test2 long:  91.000 d W., lat: 38.000 N.
Input Vs30 (m/s) = 760.0 CEUS atten. model site cl BC(firm) or A(hard).     
NSHMP 2007-08 update. See USGS OFR 2008-1128. Analysis on DaMoYr:29/05/2009
Mean Return Period: 2475  years. 0.20 s. PSA =0.4454   g. Weight * Computed_Rate_Ex 0.322E-03
#Pr[at least one eq with median motion>=PSA in 50 yrs]=0.00198
#This deaggregation corresponds to Mean Hazard w/all GMPEs 
DIST(km) MAG(Mw) ALL_EPS EPSILON>2  1<EPS<2 0<EPS<1 -1<EPS<0 -2<EPS<-1 EPS<-2
   12.7    4.61    1.274    0.356    0.649    0.268    0.000    0.000    0.000
   13.5    4.80    2.972    0.702    1.514    0.741    0.014    0.000    0.000
   37.0    4.81    0.173    0.173    0.000    0.000    0.000    0.000    0.000
   14.6    5.03    2.978    0.501    1.423    0.974    0.080    0.000    0.000
   37.9    5.04    0.315    0.308    0.007    0.000    0.000    0.000    0.000
   15.4    5.21    1.449    0.179    0.685    0.524    0.061    0.000    0.000
   38.4    5.21    0.218    0.187    0.031    0.000    0.000    0.000    0.000
   16.2    5.40    2.743    0.260    1.275    1.031    0.177    0.000    0.000
   38.8    5.40    0.563    0.377    0.185    0.000    0.000    0.000    0.000
   59.0    5.40    0.143    0.143    0.000    0.000    0.000    0.000    0.000
   14.7    5.61    1.338    0.080    0.459    0.642    0.157    0.001    0.000
   32.9    5.62    0.908    0.258    0.543    0.107    0.000    0.000    0.000
   59.5    5.62    0.169    0.165    0.004    0.000    0.000    0.000    0.000
   82.0    5.63    0.085    0.085    0.000    0.000    0.000    0.000    0.000
   12.1    5.80    1.022    0.037    0.220    0.535    0.223    0.006    0.000
   31.4    5.81    1.400    0.254    0.845    0.301    0.000    0.000    0.000
   59.6    5.81    0.226    0.204    0.022    0.000    0.000    0.000    0.000
   82.8    5.82    0.133    0.133    0.000    0.000    0.000    0.000    0.000
  118.2    5.82    0.059    0.059    0.000    0.000    0.000    0.000    0.000
   12.8    6.01    0.948    0.031    0.184    0.462    0.262    0.010    0.000
   33.0    6.01    1.250    0.154    0.721    0.375    0.000    0.000    0.000
   58.8    6.02    0.316    0.181    0.135    0.000    0.000    0.000    0.000
   83.1    6.01    0.203    0.199    0.004    0.000    0.000    0.000    0.000
  119.2    6.02    0.126    0.126    0.000    0.000    0.000    0.000    0.000
   14.8    6.22    1.221    0.040    0.236    0.589    0.335    0.021    0.000
   35.2    6.20    1.271    0.131    0.709    0.427    0.003    0.000    0.000
   58.8    6.22    0.414    0.166    0.248    0.000    0.000    0.000    0.000
   83.8    6.22    0.297    0.270    0.027    0.000    0.000    0.000    0.000
  120.7    6.22    0.221    0.221    0.000    0.000    0.000    0.000    0.000
  169.3    6.23    0.056    0.056    0.000    0.000    0.000    0.000    0.000
   15.2    6.41    0.877    0.026    0.155    0.388    0.285    0.022    0.000
   34.7    6.43    1.111    0.078    0.468    0.524    0.041    0.000    0.000
   62.1    6.43    0.533    0.145    0.385    0.003    0.000    0.000    0.000
   87.4    6.41    0.265    0.175    0.091    0.000    0.000    0.000    0.000
  121.7    6.43    0.322    0.314    0.009    0.000    0.000    0.000    0.000
  169.9    6.43    0.112    0.112    0.000    0.000    0.000    0.000    0.000
   14.2    6.59    0.445    0.012    0.072    0.180    0.163    0.018    0.000
   34.0    6.59    0.789    0.045    0.269    0.416    0.058    0.000    0.000
   63.2    6.60    0.415    0.089    0.313    0.013    0.000    0.000    0.000
   89.7    6.60    0.179    0.086    0.092    0.000    0.000    0.000    0.000
  122.2    6.60    0.283    0.245    0.038    0.000    0.000    0.000    0.000
  170.5    6.60    0.122    0.122    0.000    0.000    0.000    0.000    0.000
   13.1    6.77    0.498    0.013    0.076    0.191    0.185    0.034    0.000
   34.4    6.78    1.077    0.052    0.310    0.596    0.120    0.000    0.000
   59.5    6.78    0.442    0.059    0.320    0.063    0.000    0.000    0.000
   84.3    6.78    0.456    0.131    0.324    0.000    0.000    0.000    0.000
  123.3    6.78    0.501    0.323    0.178    0.000    0.000    0.000    0.000
  171.8    6.79    0.254    0.254    0.000    0.000    0.000    0.000    0.000
  220.0    6.80    0.095    0.095    0.000    0.000    0.000    0.000    0.000
   12.8    6.97    0.137    0.003    0.020    0.050    0.050    0.013    0.000
   35.2    6.97    0.353    0.014    0.085    0.194    0.060    0.000    0.000
   61.7    6.98    0.186    0.018    0.107    0.061    0.000    0.000    0.000
   86.3    6.96    0.165    0.030    0.134    0.001    0.000    0.000    0.000
  123.7    6.97    0.237    0.087    0.150    0.000    0.000    0.000    0.000
  172.7    6.92    0.081    0.076    0.006    0.000    0.000    0.000    0.000
  178.6    7.04    0.137    0.126    0.011    0.000    0.000    0.000    0.000
  221.1    7.01    0.145    0.145    0.000    0.000    0.000    0.000    0.000
   35.3    7.16    0.087    0.003    0.019    0.046    0.018    0.000    0.000
  123.8    7.16    0.071    0.020    0.051    0.000    0.000    0.000    0.000
  179.9    7.19    0.140    0.109    0.030    0.000    0.000    0.000    0.000
  221.6    7.19    0.130    0.130    0.000    0.000    0.000    0.000    0.000
  166.1    7.30    0.073    0.010    0.060    0.003    0.000    0.000    0.000
  187.2    7.44   10.042    3.646    6.208    0.188    0.000    0.000    0.000
  206.9    7.44    1.460    0.754    0.706    0.000    0.000    0.000    0.000
  269.2    7.40    0.079    0.079    0.000    0.000    0.000    0.000    0.000
  166.1    7.70    0.972    0.067    0.401    0.504    0.000    0.000    0.000
  188.1    7.70   28.732    5.573   17.355    5.804    0.000    0.000    0.000
  204.6    7.70    3.983    1.004    2.560    0.419    0.000    0.000    0.000
  187.6    8.00   16.602    1.712    7.701    7.123    0.066    0.000    0.000
  204.5    8.00    2.349    0.302    1.184    0.863    0.000    0.000    0.000

Summary statistics for above 0.2s PSA  deaggregation, R=distance, e=epsilon:
Contribution from this GMPE(%):  100.0
 Mean src-site R=  136.4 km; M= 7.06; eps0=   0.78. Mean calculated for all sources.
Modal src-site R=  188.1 km; M= 7.70; eps0=   0.99 from peak (R,M) bin
 MODE R*= 187.9km; M*= 7.70; EPS.INTERVAL: 1 to 2 sigma  % CONTRIB.= 17.355

Principal sources (faults, subduction, random seismicity having >10% contribution)
Source Category:                 % contr.  R(km)    M   epsilon0 (mean values).
New Madrid SZ no clustering        63.66   189.4   7.74    0.92
CEUS gridded                       36.33    43.5   5.87    0.54
Individual fault hazard details if its contribution to mean hazard > 2%: 
Fault ID                         % contr.   Rcd(km)  M   epsilon0 Site-to-src azimuth(d)
New Madrid FZ, west                 4.67   166.1   7.73    0.71     130.5
New Madrid FZ, midwest              7.46   180.3   7.74    0.84     129.7
New Madrid FZ, central             44.02   190.9   7.74    0.93     132.8
New Madrid FZ, mideast              5.38   200.4   7.75    1.01     132.6
New Madrid FZ, east                 2.13   214.2   7.76    1.13     131.2
#*********End of deaggregation corresponding to Mean Hazard w/all GMPEs  *********#

PSHA Deaggregation. % Contributions. Site: test2 long:  91.000 d W., lat: 38.000 N.
Input Vs30 (m/s) = 760.0 CEUS atten. model site cl BC(firm) or A(hard).     
NSHMP 2007-08 update. See USGS OFR 2008-1128. Analysis on DaMoYr:29/05/2009
Mean Return Period: 2475  years. 0.20 s. PSA =0.4454   g. Weight * Computed_Rate_Ex 0.574E-04
#Pr[at least one eq with median motion>=PSA in 50 yrs]=0.00230
#This deaggregation corresponds to Toro et al. 1997        
DIST(km) MAG(Mw) ALL_EPS EPSILON>2  1<EPS<2 0<EPS<1 -1<EPS<0 -2<EPS<-1 EPS<-2
   13.9    4.61    0.438    0.255    0.183    0.000    0.000    0.000    0.000
   37.2    4.62    0.036    0.036    0.000    0.000    0.000    0.000    0.000
   14.5    4.80    0.885    0.488    0.397    0.000    0.000    0.000    0.000
   38.0    4.81    0.103    0.103    0.000    0.000    0.000    0.000    0.000
   15.6    5.03    0.881    0.421    0.457    0.003    0.000    0.000    0.000
   38.7    5.04    0.167    0.167    0.000    0.000    0.000    0.000    0.000
   59.1    5.05    0.035    0.035    0.000    0.000    0.000    0.000    0.000
   14.4    5.21    0.346    0.126    0.216    0.004    0.000    0.000    0.000
   33.1    5.21    0.188    0.154    0.034    0.000    0.000    0.000    0.000
   59.0    5.21    0.030    0.030    0.000    0.000    0.000    0.000    0.000
   13.7    5.39    0.554    0.148    0.391    0.015    0.000    0.000    0.000
   32.5    5.40    0.504    0.358    0.146    0.000    0.000    0.000    0.000
   59.7    5.40    0.094    0.094    0.000    0.000    0.000    0.000    0.000
   79.9    5.41    0.028    0.028    0.000    0.000    0.000    0.000    0.000
   12.1    5.61    0.280    0.043    0.219    0.018    0.000    0.000    0.000
   32.5    5.62    0.471    0.256    0.215    0.000    0.000    0.000    0.000
   59.7    5.62    0.106    0.106    0.000    0.000    0.000    0.000    0.000
   81.6    5.63    0.055    0.055    0.000    0.000    0.000    0.000    0.000
  110.7    5.65    0.009    0.009    0.000    0.000    0.000    0.000    0.000
   12.2    5.80    0.257    0.037    0.198    0.021    0.000    0.000    0.000
   32.8    5.81    0.474    0.234    0.240    0.000    0.000    0.000    0.000
   59.8    5.81    0.117    0.116    0.001    0.000    0.000    0.000    0.000
   82.0    5.81    0.067    0.067    0.000    0.000    0.000    0.000    0.000
  113.7    5.82    0.015    0.015    0.000    0.000    0.000    0.000    0.000
   12.9    6.01    0.246    0.031    0.177    0.038    0.000    0.000    0.000
   34.2    6.01    0.455    0.154    0.301    0.000    0.000    0.000    0.000
   59.2    6.02    0.170    0.144    0.026    0.000    0.000    0.000    0.000
   82.6    6.01    0.111    0.111    0.000    0.000    0.000    0.000    0.000
  117.5    6.02    0.050    0.050    0.000    0.000    0.000    0.000    0.000
   14.9    6.22    0.308    0.040    0.225    0.043    0.000    0.000    0.000
   36.0    6.20    0.416    0.131    0.284    0.001    0.000    0.000    0.000
   59.1    6.22    0.186    0.143    0.043    0.000    0.000    0.000    0.000
   83.0    6.22    0.128    0.127    0.001    0.000    0.000    0.000    0.000
  118.8    6.22    0.062    0.062    0.000    0.000    0.000    0.000    0.000
   15.4    6.41    0.232    0.026    0.155    0.051    0.000    0.000    0.000
   35.8    6.43    0.367    0.078    0.283    0.005    0.000    0.000    0.000
   62.3    6.43    0.252    0.137    0.114    0.000    0.000    0.000    0.000
   86.6    6.41    0.125    0.116    0.010    0.000    0.000    0.000    0.000
  120.6    6.43    0.112    0.112    0.000    0.000    0.000    0.000    0.000
  168.3    6.43    0.031    0.031    0.000    0.000    0.000    0.000    0.000
   14.2    6.59    0.113    0.012    0.072    0.029    0.000    0.000    0.000
   34.8    6.59    0.238    0.045    0.185    0.007    0.000    0.000    0.000
   63.6    6.60    0.177    0.088    0.088    0.000    0.000    0.000    0.000
   89.3    6.60    0.069    0.059    0.010    0.000    0.000    0.000    0.000
  120.9    6.61    0.082    0.082    0.000    0.000    0.000    0.000    0.000
  169.3    6.62    0.029    0.029    0.000    0.000    0.000    0.000    0.000
   13.1    6.77    0.125    0.013    0.076    0.037    0.000    0.000    0.000
   35.1    6.78    0.310    0.052    0.243    0.015    0.000    0.000    0.000
   62.8    6.78    0.213    0.088    0.125    0.000    0.000    0.000    0.000
   86.4    6.78    0.126    0.089    0.037    0.000    0.000    0.000    0.000
  121.8    6.78    0.126    0.124    0.002    0.000    0.000    0.000    0.000
  170.8    6.79    0.051    0.051    0.000    0.000    0.000    0.000    0.000
  216.2    6.79    0.010    0.010    0.000    0.000    0.000    0.000    0.000
   12.9    6.97    0.035    0.003    0.020    0.012    0.000    0.000    0.000
   35.9    6.97    0.108    0.014    0.080    0.013    0.000    0.000    0.000
   61.9    6.98    0.076    0.018    0.058    0.000    0.000    0.000    0.000
   85.5    6.96    0.069    0.030    0.040    0.000    0.000    0.000    0.000
  122.7    6.97    0.075    0.066    0.010    0.000    0.000    0.000    0.000
  172.7    6.92    0.028    0.028    0.000    0.000    0.000    0.000    0.000
  178.1    7.05    0.030    0.030    0.000    0.000    0.000    0.000    0.000
  219.4    7.01    0.031    0.031    0.000    0.000    0.000    0.000    0.000
   35.6    7.16    0.023    0.003    0.018    0.002    0.000    0.000    0.000
   60.5    7.16    0.015    0.004    0.011    0.000    0.000    0.000    0.000
   84.3    7.16    0.014    0.007    0.007    0.000    0.000    0.000    0.000
  121.9    7.16    0.014    0.013    0.001    0.000    0.000    0.000    0.000
  180.3    7.20    0.028    0.028    0.000    0.000    0.000    0.000    0.000
  220.4    7.21    0.024    0.024    0.000    0.000    0.000    0.000    0.000
  174.4    7.30    0.074    0.060    0.014    0.000    0.000    0.000    0.000
  187.7    7.45    0.961    0.724    0.237    0.000    0.000    0.000    0.000
  207.8    7.43    0.150    0.143    0.006    0.000    0.000    0.000    0.000
  166.1    7.70    0.258    0.067    0.191    0.000    0.000    0.000    0.000
  189.2    7.70    2.561    1.084    1.477    0.000    0.000    0.000    0.000
  204.6    7.70    0.354    0.211    0.143    0.000    0.000    0.000    0.000
  187.3    8.00    1.588    0.342    1.246    0.000    0.000    0.000    0.000
  204.3    8.00    0.206    0.060    0.145    0.000    0.000    0.000    0.000

Summary statistics for above 0.2s PSA  deaggregation, R=distance, e=epsilon:
Contribution from this GMPE(%):   17.8
 Mean src-site R=   92.1 km; M= 6.48; eps0=   0.98. Mean calculated for all sources.
Modal src-site R=  189.2 km; M= 7.70; eps0=   1.59 from peak (R,M) bin
 MODE R*= 189.3km; M*= 7.70; EPS.INTERVAL: 1 to 2 sigma  % CONTRIB.=  1.477

Principal sources (faults, subduction, random seismicity having >10% contribution)
Source Category:                 % contr.  R(km)    M   epsilon0 (mean values).
New Madrid SZ no clustering         6.06   189.0   7.74    1.54
CEUS gridded                       11.78    42.3   5.83    0.69
Individual fault hazard details if its contribution to mean hazard > 2%: 
Fault ID                         % contr.   Rcd(km)  M   epsilon0 Site-to-src azimuth(d)
New Madrid FZ, west                 0.49   166.1   7.73    1.31     130.5
New Madrid FZ, midwest              0.74   180.3   7.74    1.46     129.7
New Madrid FZ, central              4.16   190.9   7.74    1.56     132.8
New Madrid FZ, mideast              0.49   200.4   7.75    1.65     132.6
New Madrid FZ, east                 0.18   214.2   7.75    1.78     131.2
#*********End of deaggregation corresponding to Toro et al. 1997         *********#

PSHA Deaggregation. % Contributions. Site: test2 long:  91.000 d W., lat: 38.000 N.
Input Vs30 (m/s) = 760.0 CEUS atten. model site cl BC(firm) or A(hard).     
NSHMP 2007-08 update. See USGS OFR 2008-1128. Analysis on DaMoYr:29/05/2009
Mean Return Period: 2475  years. 0.20 s. PSA =0.4454   g. Weight * Computed_Rate_Ex 0.681E-05
#Pr[at least one eq with median motion>=PSA in 50 yrs]=0.00055
#This deaggregation corresponds to Atkinson-Boore06,140 bar
DIST(km) MAG(Mw) ALL_EPS EPSILON>2  1<EPS<2 0<EPS<1 -1<EPS<0 -2<EPS<-1 EPS<-2
    6.8    4.61    0.020    0.019    0.001    0.000    0.000    0.000    0.000
    7.5    4.80    0.062    0.050    0.012    0.000    0.000    0.000    0.000
    8.5    5.04    0.078    0.058    0.020    0.000    0.000    0.000    0.000
    9.3    5.21    0.044    0.030    0.014    0.000    0.000    0.000    0.000
   10.5    5.40    0.098    0.063    0.034    0.000    0.000    0.000    0.000
   11.8    5.62    0.072    0.045    0.026    0.000    0.000    0.000    0.000
   13.0    5.81    0.087    0.049    0.038    0.000    0.000    0.000    0.000
   34.8    5.82    0.002    0.002    0.000    0.000    0.000    0.000    0.000
   13.0    6.01    0.083    0.040    0.043    0.000    0.000    0.000    0.000
   32.0    6.04    0.010    0.010    0.000    0.000    0.000    0.000    0.000
   13.2    6.22    0.096    0.039    0.057    0.000    0.000    0.000    0.000
   31.8    6.20    0.024    0.024    0.000    0.000    0.000    0.000    0.000
   15.9    6.42    0.090    0.040    0.051    0.000    0.000    0.000    0.000
   37.8    6.42    0.014    0.014    0.000    0.000    0.000    0.000    0.000
   57.9    6.43    0.002    0.002    0.000    0.000    0.000    0.000    0.000
   16.7    6.59    0.059    0.024    0.035    0.000    0.000    0.000    0.000
   38.5    6.59    0.012    0.012    0.000    0.000    0.000    0.000    0.000
   60.1    6.59    0.003    0.003    0.000    0.000    0.000    0.000    0.000
  119.5    6.60    0.001    0.001    0.000    0.000    0.000    0.000    0.000
   12.4    6.78    0.052    0.013    0.039    0.000    0.000    0.000    0.000
   31.3    6.78    0.046    0.034    0.012    0.000    0.000    0.000    0.000
   58.4    6.78    0.006    0.006    0.000    0.000    0.000    0.000    0.000
   85.0    6.79    0.004    0.004    0.000    0.000    0.000    0.000    0.000
  123.9    6.80    0.006    0.006    0.000    0.000    0.000    0.000    0.000
  161.0    6.82    0.001    0.001    0.000    0.000    0.000    0.000    0.000
   12.4    6.97    0.015    0.003    0.012    0.000    0.000    0.000    0.000
   32.1    6.97    0.017    0.011    0.005    0.000    0.000    0.000    0.000
   60.4    6.98    0.003    0.003    0.000    0.000    0.000    0.000    0.000
   87.2    6.97    0.002    0.002    0.000    0.000    0.000    0.000    0.000
  124.5    6.92    0.002    0.002    0.000    0.000    0.000    0.000    0.000
  125.2    7.04    0.002    0.002    0.000    0.000    0.000    0.000    0.000
  175.5    7.04    0.002    0.002    0.000    0.000    0.000    0.000    0.000
   12.4    7.16    0.004    0.001    0.003    0.000    0.000    0.000    0.000
   32.7    7.16    0.005    0.003    0.002    0.000    0.000    0.000    0.000
   59.3    7.16    0.001    0.001    0.000    0.000    0.000    0.000    0.000
  125.0    7.16    0.002    0.002    0.000    0.000    0.000    0.000    0.000
  178.3    7.18    0.003    0.003    0.000    0.000    0.000    0.000    0.000
  213.4    7.19    0.001    0.001    0.000    0.000    0.000    0.000    0.000
  186.7    7.44    0.168    0.168    0.000    0.000    0.000    0.000    0.000
  206.9    7.44    0.023    0.023    0.000    0.000    0.000    0.000    0.000
  174.6    7.70    0.116    0.101    0.015    0.000    0.000    0.000    0.000
  190.8    7.70    0.390    0.390    0.000    0.000    0.000    0.000    0.000
  204.5    7.70    0.063    0.063    0.000    0.000    0.000    0.000    0.000
  187.3    8.00    0.283    0.171    0.112    0.000    0.000    0.000    0.000
  204.3    8.00    0.037    0.030    0.006    0.000    0.000    0.000    0.000

Summary statistics for above 0.2s PSA  deaggregation, R=distance, e=epsilon:
Contribution from this GMPE(%):    2.1
 Mean src-site R=  105.7 km; M= 6.87; eps0=   1.24. Mean calculated for all sources.
Modal src-site R=  190.8 km; M= 7.70; eps0=   2.05 from peak (R,M) bin
 MODE R*= 190.8km; M*= 7.70; EPS.INTERVAL:> 2 sigma      % CONTRIB.=  0.390

Principal sources (faults, subduction, random seismicity having >10% contribution)
Source Category:                 % contr.  R(km)    M   epsilon0 (mean values).
Individual fault hazard details if its contribution to mean hazard > 2%: 
Fault ID                         % contr.   Rcd(km)  M   epsilon0 Site-to-src azimuth(d)
New Madrid FZ, west                 0.09   166.1   7.74    1.82     130.5
New Madrid FZ, midwest              0.13   180.3   7.74    1.93     129.7
New Madrid FZ, central              0.73   190.9   7.75    2.02     132.8
New Madrid FZ, mideast              0.09   200.4   7.75    2.09     132.6
New Madrid FZ, east                 0.03   214.2   7.76    2.19     131.2
#*********End of deaggregation corresponding to Atkinson-Boore06,140 bar *********#

PSHA Deaggregation. % Contributions. Site: test2 long:  91.000 d W., lat: 38.000 N.
Input Vs30 (m/s) = 760.0 CEUS atten. model site cl BC(firm) or A(hard).     
NSHMP 2007-08 update. See USGS OFR 2008-1128. Analysis on DaMoYr:29/05/2009
Mean Return Period: 2475  years. 0.20 s. PSA =0.4454   g. Weight * Computed_Rate_Ex 0.668E-04
#Pr[at least one eq with median motion>=PSA in 50 yrs]=0.00278
#This deaggregation corresponds to Frankel et al., 1996    
DIST(km) MAG(Mw) ALL_EPS EPSILON>2  1<EPS<2 0<EPS<1 -1<EPS<0 -2<EPS<-1 EPS<-2
   13.5    4.61    0.160    0.144    0.016    0.000    0.000    0.000    0.000
   14.6    4.80    0.459    0.357    0.102    0.000    0.000    0.000    0.000
   36.4    4.82    0.031    0.031    0.000    0.000    0.000    0.000    0.000
   15.7    5.03    0.502    0.325    0.177    0.000    0.000    0.000    0.000
   37.9    5.04    0.066    0.066    0.000    0.000    0.000    0.000    0.000
   16.5    5.21    0.250    0.150    0.100    0.000    0.000    0.000    0.000
   38.5    5.21    0.048    0.048    0.000    0.000    0.000    0.000    0.000
   15.3    5.38    0.379    0.174    0.206    0.000    0.000    0.000    0.000
   33.0    5.43    0.224    0.203    0.021    0.000    0.000    0.000    0.000
   58.8    5.41    0.032    0.032    0.000    0.000    0.000    0.000    0.000
   81.8    5.43    0.013    0.013    0.000    0.000    0.000    0.000    0.000
   12.3    5.61    0.160    0.043    0.118    0.000    0.000    0.000    0.000
   31.6    5.62    0.240    0.188    0.052    0.000    0.000    0.000    0.000
   59.4    5.62    0.036    0.036    0.000    0.000    0.000    0.000    0.000
   83.8    5.62    0.025    0.025    0.000    0.000    0.000    0.000    0.000
  115.5    5.63    0.014    0.014    0.000    0.000    0.000    0.000    0.000
   12.4    5.80    0.154    0.037    0.117    0.000    0.000    0.000    0.000
   32.3    5.81    0.289    0.200    0.089    0.000    0.000    0.000    0.000
   59.7    5.81    0.058    0.058    0.000    0.000    0.000    0.000    0.000
   84.5    5.81    0.049    0.049    0.000    0.000    0.000    0.000    0.000
  120.1    5.82    0.043    0.043    0.000    0.000    0.000    0.000    0.000
   13.1    6.01    0.138    0.031    0.107    0.000    0.000    0.000    0.000
   33.7    6.01    0.239    0.145    0.094    0.000    0.000    0.000    0.000
   58.9    6.01    0.072    0.072    0.000    0.000    0.000    0.000    0.000
   84.4    6.01    0.061    0.061    0.000    0.000    0.000    0.000    0.000
  121.4    6.02    0.068    0.068    0.000    0.000    0.000    0.000    0.000
  165.4    6.02    0.016    0.016    0.000    0.000    0.000    0.000    0.000
   15.2    6.23    0.179    0.040    0.139    0.000    0.000    0.000    0.000
   35.9    6.20    0.248    0.131    0.117    0.000    0.000    0.000    0.000
   59.1    6.22    0.104    0.104    0.000    0.000    0.000    0.000    0.000
   84.9    6.22    0.102    0.102    0.000    0.000    0.000    0.000    0.000
  122.7    6.22    0.123    0.123    0.000    0.000    0.000    0.000    0.000
  170.1    6.23    0.048    0.048    0.000    0.000    0.000    0.000    0.000
   15.4    6.41    0.123    0.026    0.097    0.000    0.000    0.000    0.000
   35.4    6.43    0.195    0.078    0.116    0.000    0.000    0.000    0.000
   62.7    6.43    0.123    0.115    0.008    0.000    0.000    0.000    0.000
   88.4    6.42    0.078    0.078    0.000    0.000    0.000    0.000    0.000
  123.3    6.43    0.141    0.141    0.000    0.000    0.000    0.000    0.000
  171.4    6.43    0.074    0.074    0.000    0.000    0.000    0.000    0.000
  217.5    6.43    0.021    0.021    0.000    0.000    0.000    0.000    0.000
   14.3    6.59    0.061    0.012    0.049    0.000    0.000    0.000    0.000
   34.8    6.59    0.134    0.045    0.089    0.000    0.000    0.000    0.000
   64.0    6.59    0.098    0.083    0.014    0.000    0.000    0.000    0.000
   90.1    6.59    0.057    0.057    0.000    0.000    0.000    0.000    0.000
  123.7    6.59    0.123    0.123    0.000    0.000    0.000    0.000    0.000
  172.1    6.59    0.077    0.077    0.000    0.000    0.000    0.000    0.000
  219.7    6.59    0.029    0.029    0.000    0.000    0.000    0.000    0.000
   13.3    6.77    0.067    0.013    0.054    0.000    0.000    0.000    0.000
   35.2    6.78    0.177    0.052    0.125    0.000    0.000    0.000    0.000
   59.8    6.78    0.096    0.059    0.038    0.000    0.000    0.000    0.000
   85.1    6.78    0.130    0.122    0.008    0.000    0.000    0.000    0.000
  124.6    6.78    0.202    0.202    0.000    0.000    0.000    0.000    0.000
  173.2    6.79    0.148    0.148    0.000    0.000    0.000    0.000    0.000
  220.9    6.80    0.075    0.075    0.000    0.000    0.000    0.000    0.000
  267.6    6.80    0.019    0.019    0.000    0.000    0.000    0.000    0.000
   12.9    6.97    0.018    0.003    0.015    0.000    0.000    0.000    0.000
   35.7    6.97    0.054    0.014    0.040    0.000    0.000    0.000    0.000
   62.3    6.98    0.036    0.018    0.018    0.000    0.000    0.000    0.000
   87.0    6.96    0.040    0.030    0.010    0.000    0.000    0.000    0.000
  124.7    6.92    0.042    0.041    0.000    0.000    0.000    0.000    0.000
  125.3    7.03    0.035    0.033    0.003    0.000    0.000    0.000    0.000
  174.0    6.92    0.035    0.035    0.000    0.000    0.000    0.000    0.000
  179.7    7.03    0.068    0.068    0.000    0.000    0.000    0.000    0.000
  222.1    7.01    0.089    0.089    0.000    0.000    0.000    0.000    0.000
  268.9    7.01    0.030    0.030    0.000    0.000    0.000    0.000    0.000
   35.9    7.16    0.013    0.003    0.010    0.000    0.000    0.000    0.000
   85.6    7.16    0.012    0.007    0.005    0.000    0.000    0.000    0.000
  125.2    7.16    0.024    0.019    0.005    0.000    0.000    0.000    0.000
  180.6    7.18    0.065    0.065    0.000    0.000    0.000    0.000    0.000
  222.4    7.19    0.074    0.074    0.000    0.000    0.000    0.000    0.000
  269.5    7.19    0.028    0.028    0.000    0.000    0.000    0.000    0.000
  166.1    7.30    0.073    0.010    0.060    0.003    0.000    0.000    0.000
  188.0    7.43    2.636    0.476    2.018    0.142    0.000    0.000    0.000
  208.8    7.42    0.476    0.185    0.291    0.000    0.000    0.000    0.000
  269.7    7.40    0.048    0.048    0.000    0.000    0.000    0.000    0.000
  187.6    7.70    5.990    0.586    3.412    1.992    0.000    0.000    0.000
  205.0    7.70    0.883    0.125    0.602    0.157    0.000    0.000    0.000
  270.0    7.60    0.011    0.011    0.000    0.000    0.000    0.000    0.000
  187.7    8.00    2.632    0.171    1.023    1.438    0.000    0.000    0.000
  204.6    8.00    0.392    0.030    0.180    0.181    0.000    0.000    0.000

Summary statistics for above 0.2s PSA  deaggregation, R=distance, e=epsilon:
Contribution from this GMPE(%):   20.7
 Mean src-site R=  143.8 km; M= 7.08; eps0=   0.74. Mean calculated for all sources.
Modal src-site R=  187.6 km; M= 7.70; eps0=   0.71 from peak (R,M) bin
 MODE R*= 187.6km; M*= 7.70; EPS.INTERVAL: 1 to 2 sigma  % CONTRIB.=  3.412

Principal sources (faults, subduction, random seismicity having >10% contribution)
Source Category:                 % contr.  R(km)    M   epsilon0 (mean values).
New Madrid SZ no clustering        12.84   189.8   7.71    0.72
CEUS gridded                        7.91    69.3   6.05    0.76
Individual fault hazard details if its contribution to mean hazard > 2%: 
Fault ID                         % contr.   Rcd(km)  M   epsilon0 Site-to-src azimuth(d)
New Madrid FZ, west                 0.85   166.1   7.70    0.51     130.5
New Madrid FZ, midwest              1.44   180.3   7.71    0.64     129.7
New Madrid FZ, central              8.93   190.9   7.71    0.73     132.8
New Madrid FZ, mideast              1.14   200.4   7.71    0.81     132.6
New Madrid FZ, east                 0.47   214.2   7.72    0.93     131.2
#*********End of deaggregation corresponding to Frankel et al., 1996     *********#

PSHA Deaggregation. % Contributions. Site: test2 long:  91.000 d W., lat: 38.000 N.
Input Vs30 (m/s) = 760.0 CEUS atten. model site cl BC(firm) or A(hard).     
NSHMP 2007-08 update. See USGS OFR 2008-1128. Analysis on DaMoYr:29/05/2009
Mean Return Period: 2475  years. 0.20 s. PSA =0.4454   g. Weight * Computed_Rate_Ex 0.840E-04
#Pr[at least one eq with median motion>=PSA in 50 yrs]=0.00112
#This deaggregation corresponds to Somerville Rifted FinFlt
DIST(km) MAG(Mw) ALL_EPS EPSILON>2  1<EPS<2 0<EPS<1 -1<EPS<0 -2<EPS<-1 EPS<-2
  170.3    7.40    0.460    0.087    0.326    0.046    0.000    0.000    0.000
  189.7    7.45    3.198    0.712    2.487    0.000    0.000    0.000    0.000
  204.2    7.45    0.457    0.141    0.316    0.000    0.000    0.000    0.000
  166.1    7.70    0.972    0.067    0.401    0.504    0.000    0.000    0.000
  189.4    7.70   11.245    1.074    6.417    3.754    0.000    0.000    0.000
  204.4    7.70    1.667    0.201    1.203    0.262    0.000    0.000    0.000
  187.8    8.00    7.053    0.342    2.045    4.599    0.066    0.000    0.000
  204.6    8.00    1.052    0.060    0.361    0.630    0.000    0.000    0.000

Summary statistics for above 0.2s PSA  deaggregation, R=distance, e=epsilon:
Contribution from this GMPE(%):   26.1
 Mean src-site R=  189.6 km; M= 7.75; eps0=   0.60. Mean calculated for all sources.
Modal src-site R=  189.4 km; M= 7.70; eps0=   0.71 from peak (R,M) bin
 MODE R*= 189.4km; M*= 7.70; EPS.INTERVAL: 1 to 2 sigma  % CONTRIB.=  6.417

Principal sources (faults, subduction, random seismicity having >10% contribution)
Source Category:                 % contr.  R(km)    M   epsilon0 (mean values).
New Madrid SZ no clustering        26.10   189.6   7.75    0.60
Individual fault hazard details if its contribution to mean hazard > 2%: 
Fault ID                         % contr.   Rcd(km)  M   epsilon0 Site-to-src azimuth(d)
New Madrid FZ, west                 1.80   166.1   7.74    0.36     130.5
New Madrid FZ, midwest              2.99   180.3   7.75    0.51     129.7
New Madrid FZ, central             18.13   190.9   7.75    0.61     132.8
New Madrid FZ, mideast              2.26   200.4   7.76    0.71     132.6
New Madrid FZ, east                 0.92   214.2   7.77    0.84     131.2
#*********End of deaggregation corresponding to Somerville Rifted FinFlt *********#

PSHA Deaggregation. % Contributions. Site: test2 long:  91.000 d W., lat: 38.000 N.
Input Vs30 (m/s) = 760.0 CEUS atten. model site cl BC(firm) or A(hard).     
NSHMP 2007-08 update. See USGS OFR 2008-1128. Analysis on DaMoYr:29/05/2009
Mean Return Period: 2475  years. 0.20 s. PSA =0.4454   g. Weight * Computed_Rate_Ex 0.250E-04
#Pr[at least one eq with median motion>=PSA in 50 yrs]=0.00351
#This deaggregation corresponds to Campbell CEUS Hybrid    
DIST(km) MAG(Mw) ALL_EPS EPSILON>2  1<EPS<2 0<EPS<1 -1<EPS<0 -2<EPS<-1 EPS<-2
   12.0    4.60    0.252    0.169    0.083    0.000    0.000    0.000    0.000
   12.9    4.80    0.570    0.339    0.231    0.000    0.000    0.000    0.000
   34.4    4.81    0.013    0.013    0.000    0.000    0.000    0.000    0.000
   14.0    5.03    0.523    0.282    0.241    0.000    0.000    0.000    0.000
   35.8    5.04    0.025    0.025    0.000    0.000    0.000    0.000    0.000
   14.9    5.21    0.241    0.124    0.117    0.000    0.000    0.000    0.000
   36.7    5.21    0.018    0.018    0.000    0.000    0.000    0.000    0.000
   15.8    5.40    0.440    0.219    0.221    0.000    0.000    0.000    0.000
   37.3    5.40    0.048    0.048    0.000    0.000    0.000    0.000    0.000
   16.8    5.61    0.266    0.118    0.148    0.000    0.000    0.000    0.000
   37.8    5.62    0.044    0.044    0.000    0.000    0.000    0.000    0.000
   17.7    5.80    0.278    0.105    0.173    0.000    0.000    0.000    0.000
   38.1    5.81    0.063    0.063    0.000    0.000    0.000    0.000    0.000
   57.3    5.82    0.008    0.008    0.000    0.000    0.000    0.000    0.000
   13.0    6.01    0.142    0.031    0.112    0.000    0.000    0.000    0.000
   31.4    6.01    0.153    0.104    0.049    0.000    0.000    0.000    0.000
   56.9    6.02    0.013    0.013    0.000    0.000    0.000    0.000    0.000
   83.9    6.02    0.004    0.004    0.000    0.000    0.000    0.000    0.000
   15.1    6.22    0.183    0.040    0.143    0.000    0.000    0.000    0.000
   34.0    6.20    0.163    0.106    0.056    0.000    0.000    0.000    0.000
   57.2    6.22    0.023    0.023    0.000    0.000    0.000    0.000    0.000
   84.9    6.23    0.011    0.011    0.000    0.000    0.000    0.000    0.000
  118.0    6.23    0.010    0.010    0.000    0.000    0.000    0.000    0.000
   15.4    6.41    0.126    0.026    0.100    0.000    0.000    0.000    0.000
   33.4    6.43    0.145    0.074    0.071    0.000    0.000    0.000    0.000
   60.0    6.43    0.030    0.030    0.000    0.000    0.000    0.000    0.000
   88.5    6.42    0.011    0.011    0.000    0.000    0.000    0.000    0.000
  120.7    6.43    0.017    0.017    0.000    0.000    0.000    0.000    0.000
   14.4    6.59    0.063    0.012    0.051    0.000    0.000    0.000    0.000
   33.0    6.59    0.109    0.045    0.064    0.000    0.000    0.000    0.000
   61.0    6.59    0.027    0.027    0.000    0.000    0.000    0.000    0.000
   90.0    6.59    0.010    0.010    0.000    0.000    0.000    0.000    0.000
  121.6    6.59    0.018    0.018    0.000    0.000    0.000    0.000    0.000
   13.3    6.77    0.068    0.013    0.055    0.000    0.000    0.000    0.000
   33.8    6.78    0.153    0.052    0.101    0.000    0.000    0.000    0.000
   58.6    6.78    0.037    0.036    0.001    0.000    0.000    0.000    0.000
   85.1    6.79    0.029    0.029    0.000    0.000    0.000    0.000    0.000
  122.7    6.79    0.039    0.039    0.000    0.000    0.000    0.000    0.000
  162.8    6.80    0.007    0.007    0.000    0.000    0.000    0.000    0.000
   12.9    6.97    0.018    0.003    0.015    0.000    0.000    0.000    0.000
   34.6    6.97    0.049    0.014    0.035    0.000    0.000    0.000    0.000
   60.5    6.98    0.016    0.014    0.002    0.000    0.000    0.000    0.000
   87.1    6.97    0.011    0.011    0.000    0.000    0.000    0.000    0.000
  123.1    6.98    0.019    0.019    0.000    0.000    0.000    0.000    0.000
  170.6    7.00    0.007    0.007    0.000    0.000    0.000    0.000    0.000
   12.8    7.16    0.004    0.001    0.003    0.000    0.000    0.000    0.000
   35.1    7.16    0.013    0.003    0.010    0.000    0.000    0.000    0.000
   59.4    7.16    0.005    0.003    0.001    0.000    0.000    0.000    0.000
   85.6    7.16    0.004    0.004    0.000    0.000    0.000    0.000    0.000
  123.2    7.16    0.007    0.007    0.000    0.000    0.000    0.000    0.000
  173.8    7.16    0.004    0.004    0.000    0.000    0.000    0.000    0.000
  166.1    7.30    0.013    0.010    0.003    0.000    0.000    0.000    0.000
  186.5    7.46    0.379    0.319    0.059    0.000    0.000    0.000    0.000
  205.2    7.45    0.039    0.039    0.000    0.000    0.000    0.000    0.000
  174.2    7.70    0.378    0.101    0.277    0.000    0.000    0.000    0.000
  190.8    7.70    1.093    0.474    0.619    0.000    0.000    0.000    0.000
  204.0    7.70    0.153    0.103    0.050    0.000    0.000    0.000    0.000
  174.5    8.00    0.244    0.030    0.180    0.033    0.000    0.000    0.000
  190.9    8.00    0.786    0.141    0.645    0.000    0.000    0.000    0.000
  204.0    8.00    0.120    0.030    0.089    0.000    0.000    0.000    0.000

Summary statistics for above 0.2s PSA  deaggregation, R=distance, e=epsilon:
Contribution from this GMPE(%):    7.8
 Mean src-site R=   92.6 km; M= 6.54; eps0=   0.68. Mean calculated for all sources.
Modal src-site R=  190.8 km; M= 7.70; eps0=   1.61 from peak (R,M) bin
 MODE R*= 190.9km; M*= 8.00; EPS.INTERVAL: 1 to 2 sigma  % CONTRIB.=  0.645

Principal sources (faults, subduction, random seismicity having >10% contribution)
Source Category:                 % contr.  R(km)    M   epsilon0 (mean values).
Individual fault hazard details if its contribution to mean hazard > 2%: 
Fault ID                         % contr.   Rcd(km)  M   epsilon0 Site-to-src azimuth(d)
New Madrid FZ, west                 0.31   166.1   7.76    1.13     130.5
New Madrid FZ, midwest              0.42   180.3   7.77    1.34     129.7
New Madrid FZ, central              2.15   190.9   7.78    1.49     132.8
New Madrid FZ, mideast              0.23   200.4   7.79    1.61     132.6
New Madrid FZ, east                 0.07   214.2   7.80    1.79     131.2
#*********End of deaggregation corresponding to Campbell CEUS Hybrid     *********#

PSHA Deaggregation. % Contributions. Site: test2 long:  91.000 d W., lat: 38.000 N.
Input Vs30 (m/s) = 760.0 CEUS atten. model site cl BC(firm) or A(hard).     
NSHMP 2007-08 update. See USGS OFR 2008-1128. Analysis on DaMoYr:29/05/2009
Mean Return Period: 2475  years. 0.20 s. PSA =0.4454   g. Weight * Computed_Rate_Ex 0.323E-04
#Pr[at least one eq with median motion>=PSA in 50 yrs]=0.00131
#This deaggregation corresponds to Silva 1-corner          
DIST(km) MAG(Mw) ALL_EPS EPSILON>2  1<EPS<2 0<EPS<1 -1<EPS<0 -2<EPS<-1 EPS<-2
   12.4    4.61    0.110    0.098    0.012    0.000    0.000    0.000    0.000
   13.5    4.80    0.285    0.242    0.043    0.000    0.000    0.000    0.000
   35.5    4.82    0.015    0.015    0.000    0.000    0.000    0.000    0.000
   14.8    5.03    0.298    0.237    0.061    0.000    0.000    0.000    0.000
   37.6    5.04    0.034    0.034    0.000    0.000    0.000    0.000    0.000
   15.6    5.21    0.149    0.108    0.041    0.000    0.000    0.000    0.000
   38.4    5.21    0.026    0.026    0.000    0.000    0.000    0.000    0.000
   14.5    5.38    0.236    0.142    0.094    0.000    0.000    0.000    0.000
   32.9    5.43    0.125    0.125    0.000    0.000    0.000    0.000    0.000
   59.5    5.42    0.017    0.017    0.000    0.000    0.000    0.000    0.000
   11.8    5.61    0.109    0.043    0.066    0.000    0.000    0.000    0.000
   31.5    5.62    0.140    0.134    0.006    0.000    0.000    0.000    0.000
   59.2    5.62    0.021    0.021    0.000    0.000    0.000    0.000    0.000
   78.0    5.63    0.006    0.006    0.000    0.000    0.000    0.000    0.000
   12.0    5.80    0.110    0.037    0.073    0.000    0.000    0.000    0.000
   32.3    5.81    0.179    0.157    0.023    0.000    0.000    0.000    0.000
   59.6    5.81    0.036    0.036    0.000    0.000    0.000    0.000    0.000
   81.0    5.82    0.016    0.016    0.000    0.000    0.000    0.000    0.000
   12.7    6.01    0.103    0.031    0.073    0.000    0.000    0.000    0.000
   33.7    6.01    0.154    0.123    0.031    0.000    0.000    0.000    0.000
   58.8    6.01    0.047    0.047    0.000    0.000    0.000    0.000    0.000
   82.0    6.02    0.025    0.025    0.000    0.000    0.000    0.000    0.000
  110.0    6.03    0.005    0.005    0.000    0.000    0.000    0.000    0.000
   14.8    6.23    0.138    0.040    0.099    0.000    0.000    0.000    0.000
   35.9    6.20    0.169    0.123    0.045    0.000    0.000    0.000    0.000
   59.0    6.22    0.072    0.072    0.000    0.000    0.000    0.000    0.000
   82.9    6.22    0.047    0.047    0.000    0.000    0.000    0.000    0.000
  116.4    6.23    0.019    0.019    0.000    0.000    0.000    0.000    0.000
   15.1    6.41    0.099    0.026    0.073    0.000    0.000    0.000    0.000
   35.3    6.43    0.140    0.078    0.062    0.000    0.000    0.000    0.000
   62.5    6.43    0.087    0.087    0.000    0.000    0.000    0.000    0.000
   87.2    6.42    0.038    0.038    0.000    0.000    0.000    0.000    0.000
  119.2    6.43    0.030    0.030    0.000    0.000    0.000    0.000    0.000
   14.1    6.59    0.051    0.012    0.039    0.000    0.000    0.000    0.000
   34.6    6.59    0.101    0.045    0.055    0.000    0.000    0.000    0.000
   63.6    6.59    0.071    0.068    0.003    0.000    0.000    0.000    0.000
   89.4    6.59    0.028    0.028    0.000    0.000    0.000    0.000    0.000
  120.4    6.59    0.031    0.031    0.000    0.000    0.000    0.000    0.000
  168.7    6.60    0.010    0.010    0.000    0.000    0.000    0.000    0.000
   13.0    6.77    0.059    0.013    0.046    0.000    0.000    0.000    0.000
   35.0    6.78    0.137    0.052    0.086    0.000    0.000    0.000    0.000
   59.8    6.78    0.075    0.058    0.017    0.000    0.000    0.000    0.000
   83.7    6.78    0.079    0.079    0.000    0.000    0.000    0.000    0.000
  121.8    6.79    0.062    0.062    0.000    0.000    0.000    0.000    0.000
  171.8    6.79    0.028    0.028    0.000    0.000    0.000    0.000    0.000
  217.7    6.81    0.009    0.009    0.000    0.000    0.000    0.000    0.000
   12.7    6.97    0.016    0.003    0.013    0.000    0.000    0.000    0.000
   35.6    6.97    0.043    0.014    0.029    0.000    0.000    0.000    0.000
   62.2    6.98    0.029    0.018    0.011    0.000    0.000    0.000    0.000
   86.0    6.96    0.025    0.024    0.001    0.000    0.000    0.000    0.000
  122.6    6.98    0.028    0.028    0.000    0.000    0.000    0.000    0.000
  172.9    6.92    0.008    0.008    0.000    0.000    0.000    0.000    0.000
  178.9    7.04    0.017    0.017    0.000    0.000    0.000    0.000    0.000
  221.4    7.01    0.019    0.019    0.000    0.000    0.000    0.000    0.000
   35.7    7.16    0.011    0.003    0.008    0.000    0.000    0.000    0.000
   60.7    7.16    0.008    0.004    0.004    0.000    0.000    0.000    0.000
   84.8    7.16    0.008    0.007    0.002    0.000    0.000    0.000    0.000
  122.9    7.16    0.010    0.010    0.000    0.000    0.000    0.000    0.000
  180.2    7.18    0.019    0.019    0.000    0.000    0.000    0.000    0.000
  222.3    7.19    0.021    0.021    0.000    0.000    0.000    0.000    0.000
  269.7    7.19    0.008    0.008    0.000    0.000    0.000    0.000    0.000
  174.9    7.50    0.144    0.040    0.104    0.000    0.000    0.000    0.000
  189.3    7.43    0.851    0.391    0.460    0.000    0.000    0.000    0.000
  208.8    7.43    0.170    0.111    0.059    0.000    0.000    0.000    0.000
  270.1    7.40    0.018    0.018    0.000    0.000    0.000    0.000    0.000
  187.5    7.70    2.693    0.578    2.115    0.000    0.000    0.000    0.000
  205.0    7.70    0.390    0.111    0.280    0.000    0.000    0.000    0.000
  187.7    8.00    1.433    0.171    1.023    0.239    0.000    0.000    0.000
  204.6    8.00    0.213    0.030    0.175    0.008    0.000    0.000    0.000

Summary statistics for above 0.2s PSA  deaggregation, R=distance, e=epsilon:
Contribution from this GMPE(%):   10.0
 Mean src-site R=  129.3 km; M= 6.99; eps0=   1.05. Mean calculated for all sources.
Modal src-site R=  187.5 km; M= 7.70; eps0=   1.23 from peak (R,M) bin
 MODE R*= 187.6km; M*= 7.70; EPS.INTERVAL: 1 to 2 sigma  % CONTRIB.=  2.115

Principal sources (faults, subduction, random seismicity having >10% contribution)
Source Category:                 % contr.  R(km)    M   epsilon0 (mean values).
New Madrid SZ no clustering         5.80   189.7   7.74    1.21
Individual fault hazard details if its contribution to mean hazard > 2%: 
Fault ID                         % contr.   Rcd(km)  M   epsilon0 Site-to-src azimuth(d)
New Madrid FZ, west                 0.40   166.1   7.73    1.03     130.5
New Madrid FZ, midwest              0.66   180.3   7.73    1.14     129.7
New Madrid FZ, central              4.03   190.9   7.74    1.22     132.8
New Madrid FZ, mideast              0.51   200.4   7.74    1.28     132.6
New Madrid FZ, east                 0.21   214.2   7.75    1.37     131.2
#*********End of deaggregation corresponding to Silva 1-corner           *********#

PSHA Deaggregation. % Contributions. Site: test2 long:  91.000 d W., lat: 38.000 N.
Input Vs30 (m/s) = 760.0 CEUS atten. model site cl BC(firm) or A(hard).     
NSHMP 2007-08 update. See USGS OFR 2008-1128. Analysis on DaMoYr:29/05/2009
Mean Return Period: 2475  years. 0.20 s. PSA =0.4454   g. Weight * Computed_Rate_Ex 0.367E-04
#Pr[at least one eq with median motion>=PSA in 50 yrs]=0.00423
#This deaggregation corresponds to Tavakoli and Pezeshk 05 
DIST(km) MAG(Mw) ALL_EPS EPSILON>2  1<EPS<2 0<EPS<1 -1<EPS<0 -2<EPS<-1 EPS<-2
   12.1    4.61    0.265    0.176    0.089    0.000    0.000    0.000    0.000
   13.1    4.80    0.618    0.352    0.265    0.000    0.000    0.000    0.000
   34.0    4.81    0.011    0.011    0.000    0.000    0.000    0.000    0.000
   14.3    5.03    0.582    0.302    0.280    0.000    0.000    0.000    0.000
   35.1    5.04    0.023    0.023    0.000    0.000    0.000    0.000    0.000
   15.3    5.21    0.273    0.138    0.135    0.000    0.000    0.000    0.000
   36.1    5.21    0.018    0.018    0.000    0.000    0.000    0.000    0.000
   16.3    5.40    0.503    0.232    0.271    0.000    0.000    0.000    0.000
   36.8    5.41    0.053    0.053    0.000    0.000    0.000    0.000    0.000
   17.4    5.61    0.307    0.122    0.185    0.000    0.000    0.000    0.000
   37.3    5.62    0.051    0.051    0.000    0.000    0.000    0.000    0.000
   16.8    5.79    0.264    0.082    0.182    0.000    0.000    0.000    0.000
   32.3    5.84    0.133    0.098    0.035    0.000    0.000    0.000    0.000
   56.3    5.82    0.006    0.006    0.000    0.000    0.000    0.000    0.000
   13.2    6.01    0.152    0.031    0.121    0.000    0.000    0.000    0.000
   31.3    6.01    0.192    0.112    0.080    0.000    0.000    0.000    0.000
   56.3    6.02    0.013    0.013    0.000    0.000    0.000    0.000    0.000
   15.4    6.23    0.196    0.040    0.156    0.000    0.000    0.000    0.000
   34.1    6.20    0.206    0.114    0.091    0.000    0.000    0.000    0.000
   56.7    6.22    0.024    0.024    0.000    0.000    0.000    0.000    0.000
   85.1    6.23    0.009    0.009    0.000    0.000    0.000    0.000    0.000
  118.1    6.24    0.008    0.008    0.000    0.000    0.000    0.000    0.000
   15.6    6.41    0.134    0.026    0.108    0.000    0.000    0.000    0.000
   33.7    6.43    0.180    0.077    0.103    0.000    0.000    0.000    0.000
   59.2    6.43    0.032    0.032    0.000    0.000    0.000    0.000    0.000
   88.7    6.42    0.010    0.010    0.000    0.000    0.000    0.000    0.000
  121.0    6.43    0.017    0.017    0.000    0.000    0.000    0.000    0.000
   14.5    6.59    0.065    0.012    0.053    0.000    0.000    0.000    0.000
   33.5    6.59    0.133    0.045    0.088    0.000    0.000    0.000    0.000
   60.3    6.59    0.030    0.030    0.000    0.000    0.000    0.000    0.000
   90.1    6.59    0.010    0.010    0.000    0.000    0.000    0.000    0.000
  122.0    6.59    0.020    0.020    0.000    0.000    0.000    0.000    0.000
   13.4    6.77    0.069    0.013    0.057    0.000    0.000    0.000    0.000
   34.3    6.78    0.184    0.052    0.132    0.000    0.000    0.000    0.000
   58.4    6.78    0.045    0.041    0.004    0.000    0.000    0.000    0.000
   85.3    6.79    0.032    0.032    0.000    0.000    0.000    0.000    0.000
  123.0    6.79    0.047    0.047    0.000    0.000    0.000    0.000    0.000
  164.4    6.80    0.010    0.010    0.000    0.000    0.000    0.000    0.000
   13.0    6.97    0.018    0.003    0.015    0.000    0.000    0.000    0.000
   35.2    6.97    0.058    0.014    0.044    0.000    0.000    0.000    0.000
   60.2    6.98    0.020    0.015    0.005    0.000    0.000    0.000    0.000
   87.3    6.97    0.013    0.013    0.000    0.000    0.000    0.000    0.000
  123.5    6.98    0.024    0.024    0.000    0.000    0.000    0.000    0.000
  171.8    7.00    0.011    0.011    0.000    0.000    0.000    0.000    0.000
   35.8    7.16    0.015    0.003    0.012    0.000    0.000    0.000    0.000
   59.3    7.16    0.006    0.004    0.003    0.000    0.000    0.000    0.000
  123.6    7.16    0.010    0.010    0.000    0.000    0.000    0.000    0.000
  174.5    7.16    0.006    0.006    0.000    0.000    0.000    0.000    0.000
  174.0    7.45    0.191    0.070    0.120    0.000    0.000    0.000    0.000
  190.4    7.45    0.542    0.328    0.214    0.000    0.000    0.000    0.000
  205.8    7.45    0.081    0.066    0.015    0.000    0.000    0.000    0.000
  166.1    7.70    0.292    0.034    0.201    0.058    0.000    0.000    0.000
  189.2    7.70    2.586    0.545    2.041    0.000    0.000    0.000    0.000
  204.1    7.70    0.322    0.106    0.216    0.000    0.000    0.000    0.000
  166.1    8.00    0.174    0.010    0.060    0.104    0.000    0.000    0.000
  189.3    8.00    1.833    0.161    0.963    0.710    0.000    0.000    0.000
  204.2    8.00    0.253    0.030    0.179    0.044    0.000    0.000    0.000

Summary statistics for above 0.2s PSA  deaggregation, R=distance, e=epsilon:
Contribution from this GMPE(%):   11.4
 Mean src-site R=  115.5 km; M= 6.84; eps0=   0.59. Mean calculated for all sources.
Modal src-site R=  189.2 km; M= 7.70; eps0=   1.22 from peak (R,M) bin
 MODE R*= 189.2km; M*= 7.70; EPS.INTERVAL: 1 to 2 sigma  % CONTRIB.=  2.041

Principal sources (faults, subduction, random seismicity having >10% contribution)
Source Category:                 % contr.  R(km)    M   epsilon0 (mean values).
New Madrid SZ no clustering         6.22   188.7   7.78    1.06
CEUS gridded                        5.19    27.6   5.71    0.02
Individual fault hazard details if its contribution to mean hazard > 2%: 
Fault ID                         % contr.   Rcd(km)  M   epsilon0 Site-to-src azimuth(d)
New Madrid FZ, west                 0.55   166.1   7.76    0.74     130.5
New Madrid FZ, midwest              0.79   180.3   7.77    0.95     129.7
New Madrid FZ, central              4.25   190.9   7.78    1.09     132.8
New Madrid FZ, mideast              0.47   200.4   7.79    1.22     132.6
New Madrid FZ, east                 0.16   214.2   7.80    1.40     131.2
#*********End of deaggregation corresponding to Tavakoli and Pezeshk 05  *********#

PSHA Deaggregation. % Contributions. Site: test2 long:  91.000 d W., lat: 38.000 N.
Input Vs30 (m/s) = 760.0 CEUS atten. model site cl BC(firm) or A(hard).     
NSHMP 2007-08 update. See USGS OFR 2008-1128. Analysis on DaMoYr:29/05/2009
Mean Return Period: 2475  years. 0.20 s. PSA =0.4454   g. Weight * Computed_Rate_Ex 0.128E-04
#Pr[at least one eq with median motion>=PSA in 50 yrs]=0.00086
#This deaggregation corresponds to Atkinson-Boore06,200 bar
DIST(km) MAG(Mw) ALL_EPS EPSILON>2  1<EPS<2 0<EPS<1 -1<EPS<0 -2<EPS<-1 EPS<-2
    7.2    4.61    0.030    0.026    0.005    0.000    0.000    0.000    0.000
    8.0    4.80    0.093    0.069    0.024    0.000    0.000    0.000    0.000
    9.1    5.04    0.115    0.079    0.035    0.000    0.000    0.000    0.000
   10.2    5.21    0.065    0.041    0.023    0.000    0.000    0.000    0.000
   11.5    5.40    0.141    0.088    0.053    0.000    0.000    0.000    0.000
   13.0    5.62    0.102    0.056    0.046    0.000    0.000    0.000    0.000
   34.7    5.63    0.003    0.003    0.000    0.000    0.000    0.000    0.000
   14.3    5.81    0.123    0.064    0.059    0.000    0.000    0.000    0.000
   36.6    5.82    0.008    0.008    0.000    0.000    0.000    0.000    0.000
   13.0    6.01    0.101    0.038    0.063    0.000    0.000    0.000    0.000
   30.9    6.03    0.031    0.030    0.000    0.000    0.000    0.000    0.000
   13.8    6.22    0.121    0.040    0.082    0.000    0.000    0.000    0.000
   32.8    6.20    0.047    0.045    0.002    0.000    0.000    0.000    0.000
   56.5    6.23    0.004    0.004    0.000    0.000    0.000    0.000    0.000
   16.7    6.42    0.116    0.041    0.074    0.000    0.000    0.000    0.000
   38.2    6.42    0.028    0.028    0.000    0.000    0.000    0.000    0.000
   60.0    6.43    0.008    0.008    0.000    0.000    0.000    0.000    0.000
   88.8    6.43    0.003    0.003    0.000    0.000    0.000    0.000    0.000
  121.9    6.44    0.005    0.005    0.000    0.000    0.000    0.000    0.000
   13.8    6.59    0.049    0.012    0.037    0.000    0.000    0.000    0.000
   31.5    6.59    0.046    0.032    0.013    0.000    0.000    0.000    0.000
   61.3    6.59    0.009    0.009    0.000    0.000    0.000    0.000    0.000
   90.1    6.59    0.004    0.004    0.000    0.000    0.000    0.000    0.000
  123.9    6.59    0.008    0.008    0.000    0.000    0.000    0.000    0.000
   12.8    6.77    0.058    0.013    0.045    0.000    0.000    0.000    0.000
   32.3    6.78    0.070    0.045    0.026    0.000    0.000    0.000    0.000
   58.8    6.78    0.013    0.013    0.000    0.000    0.000    0.000    0.000
   85.2    6.79    0.012    0.012    0.000    0.000    0.000    0.000    0.000
  124.9    6.79    0.015    0.015    0.000    0.000    0.000    0.000    0.000
  125.1    6.78    0.005    0.005    0.000    0.000    0.000    0.000    0.000
  169.7    6.80    0.010    0.010    0.000    0.000    0.000    0.000    0.000
   12.6    6.97    0.016    0.003    0.013    0.000    0.000    0.000    0.000
   33.1    6.97    0.024    0.014    0.011    0.000    0.000    0.000    0.000
   60.8    6.98    0.006    0.006    0.000    0.000    0.000    0.000    0.000
   87.3    6.97    0.005    0.005    0.000    0.000    0.000    0.000    0.000
  125.4    6.98    0.010    0.010    0.000    0.000    0.000    0.000    0.000
  171.7    6.92    0.003    0.003    0.000    0.000    0.000    0.000    0.000
  178.1    7.04    0.007    0.007    0.000    0.000    0.000    0.000    0.000
  217.5    7.02    0.005    0.005    0.000    0.000    0.000    0.000    0.000
   12.6    7.16    0.004    0.001    0.003    0.000    0.000    0.000    0.000
   33.6    7.16    0.007    0.003    0.004    0.000    0.000    0.000    0.000
   59.6    7.16    0.002    0.002    0.000    0.000    0.000    0.000    0.000
  125.4    7.16    0.004    0.004    0.000    0.000    0.000    0.000    0.000
  179.5    7.18    0.008    0.008    0.000    0.000    0.000    0.000    0.000
  220.4    7.19    0.007    0.007    0.000    0.000    0.000    0.000    0.000
  166.1    7.30    0.012    0.010    0.002    0.000    0.000    0.000    0.000
  187.6    7.44    0.414    0.355    0.059    0.000    0.000    0.000    0.000
  207.9    7.43    0.065    0.065    0.000    0.000    0.000    0.000    0.000
  267.4    7.41    0.004    0.004    0.000    0.000    0.000    0.000    0.000
  166.1    7.70    0.097    0.034    0.064    0.000    0.000    0.000    0.000
  189.3    7.70    1.033    0.540    0.492    0.000    0.000    0.000    0.000
  204.7    7.70    0.150    0.104    0.046    0.000    0.000    0.000    0.000
  187.4    8.00    0.575    0.171    0.404    0.000    0.000    0.000    0.000
  204.4    8.00    0.078    0.030    0.048    0.000    0.000    0.000    0.000

Summary statistics for above 0.2s PSA  deaggregation, R=distance, e=epsilon:
Contribution from this GMPE(%):    4.0
 Mean src-site R=  126.0 km; M= 7.04; eps0=   1.19. Mean calculated for all sources.
Modal src-site R=  189.3 km; M= 7.70; eps0=   1.70 from peak (R,M) bin
 MODE R*= 189.3km; M*= 7.70; EPS.INTERVAL:> 2 sigma      % CONTRIB.=  0.540

Principal sources (faults, subduction, random seismicity having >10% contribution)
Source Category:                 % contr.  R(km)    M   epsilon0 (mean values).
Individual fault hazard details if its contribution to mean hazard > 2%: 
Fault ID                         % contr.   Rcd(km)  M   epsilon0 Site-to-src azimuth(d)
New Madrid FZ, west                 0.18   166.1   7.72    1.48     130.5
New Madrid FZ, midwest              0.28   180.3   7.73    1.60     129.7
New Madrid FZ, central              1.65   190.9   7.73    1.69     132.8
New Madrid FZ, mideast              0.20   200.4   7.74    1.76     132.6
New Madrid FZ, east                 0.08   214.2   7.74    1.86     131.2
#*********End of deaggregation corresponding to Atkinson-Boore06,200 bar *********#

********************Central or Eastern U.S. Site ********************************
