*** Deaggregation of Seismic Hazard at One Period of Spectral Accel. ***
*** Data from U.S.G.S. National Seismic Hazards Mapping Project, 2008 version ***
PSHA Deaggregation. % Contributions. Site: test long: 115.500 d W., lat: 36.100 N.
Input Vs30 (m/s) = 760.0 (some WUS atten. models use Site Class not Vs30).  
NSHMP 2007-08 update. See USGS OFR 2008-1128. Analysis on DaMoYr:29/05/2009
Mean Return Period: 72    years. 1.00 s. PSA =0.02539  g. Weight * Computed_Rate_Ex 0.131E-01
#Pr[at least one eq with median motion>=PSA in 50 yrs]=0.25062
#This deaggregation corresponds to Mean Hazard w/all GMPEs 
DIST(km) MAG(Mw) ALL_EPS EPSILON>2  1<EPS<2 0<EPS<1 -1<EPS<0 -2<EPS<-1 EPS<-2
    7.6    5.05    0.180    0.007    0.040    0.092    0.038    0.003    0.000
   14.9    5.05    0.200    0.018    0.107    0.075    0.000    0.000    0.000
   24.9    5.05    0.130    0.048    0.082    0.000    0.000    0.000    0.000
    7.8    5.20    0.321    0.010    0.061    0.149    0.090    0.011    0.000
   15.0    5.20    0.453    0.028    0.167    0.248    0.010    0.000    0.000
   25.1    5.21    0.397    0.075    0.283    0.040    0.000    0.000    0.000
   35.9    5.21    0.150    0.076    0.074    0.000    0.000    0.000    0.000
   45.3    5.21    0.094    0.077    0.017    0.000    0.000    0.000    0.000
   55.1    5.22    0.055    0.053    0.002    0.000    0.000    0.000    0.000
    8.0    5.40    0.257    0.007    0.042    0.106    0.087    0.014    0.000
   15.1    5.40    0.464    0.019    0.116    0.269    0.060    0.000    0.000
   25.3    5.40    0.560    0.052    0.297    0.211    0.000    0.000    0.000
   35.9    5.41    0.276    0.056    0.203    0.016    0.000    0.000    0.000
   45.4    5.41    0.215    0.084    0.131    0.000    0.000    0.000    0.000
   55.3    5.41    0.158    0.102    0.056    0.000    0.000    0.000    0.000
   65.4    5.41    0.101    0.087    0.014    0.000    0.000    0.000    0.000
   75.0    5.42    0.069    0.066    0.003    0.000    0.000    0.000    0.000
    8.1    5.60    0.194    0.005    0.029    0.074    0.070    0.015    0.001
   15.2    5.60    0.408    0.013    0.080    0.200    0.114    0.001    0.000
   25.5    5.60    0.620    0.036    0.214    0.355    0.015    0.000    0.000
   36.0    5.60    0.371    0.039    0.219    0.113    0.000    0.000    0.000
   45.5    5.60    0.335    0.060    0.247    0.028    0.000    0.000    0.000
   55.4    5.60    0.284    0.086    0.196    0.003    0.000    0.000    0.000
   65.5    5.61    0.209    0.100    0.110    0.000    0.000    0.000    0.000
   75.1    5.61    0.165    0.111    0.055    0.000    0.000    0.000    0.000
   84.8    5.61    0.114    0.094    0.020    0.000    0.000    0.000    0.000
   94.4    5.61    0.089    0.082    0.008    0.000    0.000    0.000    0.000
  116.4    5.62    0.152    0.151    0.001    0.000    0.000    0.000    0.000
    8.2    5.80    0.140    0.003    0.020    0.051    0.051    0.015    0.001
   15.3    5.80    0.326    0.009    0.055    0.139    0.117    0.005    0.000
   25.7    5.80    0.585    0.025    0.149    0.341    0.070    0.000    0.000
   36.0    5.80    0.403    0.027    0.160    0.214    0.003    0.000    0.000
   45.5    5.80    0.409    0.041    0.236    0.132    0.000    0.000    0.000
   55.3    5.80    0.405    0.063    0.291    0.051    0.000    0.000    0.000
   65.6    5.80    0.314    0.073    0.230    0.011    0.000    0.000    0.000
   75.2    5.81    0.272    0.091    0.181    0.001    0.000    0.000    0.000
   84.9    5.81    0.205    0.095    0.110    0.000    0.000    0.000    0.000
   94.5    5.81    0.178    0.108    0.069    0.000    0.000    0.000    0.000
  118.8    5.80    0.316    0.297    0.019    0.000    0.000    0.000    0.000
  120.5    5.85    0.102    0.063    0.038    0.000    0.000    0.000    0.000
  166.2    5.80    0.052    0.052    0.000    0.000    0.000    0.000    0.000
    8.0    6.01    0.131    0.003    0.018    0.046    0.046    0.017    0.001
   15.9    6.01    0.305    0.008    0.048    0.120    0.115    0.015    0.000
   25.6    5.99    0.485    0.017    0.100    0.247    0.120    0.001    0.000
   35.3    6.01    0.486    0.022    0.133    0.289    0.042    0.000    0.000
   45.3    6.00    0.449    0.029    0.173    0.244    0.003    0.000    0.000
   54.6    6.00    0.621    0.060    0.336    0.225    0.000    0.000    0.000
   65.3    6.01    0.473    0.058    0.310    0.105    0.000    0.000    0.000
   75.5    6.00    0.358    0.061    0.266    0.031    0.000    0.000    0.000
   85.3    6.01    0.347    0.078    0.257    0.012    0.000    0.000    0.000
   95.2    6.00    0.257    0.079    0.177    0.000    0.000    0.000    0.000
  119.0    6.01    0.054    0.051    0.003    0.000    0.000    0.000    0.000
  120.7    6.01    0.751    0.409    0.342    0.000    0.000    0.000    0.000
  168.2    6.02    0.173    0.171    0.002    0.000    0.000    0.000    0.000
  170.5    6.01    0.123    0.109    0.014    0.000    0.000    0.000    0.000
    7.9    6.20    0.118    0.003    0.016    0.041    0.041    0.016    0.002
   16.5    6.20    0.316    0.008    0.047    0.118    0.117    0.027    0.000
   26.4    6.19    0.423    0.013    0.079    0.196    0.132    0.003    0.000
   34.3    6.20    0.510    0.018    0.108    0.267    0.117    0.000    0.000
   44.5    6.20    0.483    0.022    0.131    0.293    0.037    0.000    0.000
   54.6    6.20    1.035    0.065    0.390    0.564    0.016    0.000    0.000
   65.6    6.20    0.461    0.036    0.212    0.214    0.000    0.000    0.000
   75.4    6.20    0.483    0.047    0.273    0.163    0.000    0.000    0.000
   85.3    6.20    0.442    0.055    0.296    0.092    0.000    0.000    0.000
   95.4    6.20    0.375    0.059    0.276    0.040    0.000    0.000    0.000
  111.0    6.29    0.070    0.011    0.045    0.014    0.000    0.000    0.000
  121.8    6.20    1.258    0.376    0.857    0.025    0.000    0.000    0.000
  167.3    6.21    0.489    0.397    0.092    0.000    0.000    0.000    0.000
  170.4    6.21    0.216    0.096    0.120    0.000    0.000    0.000    0.000
    7.6    6.40    0.082    0.002    0.011    0.028    0.028    0.011    0.002
   16.3    6.40    0.264    0.006    0.038    0.094    0.094    0.031    0.001
   27.5    6.38    0.463    0.013    0.077    0.195    0.165    0.013    0.000
   35.6    6.40    0.368    0.011    0.068    0.170    0.117    0.002    0.000
   44.1    6.40    0.372    0.013    0.079    0.197    0.083    0.000    0.000
   54.3    6.40    0.690    0.031    0.184    0.410    0.066    0.000    0.000
   64.6    6.40    0.481    0.025    0.150    0.291    0.015    0.000    0.000
   74.9    6.40    0.575    0.037    0.218    0.316    0.004    0.000    0.000
   84.9    6.40    0.514    0.039    0.235    0.240    0.000    0.000    0.000
   96.0    6.42    0.620    0.054    0.316    0.247    0.003    0.000    0.000
  110.9    6.48    1.249    0.118    0.621    0.505    0.004    0.000    0.000
  122.9    6.40    1.696    0.268    1.191    0.238    0.000    0.000    0.000
  162.9    6.39    0.281    0.147    0.134    0.000    0.000    0.000    0.000
  170.4    6.41    0.861    0.284    0.574    0.003    0.000    0.000    0.000
    7.3    6.60    0.103    0.002    0.014    0.035    0.035    0.014    0.002
   16.2    6.60    0.141    0.003    0.020    0.049    0.049    0.018    0.001
   26.0    6.59    0.295    0.007    0.045    0.112    0.110    0.020    0.000
   35.3    6.59    0.461    0.013    0.079    0.197    0.164    0.008    0.000
   45.0    6.60    0.359    0.012    0.069    0.173    0.105    0.000    0.000
   54.9    6.60    0.395    0.014    0.087    0.214    0.079    0.000    0.000
   64.8    6.61    1.064    0.047    0.280    0.613    0.124    0.000    0.000
   74.4    6.59    0.700    0.036    0.214    0.419    0.032    0.000    0.000
   84.1    6.60    0.510    0.029    0.176    0.295    0.010    0.000    0.000
   98.2    6.60    2.780    0.174    1.028    1.472    0.106    0.000    0.000
  107.7    6.58    0.877    0.044    0.263    0.520    0.051    0.000    0.000
  112.8    6.59    3.186    0.257    1.473    1.427    0.029    0.000    0.000
  125.0    6.60    2.149    0.214    1.211    0.723    0.000    0.000    0.000
  167.4    6.58    0.639    0.139    0.440    0.060    0.000    0.000    0.000
  173.8    6.61    1.739    0.271    1.247    0.221    0.000    0.000    0.000
  183.1    6.62    0.372    0.110    0.258    0.004    0.000    0.000    0.000
  193.5    6.61    0.072    0.025    0.044    0.003    0.000    0.000    0.000
    6.9    6.80    0.071    0.002    0.010    0.024    0.024    0.010    0.002
   15.1    6.80    0.117    0.003    0.016    0.040    0.040    0.016    0.001
   25.5    6.80    0.230    0.006    0.033    0.083    0.083    0.024    0.000
   35.9    6.79    0.327    0.009    0.052    0.130    0.123    0.013    0.000
   45.7    6.80    0.286    0.008    0.049    0.124    0.103    0.003    0.000
   55.6    6.80    0.339    0.011    0.065    0.162    0.101    0.000    0.000
   64.3    6.81    1.141    0.042    0.249    0.605    0.246    0.000    0.000
   74.8    6.80    0.389    0.015    0.092    0.223    0.058    0.000    0.000
   84.4    6.80    0.398    0.018    0.105    0.243    0.032    0.000    0.000
   97.9    6.79    4.688    0.223    1.335    2.627    0.502    0.000    0.000
  112.0    6.78    1.216    0.065    0.386    0.654    0.111    0.000    0.000
  124.4    6.80    2.924    0.202    1.202    1.496    0.024    0.000    0.000
  154.3    6.77    0.115    0.006    0.039    0.068    0.002    0.000    0.000
  168.0    6.81    1.005    0.116    0.636    0.253    0.000    0.000    0.000
  175.6    6.79    1.348    0.131    0.754    0.463    0.000    0.000    0.000
  183.5    6.83    1.154    0.158    0.746    0.250    0.000    0.000    0.000
  192.2    6.78    0.083    0.017    0.063    0.003    0.000    0.000    0.000
   15.6    6.95    0.057    0.001    0.008    0.020    0.020    0.008    0.001
   24.8    6.95    0.076    0.002    0.011    0.027    0.027    0.009    0.000
   34.1    6.96    0.210    0.005    0.032    0.080    0.078    0.015    0.000
   45.1    6.95    0.117    0.003    0.019    0.047    0.045    0.003    0.000
   54.6    6.95    0.143    0.004    0.025    0.063    0.050    0.001    0.000
   64.0    6.99    0.435    0.014    0.083    0.208    0.127    0.002    0.000
   75.4    6.95    0.160    0.006    0.034    0.085    0.036    0.000    0.000
   85.6    6.95    0.167    0.007    0.039    0.095    0.027    0.000    0.000
   97.7    6.98    1.405    0.059    0.350    0.764    0.232    0.001    0.000
  109.3    6.99    0.312    0.014    0.081    0.175    0.042    0.000    0.000
  114.0    7.04    2.006    0.083    0.495    1.112    0.316    0.000    0.000
  125.1    6.98    1.845    0.102    0.611    1.074    0.057    0.000    0.000
  134.3    7.03    0.075    0.004    0.023    0.044    0.004    0.000    0.000
  143.6    7.00    0.054    0.004    0.026    0.023    0.000    0.000    0.000
  168.0    7.00    1.123    0.081    0.480    0.546    0.016    0.000    0.000
  174.7    6.99    1.149    0.085    0.500    0.558    0.006    0.000    0.000
  184.0    7.00    1.566    0.155    0.856    0.555    0.000    0.000    0.000
  191.7    6.96    0.104    0.017    0.081    0.007    0.000    0.000    0.000
   32.5    7.17    0.080    0.002    0.012    0.029    0.029    0.007    0.000
   98.1    7.18    0.299    0.010    0.062    0.151    0.075    0.001    0.000
  109.3    7.20    0.459    0.015    0.091    0.228    0.124    0.001    0.000
  126.1    7.20    1.921    0.077    0.460    1.075    0.309    0.000    0.000
  134.4    7.22    0.860    0.042    0.251    0.503    0.064    0.000    0.000
  141.4    7.25    0.072    0.004    0.023    0.042    0.004    0.000    0.000
  152.9    7.23    0.233    0.010    0.062    0.140    0.020    0.000    0.000
  175.4    7.22    3.184    0.179    1.071    1.801    0.133    0.000    0.000
  182.4    7.14    0.801    0.060    0.350    0.379    0.011    0.000    0.000
  193.1    7.26    0.090    0.007    0.042    0.040    0.001    0.000    0.000
   97.8    7.44    0.365    0.011    0.067    0.167    0.117    0.002    0.000
  109.6    7.34    0.575    0.018    0.107    0.269    0.177    0.004    0.000
  112.8    7.43    0.180    0.006    0.034    0.085    0.054    0.001    0.000
  129.4    7.38    0.113    0.005    0.030    0.066    0.012    0.000    0.000
  133.2    7.38    3.896    0.143    0.856    2.072    0.824    0.000    0.000
  164.3    7.39    0.422    0.018    0.106    0.243    0.056    0.000    0.000
  174.3    7.41    1.004    0.045    0.268    0.593    0.098    0.000    0.000
  183.6    7.38    1.115    0.061    0.362    0.636    0.056    0.000    0.000
  191.6    7.37    0.102    0.007    0.040    0.052    0.004    0.000    0.000
   97.7    7.61    1.379    0.038    0.227    0.571    0.504    0.038    0.000
  107.3    7.65    0.245    0.007    0.041    0.103    0.089    0.005    0.000
  118.2    7.58    0.402    0.012    0.072    0.181    0.131    0.005    0.000
  135.5    7.60    2.530    0.081    0.484    1.213    0.738    0.013    0.000
  157.7    7.55    0.159    0.006    0.035    0.085    0.033    0.000    0.000
  172.6    7.57    0.266    0.010    0.062    0.147    0.046    0.000    0.000
  182.9    7.55    0.684    0.028    0.169    0.381    0.105    0.000    0.000
  191.8    7.54    0.287    0.016    0.092    0.167    0.012    0.000    0.000
   97.7    7.78    2.337    0.061    0.364    0.914    0.876    0.122    0.000
  109.9    7.75    0.054    0.001    0.009    0.022    0.020    0.001    0.000
  114.9    7.81    0.092    0.002    0.014    0.035    0.034    0.006    0.000
  123.0    7.77    0.086    0.003    0.015    0.038    0.030    0.000    0.000
  136.8    7.77    0.629    0.019    0.111    0.279    0.212    0.008    0.000
   98.1    7.94    0.743    0.019    0.112    0.281    0.276    0.056    0.000

Summary statistics for above 1.0s PSA  deaggregation, R=distance, e=epsilon:
Contribution from this GMPE(%):  100.0
 Mean src-site R=  106.9 km; M= 6.71; eps0=   0.11. Mean calculated for all sources.
Modal src-site R=   97.9 km; M= 6.79; eps0=  -0.07 from peak (R,M) bin
 MODE R*=  97.8km; M*= 6.79; EPS.INTERVAL: 0 to 1 sigma  % CONTRIB.=  2.627

Principal sources (faults, subduction, random seismicity having >10% contribution)
Source Category:                 % contr.  R(km)    M   epsilon0 (mean values).
California B-faults Char           20.68   131.0   7.13   -0.12
California B-faults GR             18.00   138.3   6.90    0.24
California A-faults                 9.11   113.4   7.40   -0.62
Mojave Zone gridded                 6.57   150.8   7.00    0.23
Extensional Zones gridded          40.78    75.5   6.20    0.34
Individual fault hazard details if its contribution to mean hazard > 2%: 
Fault ID                         % contr.   Rcd(km)  M   epsilon0 Site-to-src azimuth(d)
Death Valley (No) Char              2.52   134.8   7.31   -0.28     -68.0
Owl Lake Char                       2.73   110.8   6.61    0.36    -112.4
Death Valley (Black Mtns Frontal    2.63   109.6   7.18   -0.38    -102.6
Death Valley (So) Char              3.84    98.2   6.79   -0.06    -124.6
Death Valley (No) GR                2.07   160.8   6.95    0.39     -64.5
Death Valley (Black Mtns Frontal    2.85   111.3   6.85    0.03     -91.0
Death Valley (So) GR                2.71    99.4   6.65    0.14    -119.4
Death Valley Connected GR           2.63   125.2   7.20   -0.25     -86.5
#*********End of deaggregation corresponding to Mean Hazard w/all GMPEs  *********#

PSHA Deaggregation. % Contributions. Site: test long: 115.500 d W., lat: 36.100 N.
Input Vs30 (m/s) = 760.0 (some WUS atten. models use Site Class not Vs30).  
NSHMP 2007-08 update. See USGS OFR 2008-1128. Analysis on DaMoYr:29/05/2009
Mean Return Period: 72    years. 1.00 s. PSA =0.02539  g. Weight * Computed_Rate_Ex 0.504E-02
#Pr[at least one eq with median motion>=PSA in 50 yrs]=0.35329
#This deaggregation corresponds to Boore-Atkinson 2008     
DIST(km) MAG(Mw) ALL_EPS EPSILON>2  1<EPS<2 0<EPS<1 -1<EPS<0 -2<EPS<-1 EPS<-2
    7.2    5.05    0.048    0.007    0.030    0.012    0.000    0.000    0.000
   14.8    5.05    0.040    0.018    0.021    0.000    0.000    0.000    0.000
   25.0    5.05    0.029    0.027    0.002    0.000    0.000    0.000    0.000
    7.5    5.20    0.089    0.010    0.054    0.024    0.000    0.000    0.000
   15.0    5.20    0.098    0.028    0.070    0.000    0.000    0.000    0.000
   25.2    5.21    0.091    0.065    0.026    0.000    0.000    0.000    0.000
   35.9    5.21    0.041    0.039    0.002    0.000    0.000    0.000    0.000
   45.3    5.21    0.029    0.029    0.000    0.000    0.000    0.000    0.000
    7.8    5.40    0.075    0.007    0.041    0.026    0.000    0.000    0.000
   15.1    5.40    0.111    0.019    0.088    0.004    0.000    0.000    0.000
   25.4    5.40    0.134    0.052    0.082    0.000    0.000    0.000    0.000
   36.0    5.41    0.073    0.050    0.022    0.000    0.000    0.000    0.000
   45.4    5.41    0.062    0.056    0.006    0.000    0.000    0.000    0.000
   55.3    5.41    0.049    0.048    0.001    0.000    0.000    0.000    0.000
   65.4    5.41    0.033    0.033    0.000    0.000    0.000    0.000    0.000
   75.0    5.41    0.024    0.024    0.000    0.000    0.000    0.000    0.000
    8.0    5.60    0.059    0.005    0.029    0.025    0.000    0.000    0.000
   15.2    5.60    0.109    0.013    0.077    0.019    0.000    0.000    0.000
   25.6    5.60    0.163    0.036    0.126    0.001    0.000    0.000    0.000
   36.0    5.60    0.104    0.039    0.066    0.000    0.000    0.000    0.000
   45.5    5.60    0.101    0.057    0.044    0.000    0.000    0.000    0.000
   55.4    5.61    0.091    0.071    0.020    0.000    0.000    0.000    0.000
   65.5    5.61    0.070    0.064    0.006    0.000    0.000    0.000    0.000
   75.1    5.61    0.057    0.056    0.001    0.000    0.000    0.000    0.000
   84.8    5.61    0.040    0.040    0.000    0.000    0.000    0.000    0.000
   94.4    5.61    0.032    0.032    0.000    0.000    0.000    0.000    0.000
  116.2    5.62    0.055    0.055    0.000    0.000    0.000    0.000    0.000
    8.1    5.80    0.045    0.003    0.020    0.021    0.000    0.000    0.000
   15.2    5.80    0.096    0.009    0.055    0.031    0.000    0.000    0.000
   25.7    5.80    0.170    0.025    0.132    0.014    0.000    0.000    0.000
   36.0    5.80    0.125    0.027    0.097    0.001    0.000    0.000    0.000
   45.5    5.80    0.135    0.041    0.093    0.000    0.000    0.000    0.000
   55.4    5.81    0.143    0.060    0.082    0.000    0.000    0.000    0.000
   65.6    5.80    0.114    0.069    0.045    0.000    0.000    0.000    0.000
   75.2    5.81    0.102    0.077    0.025    0.000    0.000    0.000    0.000
   84.9    5.81    0.079    0.069    0.009    0.000    0.000    0.000    0.000
   94.5    5.81    0.069    0.065    0.004    0.000    0.000    0.000    0.000
  118.7    5.80    0.125    0.125    0.000    0.000    0.000    0.000    0.000
  120.4    5.85    0.039    0.039    0.001    0.000    0.000    0.000    0.000
  167.7    5.83    0.028    0.028    0.000    0.000    0.000    0.000    0.000
    8.0    6.01    0.043    0.003    0.018    0.021    0.000    0.000    0.000
   15.9    6.01    0.095    0.008    0.048    0.039    0.000    0.000    0.000
   25.7    5.99    0.151    0.016    0.093    0.042    0.001    0.000    0.000
   35.3    6.01    0.158    0.022    0.121    0.015    0.000    0.000    0.000
   45.3    6.00    0.154    0.029    0.123    0.003    0.000    0.000    0.000
   54.7    6.00    0.212    0.046    0.154    0.012    0.000    0.000    0.000
   65.3    6.01    0.179    0.058    0.121    0.000    0.000    0.000    0.000
   75.5    6.00    0.140    0.061    0.079    0.000    0.000    0.000    0.000
   85.3    6.01    0.138    0.075    0.063    0.000    0.000    0.000    0.000
   95.2    6.00    0.104    0.073    0.031    0.000    0.000    0.000    0.000
  119.0    6.01    0.023    0.023    0.000    0.000    0.000    0.000    0.000
  120.6    6.01    0.304    0.273    0.031    0.000    0.000    0.000    0.000
  168.5    6.03    0.091    0.091    0.000    0.000    0.000    0.000    0.000
    7.9    6.20    0.039    0.003    0.016    0.020    0.000    0.000    0.000
   16.5    6.20    0.101    0.008    0.047    0.047    0.000    0.000    0.000
   26.5    6.19    0.141    0.010    0.059    0.062    0.009    0.000    0.000
   34.3    6.20    0.169    0.018    0.106    0.045    0.000    0.000    0.000
   44.5    6.20    0.169    0.022    0.125    0.022    0.000    0.000    0.000
   54.6    6.20    0.373    0.046    0.236    0.089    0.001    0.000    0.000
   65.7    6.20    0.176    0.036    0.139    0.002    0.000    0.000    0.000
   75.4    6.20    0.190    0.047    0.142    0.000    0.000    0.000    0.000
   85.3    6.20    0.177    0.055    0.122    0.000    0.000    0.000    0.000
   95.4    6.20    0.153    0.059    0.094    0.000    0.000    0.000    0.000
  110.9    6.29    0.035    0.004    0.020    0.012    0.000    0.000    0.000
  121.7    6.20    0.516    0.336    0.181    0.000    0.000    0.000    0.000
  167.8    6.20    0.220    0.211    0.009    0.000    0.000    0.000    0.000
  170.2    6.25    0.046    0.039    0.007    0.000    0.000    0.000    0.000
    7.6    6.40    0.027    0.002    0.011    0.014    0.000    0.000    0.000
   16.3    6.40    0.086    0.006    0.038    0.042    0.000    0.000    0.000
   27.4    6.39    0.142    0.010    0.058    0.063    0.011    0.000    0.000
   35.6    6.40    0.124    0.011    0.064    0.047    0.003    0.000    0.000
   44.1    6.40    0.130    0.013    0.079    0.038    0.000    0.000    0.000
   54.4    6.40    0.248    0.027    0.156    0.063    0.002    0.000    0.000
   64.7    6.40    0.183    0.025    0.138    0.020    0.000    0.000    0.000
   75.0    6.40    0.223    0.036    0.177    0.010    0.000    0.000    0.000
   85.0    6.40    0.203    0.038    0.157    0.007    0.000    0.000    0.000
   96.1    6.43    0.257    0.046    0.164    0.045    0.003    0.000    0.000
  110.8    6.47    0.580    0.036    0.217    0.321    0.004    0.000    0.000
  122.9    6.40    0.688    0.266    0.422    0.000    0.000    0.000    0.000
  167.9    6.40    0.310    0.248    0.062    0.000    0.000    0.000    0.000
  170.5    6.40    0.118    0.065    0.054    0.000    0.000    0.000    0.000
    7.3    6.60    0.034    0.002    0.014    0.018    0.000    0.000    0.000
   16.2    6.60    0.047    0.003    0.020    0.024    0.000    0.000    0.000
   26.0    6.59    0.099    0.007    0.041    0.047    0.005    0.000    0.000
   35.3    6.59    0.159    0.010    0.057    0.069    0.023    0.001    0.000
   45.0    6.60    0.130    0.011    0.065    0.051    0.003    0.000    0.000
   54.9    6.60    0.149    0.014    0.085    0.049    0.001    0.000    0.000
   64.8    6.61    0.403    0.028    0.165    0.178    0.032    0.000    0.000
   74.5    6.59    0.275    0.027    0.160    0.084    0.004    0.000    0.000
   84.2    6.60    0.208    0.025    0.141    0.041    0.001    0.000    0.000
   98.2    6.60    1.289    0.078    0.441    0.671    0.099    0.000    0.000
  108.1    6.57    0.659    0.034    0.201    0.402    0.022    0.000    0.000
  112.3    6.59    1.238    0.065    0.387    0.730    0.056    0.000    0.000
  125.3    6.60    0.949    0.209    0.724    0.016    0.000    0.000    0.000
  142.0    6.58    0.077    0.006    0.034    0.037    0.000    0.000    0.000
  154.1    6.58    0.037    0.003    0.018    0.016    0.000    0.000    0.000
  167.2    6.60    0.426    0.153    0.221    0.052    0.000    0.000    0.000
  172.9    6.62    0.622    0.160    0.410    0.052    0.000    0.000    0.000
  186.9    6.57    0.194    0.029    0.141    0.023    0.000    0.000    0.000
  193.7    6.64    0.080    0.015    0.048    0.018    0.000    0.000    0.000
    6.9    6.80    0.024    0.002    0.010    0.012    0.000    0.000    0.000
   15.1    6.80    0.039    0.003    0.016    0.020    0.000    0.000    0.000
   25.6    6.80    0.077    0.006    0.033    0.038    0.000    0.000    0.000
   35.9    6.79    0.112    0.006    0.038    0.049    0.016    0.002    0.000
   45.7    6.80    0.102    0.008    0.049    0.045    0.001    0.000    0.000
   55.6    6.80    0.125    0.011    0.065    0.050    0.000    0.000    0.000
   64.5    6.80    0.390    0.022    0.129    0.178    0.061    0.000    0.000
   74.8    6.80    0.152    0.015    0.089    0.047    0.001    0.000    0.000
   84.5    6.80    0.156    0.017    0.099    0.040    0.001    0.000    0.000
   97.9    6.78    2.058    0.087    0.520    1.046    0.405    0.000    0.000
  109.3    6.76    0.040    0.001    0.008    0.020    0.011    0.000    0.000
  111.4    6.78    0.808    0.034    0.201    0.474    0.099    0.000    0.000
  125.8    6.80    0.958    0.149    0.725    0.077    0.008    0.000    0.000
  141.6    6.81    0.126    0.007    0.040    0.076    0.003    0.000    0.000
  154.3    6.77    0.115    0.006    0.039    0.068    0.002    0.000    0.000
  166.8    6.81    0.476    0.111    0.299    0.066    0.000    0.000    0.000
  172.7    6.80    0.381    0.081    0.289    0.011    0.000    0.000    0.000
  186.4    6.81    0.759    0.062    0.364    0.334    0.000    0.000    0.000
  194.0    6.81    0.031    0.006    0.025    0.000    0.000    0.000    0.000
   24.8    6.95    0.025    0.002    0.011    0.013    0.000    0.000    0.000
   34.1    6.96    0.070    0.003    0.020    0.030    0.015    0.002    0.000
   45.1    6.95    0.040    0.003    0.019    0.018    0.000    0.000    0.000
   54.6    6.95    0.051    0.004    0.025    0.021    0.000    0.000    0.000
   63.8    6.98    0.179    0.009    0.055    0.079    0.035    0.000    0.000
   75.4    6.95    0.059    0.006    0.034    0.020    0.000    0.000    0.000
   85.6    6.95    0.063    0.006    0.039    0.017    0.000    0.000    0.000
   97.7    6.97    0.591    0.024    0.144    0.275    0.147    0.001    0.000
  108.9    6.99    0.136    0.005    0.029    0.072    0.031    0.000    0.000
  114.8    7.02    0.934    0.034    0.203    0.496    0.201    0.000    0.000
  126.3    6.97    0.520    0.070    0.379    0.068    0.003    0.000    0.000
  136.4    7.07    0.020    0.001    0.005    0.011    0.003    0.000    0.000
  144.4    6.98    0.080    0.004    0.021    0.050    0.006    0.000    0.000
  156.4    6.95    0.031    0.001    0.008    0.019    0.003    0.000    0.000
  167.5    6.95    0.308    0.046    0.171    0.091    0.000    0.000    0.000
  173.1    7.02    0.727    0.081    0.392    0.241    0.014    0.000    0.000
  183.0    6.98    0.266    0.019    0.112    0.135    0.000    0.000    0.000
  194.7    6.99    0.182    0.016    0.089    0.077    0.000    0.000    0.000
   32.5    7.16    0.026    0.001    0.004    0.010    0.010    0.002    0.000
   98.1    7.18    0.115    0.004    0.024    0.052    0.034    0.001    0.000
  109.4    7.20    0.450    0.015    0.089    0.223    0.122    0.001    0.000
  128.8    7.19    0.246    0.023    0.134    0.072    0.018    0.000    0.000
  135.6    7.19    0.391    0.015    0.092    0.217    0.067    0.000    0.000
  140.6    7.25    0.101    0.004    0.023    0.056    0.018    0.000    0.000
  153.1    7.21    0.157    0.007    0.042    0.095    0.013    0.000    0.000
  177.2    7.21    1.176    0.085    0.471    0.570    0.050    0.000    0.000
  182.4    7.14    0.309    0.022    0.130    0.151    0.006    0.000    0.000
   97.9    7.41    0.093    0.003    0.019    0.041    0.030    0.001    0.000
  109.6    7.33    0.287    0.009    0.053    0.133    0.090    0.002    0.000
  112.4    7.41    0.121    0.004    0.022    0.056    0.039    0.001    0.000
  129.8    7.40    0.021    0.003    0.017    0.001    0.000    0.000    0.000
  135.4    7.37    1.324    0.055    0.327    0.659    0.283    0.000    0.000
  141.1    7.40    0.066    0.002    0.014    0.034    0.015    0.000    0.000
  156.3    7.40    0.094    0.004    0.022    0.052    0.015    0.000    0.000
  166.3    7.38    0.054    0.002    0.015    0.032    0.005    0.000    0.000
  173.0    7.41    0.332    0.031    0.172    0.119    0.010    0.000    0.000
  184.9    7.37    0.371    0.020    0.116    0.212    0.023    0.000    0.000
  193.1    7.40    0.043    0.003    0.018    0.020    0.001    0.000    0.000
   97.7    7.60    0.494    0.013    0.081    0.200    0.186    0.014    0.000
  107.0    7.65    0.080    0.002    0.013    0.033    0.030    0.001    0.000
  117.6    7.58    0.145    0.004    0.026    0.064    0.048    0.002    0.000
  128.8    7.52    0.093    0.004    0.022    0.040    0.026    0.000    0.000
  136.0    7.61    0.742    0.027    0.163    0.355    0.195    0.003    0.000
  145.0    7.55    0.026    0.001    0.005    0.013    0.007    0.000    0.000
  157.4    7.55    0.053    0.002    0.012    0.028    0.011    0.000    0.000
  174.0    7.54    0.207    0.014    0.083    0.090    0.019    0.000    0.000
  183.2    7.59    0.059    0.003    0.019    0.033    0.003    0.000    0.000
  195.7    7.53    0.118    0.006    0.037    0.068    0.007    0.000    0.000
   97.7    7.77    0.793    0.021    0.124    0.311    0.297    0.041    0.000
  107.8    7.79    0.032    0.001    0.005    0.013    0.012    0.000    0.000
  124.8    7.75    0.023    0.001    0.004    0.010    0.008    0.000    0.000
  136.7    7.77    0.211    0.006    0.038    0.096    0.069    0.002    0.000
   98.1    7.94    0.244    0.006    0.037    0.093    0.091    0.017    0.000

Summary statistics for above 1.0s PSA  deaggregation, R=distance, e=epsilon:
Contribution from this GMPE(%):   38.4
 Mean src-site R=  110.4 km; M= 6.72; eps0=   0.04. Mean calculated for all sources.
Modal src-site R=   97.9 km; M= 6.78; eps0=  -0.36 from peak (R,M) bin
 MODE R*=  98.0km; M*= 6.78; EPS.INTERVAL: 0 to 1 sigma  % CONTRIB.=  1.046

Principal sources (faults, subduction, random seismicity having >10% contribution)
Source Category:                 % contr.  R(km)    M   epsilon0 (mean values).
California B-faults Char            8.17   129.3   7.08   -0.24
California B-faults GR              7.86   137.6   6.86    0.06
Extensional Zones gridded          14.68    80.9   6.25    0.35
Individual fault hazard details if its contribution to mean hazard > 2%: 
Fault ID                         % contr.   Rcd(km)  M   epsilon0 Site-to-src azimuth(d)
Death Valley (No) Char              0.92   134.8   7.31   -0.39     -68.0
Owl Lake Char                       1.32   110.8   6.60    0.09    -112.4
Death Valley (Black Mtns Frontal    1.01   109.6   7.18   -0.57    -102.6
Death Valley (So) Char              1.70    98.2   6.78   -0.35    -124.6
Death Valley (No) GR                0.90   161.1   6.93    0.24     -64.5
Death Valley (Black Mtns Frontal    1.26   111.4   6.83   -0.22     -91.0
Death Valley (So) GR                1.26    99.4   6.64   -0.15    -119.4
Death Valley Connected GR           1.04   125.1   7.14   -0.35     -86.5
#*********End of deaggregation corresponding to Boore-Atkinson 2008      *********#

PSHA Deaggregation. % Contributions. Site: test long: 115.500 d W., lat: 36.100 N.
Input Vs30 (m/s) = 760.0 (some WUS atten. models use Site Class not Vs30).  
NSHMP 2007-08 update. See USGS OFR 2008-1128. Analysis on DaMoYr:29/05/2009
Mean Return Period: 72    years. 1.00 s. PSA =0.02539  g. Weight * Computed_Rate_Ex 0.472E-02
#Pr[at least one eq with median motion>=PSA in 50 yrs]=0.29955
#This deaggregation corresponds to Campbell-Bozorgnia 2008 
DIST(km) MAG(Mw) ALL_EPS EPSILON>2  1<EPS<2 0<EPS<1 -1<EPS<0 -2<EPS<-1 EPS<-2
    7.8    5.05    0.066    0.007    0.039    0.021    0.000    0.000    0.000
   14.9    5.05    0.084    0.018    0.065    0.001    0.000    0.000    0.000
   24.9    5.05    0.060    0.041    0.019    0.000    0.000    0.000    0.000
    8.0    5.20    0.117    0.010    0.061    0.046    0.000    0.000    0.000
   15.0    5.20    0.186    0.028    0.141    0.018    0.000    0.000    0.000
   25.1    5.21    0.179    0.074    0.106    0.000    0.000    0.000    0.000
   35.9    5.21    0.071    0.058    0.012    0.000    0.000    0.000    0.000
   45.3    5.21    0.045    0.044    0.001    0.000    0.000    0.000    0.000
   55.0    5.22    0.026    0.026    0.000    0.000    0.000    0.000    0.000
    8.1    5.40    0.092    0.007    0.042    0.043    0.000    0.000    0.000
   15.2    5.40    0.185    0.019    0.115    0.051    0.000    0.000    0.000
   25.4    5.40    0.250    0.052    0.193    0.004    0.000    0.000    0.000
   35.9    5.41    0.131    0.055    0.076    0.000    0.000    0.000    0.000
   45.4    5.41    0.105    0.074    0.032    0.000    0.000    0.000    0.000
   55.3    5.41    0.078    0.071    0.007    0.000    0.000    0.000    0.000
   65.4    5.41    0.050    0.049    0.001    0.000    0.000    0.000    0.000
   75.0    5.42    0.034    0.034    0.000    0.000    0.000    0.000    0.000
   84.7    5.42    0.020    0.020    0.000    0.000    0.000    0.000    0.000
    8.2    5.60    0.068    0.005    0.029    0.033    0.000    0.000    0.000
   15.3    5.60    0.155    0.013    0.080    0.061    0.000    0.000    0.000
   25.6    5.60    0.259    0.036    0.193    0.029    0.000    0.000    0.000
   36.0    5.60    0.165    0.039    0.126    0.000    0.000    0.000    0.000
   45.5    5.60    0.154    0.060    0.094    0.000    0.000    0.000    0.000
   55.4    5.60    0.132    0.081    0.051    0.000    0.000    0.000    0.000
   65.5    5.60    0.097    0.080    0.017    0.000    0.000    0.000    0.000
   75.1    5.61    0.076    0.071    0.005    0.000    0.000    0.000    0.000
   84.8    5.61    0.052    0.052    0.000    0.000    0.000    0.000    0.000
   94.4    5.61    0.041    0.041    0.000    0.000    0.000    0.000    0.000
  117.0    5.61    0.073    0.073    0.000    0.000    0.000    0.000    0.000
    8.2    5.80    0.048    0.003    0.020    0.024    0.000    0.000    0.000
   15.3    5.80    0.117    0.009    0.055    0.052    0.000    0.000    0.000
   25.7    5.80    0.223    0.025    0.146    0.051    0.000    0.000    0.000
   36.0    5.80    0.161    0.027    0.128    0.006    0.000    0.000    0.000
   45.5    5.80    0.167    0.041    0.125    0.000    0.000    0.000    0.000
   55.3    5.80    0.168    0.060    0.105    0.003    0.000    0.000    0.000
   65.6    5.80    0.128    0.070    0.058    0.000    0.000    0.000    0.000
   75.2    5.80    0.110    0.080    0.030    0.000    0.000    0.000    0.000
   84.9    5.80    0.082    0.071    0.011    0.000    0.000    0.000    0.000
   94.5    5.81    0.071    0.066    0.005    0.000    0.000    0.000    0.000
  118.9    5.80    0.126    0.126    0.000    0.000    0.000    0.000    0.000
  120.6    5.85    0.040    0.039    0.001    0.000    0.000    0.000    0.000
  167.5    5.80    0.025    0.025    0.000    0.000    0.000    0.000    0.000
    8.1    6.01    0.044    0.003    0.018    0.023    0.000    0.000    0.000
   15.9    6.01    0.105    0.008    0.048    0.050    0.000    0.000    0.000
   25.7    5.99    0.179    0.016    0.093    0.065    0.005    0.000    0.000
   35.3    6.01    0.180    0.022    0.128    0.029    0.000    0.000    0.000
   45.3    6.00    0.170    0.029    0.135    0.006    0.000    0.000    0.000
   54.5    5.99    0.251    0.046    0.166    0.038    0.000    0.000    0.000
   65.3    6.01    0.178    0.058    0.121    0.000    0.000    0.000    0.000
   75.5    6.00    0.134    0.060    0.074    0.000    0.000    0.000    0.000
   85.3    6.01    0.128    0.074    0.054    0.000    0.000    0.000    0.000
   95.1    6.00    0.095    0.070    0.025    0.000    0.000    0.000    0.000
  119.0    6.01    0.019    0.019    0.000    0.000    0.000    0.000    0.000
  120.7    6.01    0.275    0.253    0.022    0.000    0.000    0.000    0.000
  167.7    6.05    0.049    0.047    0.001    0.000    0.000    0.000    0.000
  170.7    5.99    0.071    0.071    0.000    0.000    0.000    0.000    0.000
    7.9    6.20    0.039    0.003    0.016    0.021    0.000    0.000    0.000
   16.5    6.20    0.108    0.008    0.047    0.053    0.000    0.000    0.000
   26.5    6.19    0.151    0.010    0.057    0.066    0.018    0.000    0.000
   34.3    6.20    0.181    0.018    0.107    0.056    0.001    0.000    0.000
   44.5    6.20    0.175    0.022    0.126    0.027    0.000    0.000    0.000
   54.5    6.19    0.409    0.046    0.234    0.122    0.007    0.000    0.000
   65.6    6.20    0.167    0.036    0.131    0.001    0.000    0.000    0.000
   75.4    6.20    0.174    0.047    0.127    0.000    0.000    0.000    0.000
   85.2    6.20    0.159    0.055    0.104    0.001    0.000    0.000    0.000
   95.4    6.20    0.134    0.059    0.075    0.000    0.000    0.000    0.000
  111.1    6.29    0.021    0.003    0.016    0.002    0.000    0.000    0.000
  121.8    6.20    0.447    0.317    0.130    0.000    0.000    0.000    0.000
  165.2    6.18    0.130    0.102    0.028    0.000    0.000    0.000    0.000
  170.5    6.23    0.154    0.148    0.006    0.000    0.000    0.000    0.000
    7.6    6.40    0.027    0.002    0.011    0.014    0.000    0.000    0.000
   16.3    6.40    0.089    0.006    0.038    0.045    0.000    0.000    0.000
   27.6    6.38    0.163    0.010    0.060    0.072    0.020    0.001    0.000
   35.6    6.40    0.129    0.011    0.064    0.050    0.004    0.000    0.000
   44.1    6.40    0.131    0.013    0.079    0.039    0.000    0.000    0.000
   54.3    6.40    0.261    0.027    0.156    0.069    0.008    0.000    0.000
   64.7    6.40    0.171    0.025    0.132    0.014    0.000    0.000    0.000
   75.0    6.40    0.206    0.036    0.162    0.008    0.000    0.000    0.000
   84.9    6.40    0.186    0.038    0.139    0.008    0.000    0.000    0.000
   95.7    6.41    0.194    0.045    0.134    0.015    0.000    0.000    0.000
  110.9    6.47    0.386    0.039    0.219    0.128    0.000    0.000    0.000
  123.0    6.40    0.603    0.263    0.340    0.000    0.000    0.000    0.000
  161.5    6.38    0.123    0.045    0.077    0.000    0.000    0.000    0.000
  170.7    6.41    0.341    0.267    0.074    0.000    0.000    0.000    0.000
    7.3    6.60    0.034    0.002    0.014    0.018    0.000    0.000    0.000
   16.2    6.60    0.047    0.003    0.020    0.024    0.000    0.000    0.000
   26.0    6.59    0.103    0.007    0.041    0.049    0.006    0.001    0.000
   35.3    6.59    0.165    0.009    0.057    0.070    0.026    0.003    0.000
   45.0    6.60    0.129    0.011    0.065    0.049    0.004    0.000    0.000
   54.9    6.60    0.143    0.014    0.085    0.043    0.001    0.000    0.000
   64.9    6.61    0.403    0.027    0.162    0.168    0.046    0.000    0.000
   74.4    6.59    0.269    0.027    0.156    0.077    0.008    0.000    0.000
   84.0    6.60    0.195    0.025    0.131    0.036    0.002    0.000    0.000
   98.1    6.60    0.943    0.079    0.426    0.432    0.005    0.000    0.000
  107.2    6.61    0.468    0.034    0.201    0.232    0.001    0.000    0.000
  112.6    6.57    0.740    0.057    0.342    0.340    0.000    0.000    0.000
  124.9    6.60    0.762    0.211    0.547    0.004    0.000    0.000    0.000
  131.1    6.65    0.048    0.005    0.027    0.017    0.000    0.000    0.000
  143.6    6.57    0.020    0.002    0.013    0.005    0.000    0.000    0.000
  154.3    6.64    0.042    0.006    0.032    0.004    0.000    0.000    0.000
  166.9    6.59    0.125    0.063    0.059    0.003    0.000    0.000    0.000
  172.9    6.59    0.659    0.245    0.385    0.029    0.000    0.000    0.000
  185.4    6.64    0.136    0.031    0.103    0.001    0.000    0.000    0.000
  194.2    6.59    0.045    0.010    0.034    0.001    0.000    0.000    0.000
    6.9    6.80    0.024    0.002    0.010    0.012    0.000    0.000    0.000
   15.1    6.80    0.039    0.003    0.016    0.020    0.000    0.000    0.000
   25.5    6.80    0.078    0.006    0.033    0.039    0.000    0.000    0.000
   35.9    6.79    0.114    0.006    0.038    0.049    0.017    0.003    0.000
   45.7    6.80    0.100    0.008    0.049    0.042    0.001    0.000    0.000
   55.6    6.80    0.119    0.011    0.065    0.044    0.000    0.000    0.000
   64.2    6.81    0.425    0.023    0.135    0.184    0.083    0.000    0.000
   74.8    6.80    0.137    0.015    0.088    0.034    0.001    0.000    0.000
   84.5    6.80    0.139    0.017    0.096    0.025    0.002    0.000    0.000
   97.8    6.78    1.436    0.083    0.489    0.797    0.066    0.000    0.000
  112.4    6.78    0.659    0.040    0.237    0.370    0.012    0.000    0.000
  125.5    6.80    0.738    0.147    0.578    0.013    0.000    0.000    0.000
  137.8    6.76    0.020    0.001    0.007    0.012    0.000    0.000    0.000
  143.1    6.80    0.058    0.005    0.028    0.026    0.000    0.000    0.000
  154.7    6.77    0.028    0.002    0.014    0.012    0.000    0.000    0.000
  168.8    6.79    0.416    0.113    0.285    0.017    0.000    0.000    0.000
  174.6    6.82    0.505    0.107    0.317    0.081    0.000    0.000    0.000
  186.1    6.83    0.224    0.026    0.142    0.056    0.000    0.000    0.000
  193.3    6.78    0.115    0.016    0.084    0.016    0.000    0.000    0.000
   15.6    6.95    0.019    0.001    0.008    0.010    0.000    0.000    0.000
   24.8    6.95    0.026    0.002    0.011    0.013    0.000    0.000    0.000
   34.1    6.96    0.073    0.003    0.020    0.030    0.015    0.004    0.000
   45.1    6.95    0.040    0.003    0.019    0.018    0.000    0.000    0.000
   54.6    6.95    0.050    0.004    0.025    0.021    0.000    0.000    0.000
   64.0    6.98    0.165    0.009    0.051    0.067    0.037    0.001    0.000
   75.4    6.95    0.057    0.006    0.034    0.018    0.000    0.000    0.000
   85.6    6.95    0.060    0.006    0.039    0.015    0.000    0.000    0.000
   97.8    6.96    0.579    0.028    0.168    0.316    0.066    0.000    0.000
  109.3    7.02    0.191    0.007    0.044    0.106    0.033    0.000    0.000
  113.8    6.98    0.468    0.021    0.128    0.279    0.040    0.000    0.000
  126.3    6.97    0.455    0.070    0.350    0.034    0.000    0.000    0.000
  135.7    7.09    0.083    0.004    0.024    0.050    0.005    0.000    0.000
  141.5    7.04    0.079    0.004    0.027    0.044    0.004    0.000    0.000
  153.3    6.95    0.046    0.003    0.019    0.024    0.000    0.000    0.000
  166.2    7.00    0.361    0.051    0.203    0.103    0.004    0.000    0.000
  174.1    6.99    0.363    0.060    0.226    0.077    0.000    0.000    0.000
  184.7    6.96    0.383    0.036    0.204    0.143    0.000    0.000    0.000
  190.8    7.04    0.215    0.017    0.099    0.099    0.000    0.000    0.000
   32.5    7.16    0.028    0.001    0.004    0.010    0.010    0.003    0.000
   98.1    7.18    0.104    0.004    0.024    0.050    0.025    0.000    0.000
  109.3    7.11    0.224    0.009    0.056    0.130    0.029    0.000    0.000
  115.1    7.15    0.123    0.005    0.029    0.067    0.022    0.000    0.000
  125.5    7.21    0.754    0.044    0.255    0.352    0.103    0.000    0.000
  133.7    7.29    0.656    0.025    0.150    0.356    0.125    0.000    0.000
  144.0    7.15    0.061    0.003    0.017    0.037    0.004    0.000    0.000
  152.4    7.25    0.075    0.003    0.020    0.045    0.007    0.000    0.000
  176.2    7.21    1.213    0.091    0.500    0.585    0.037    0.000    0.000
  181.9    7.16    0.298    0.017    0.102    0.158    0.021    0.000    0.000
   97.7    7.44    0.154    0.005    0.029    0.067    0.052    0.001    0.000
  109.5    7.35    0.268    0.009    0.051    0.129    0.078    0.001    0.000
  114.4    7.45    0.071    0.002    0.013    0.033    0.022    0.001    0.000
  135.1    7.41    0.690    0.034    0.200    0.327    0.130    0.000    0.000
  142.4    7.45    0.029    0.001    0.006    0.015    0.007    0.000    0.000
  167.4    7.37    0.202    0.009    0.052    0.119    0.023    0.000    0.000
  175.4    7.41    0.557    0.039    0.224    0.244    0.050    0.000    0.000
  186.8    7.37    0.070    0.003    0.020    0.042    0.006    0.000    0.000
  193.4    7.37    0.177    0.009    0.051    0.105    0.012    0.000    0.000
   97.7    7.61    0.435    0.012    0.070    0.173    0.162    0.018    0.000
  106.4    7.65    0.082    0.002    0.013    0.033    0.031    0.002    0.000
  115.0    7.65    0.024    0.001    0.004    0.010    0.009    0.001    0.000
  123.4    7.56    0.151    0.005    0.027    0.068    0.050    0.002    0.000
  135.4    7.59    0.993    0.034    0.205    0.447    0.298    0.009    0.000
  152.9    7.55    0.021    0.001    0.004    0.011    0.005    0.000    0.000
  163.0    7.57    0.050    0.002    0.010    0.025    0.013    0.000    0.000
  172.2    7.55    0.082    0.009    0.052    0.021    0.000    0.000    0.000
  185.1    7.54    0.345    0.013    0.079    0.187    0.066    0.000    0.000
  192.7    7.59    0.049    0.002    0.011    0.026    0.010    0.000    0.000
   97.7    7.77    0.818    0.021    0.124    0.311    0.303    0.059    0.000
  114.3    7.79    0.072    0.002    0.011    0.028    0.027    0.004    0.000
  136.9    7.77    0.231    0.006    0.038    0.097    0.085    0.005    0.000
   98.1    7.94    0.253    0.006    0.037    0.093    0.093    0.025    0.000

Summary statistics for above 1.0s PSA  deaggregation, R=distance, e=epsilon:
Contribution from this GMPE(%):   36.0
 Mean src-site R=  106.0 km; M= 6.68; eps0=   0.09. Mean calculated for all sources.
Modal src-site R=   97.8 km; M= 6.78; eps0=   0.04 from peak (R,M) bin
 MODE R*=  98.1km; M*= 6.78; EPS.INTERVAL: 0 to 1 sigma  % CONTRIB.=  0.797

Principal sources (faults, subduction, random seismicity having >10% contribution)
Source Category:                 % contr.  R(km)    M   epsilon0 (mean values).
California B-faults Char            7.16   132.4   7.14   -0.13
California B-faults GR              6.08   139.2   6.90    0.27
Extensional Zones gridded          15.41    75.4   6.17    0.30
Individual fault hazard details if its contribution to mean hazard > 2%: 
Fault ID                         % contr.   Rcd(km)  M   epsilon0 Site-to-src azimuth(d)
Death Valley (No) Char              0.88   134.8   7.31   -0.33     -68.0
Owl Lake Char                       0.88   110.8   6.61    0.47    -112.4
Death Valley (Black Mtns Frontal    0.90   109.6   7.18   -0.40    -102.6
Death Valley (So) Char              1.26    98.2   6.79    0.04    -124.6
Death Valley (No) GR                0.70   161.0   6.96    0.40     -64.5
Death Valley (Black Mtns Frontal    0.94   111.3   6.86    0.10     -91.0
Death Valley (So) GR                0.88    99.4   6.65    0.25    -119.4
Death Valley Connected GR           0.90   125.7   7.21   -0.28     -86.5
#*********End of deaggregation corresponding to Campbell-Bozorgnia 2008  *********#

PSHA Deaggregation. % Contributions. Site: test long: 115.500 d W., lat: 36.100 N.
Input Vs30 (m/s) = 760.0 (some WUS atten. models use Site Class not Vs30).  
NSHMP 2007-08 update. See USGS OFR 2008-1128. Analysis on DaMoYr:29/05/2009
Mean Return Period: 72    years. 1.00 s. PSA =0.02539  g. Weight * Computed_Rate_Ex 0.336E-02
#Pr[at least one eq with median motion>=PSA in 50 yrs]=0.17352
#This deaggregation corresponds to Chiou-Youngs 2008       
DIST(km) MAG(Mw) ALL_EPS EPSILON>2  1<EPS<2 0<EPS<1 -1<EPS<0 -2<EPS<-1 EPS<-2
    7.8    5.05    0.065    0.007    0.039    0.020    0.000    0.000    0.000
   14.8    5.05    0.076    0.018    0.057    0.001    0.000    0.000    0.000
   24.7    5.05    0.041    0.034    0.007    0.000    0.000    0.000    0.000
    8.0    5.20    0.115    0.010    0.061    0.044    0.000    0.000    0.000
   15.0    5.20    0.169    0.028    0.131    0.010    0.000    0.000    0.000
   24.9    5.21    0.127    0.069    0.058    0.000    0.000    0.000    0.000
   35.8    5.21    0.038    0.037    0.001    0.000    0.000    0.000    0.000
   45.2    5.21    0.020    0.020    0.000    0.000    0.000    0.000    0.000
    8.1    5.40    0.091    0.007    0.042    0.041    0.000    0.000    0.000
   15.1    5.40    0.167    0.019    0.112    0.036    0.000    0.000    0.000
   25.2    5.40    0.176    0.052    0.124    0.000    0.000    0.000    0.000
   35.9    5.41    0.071    0.050    0.021    0.000    0.000    0.000    0.000
   45.3    5.41    0.048    0.045    0.002    0.000    0.000    0.000    0.000
   55.2    5.41    0.031    0.031    0.000    0.000    0.000    0.000    0.000
   65.3    5.41    0.018    0.018    0.000    0.000    0.000    0.000    0.000
    8.2    5.60    0.067    0.005    0.029    0.033    0.000    0.000    0.000
   15.2    5.60    0.144    0.013    0.080    0.051    0.000    0.000    0.000
   25.4    5.60    0.198    0.036    0.155    0.007    0.000    0.000    0.000
   35.9    5.60    0.101    0.039    0.063    0.000    0.000    0.000    0.000
   45.4    5.61    0.080    0.055    0.026    0.000    0.000    0.000    0.000
   55.3    5.61    0.061    0.056    0.006    0.000    0.000    0.000    0.000
   65.5    5.61    0.042    0.041    0.000    0.000    0.000    0.000    0.000
   75.1    5.61    0.032    0.032    0.000    0.000    0.000    0.000    0.000
   84.8    5.61    0.021    0.021    0.000    0.000    0.000    0.000    0.000
   94.4    5.61    0.016    0.016    0.000    0.000    0.000    0.000    0.000
  116.1    5.63    0.023    0.023    0.000    0.000    0.000    0.000    0.000
    8.2    5.80    0.048    0.003    0.020    0.024    0.000    0.000    0.000
   15.3    5.80    0.114    0.009    0.055    0.049    0.000    0.000    0.000
   25.6    5.80    0.192    0.025    0.139    0.029    0.000    0.000    0.000
   36.0    5.80    0.118    0.027    0.091    0.000    0.000    0.000    0.000
   45.5    5.80    0.108    0.041    0.067    0.000    0.000    0.000    0.000
   55.3    5.81    0.098    0.058    0.040    0.000    0.000    0.000    0.000
   65.5    5.81    0.071    0.058    0.013    0.000    0.000    0.000    0.000
   75.2    5.81    0.060    0.055    0.004    0.000    0.000    0.000    0.000
   84.9    5.81    0.044    0.043    0.001    0.000    0.000    0.000    0.000
   94.5    5.81    0.038    0.038    0.000    0.000    0.000    0.000    0.000
  118.7    5.80    0.064    0.064    0.000    0.000    0.000    0.000    0.000
  120.6    5.85    0.023    0.023    0.000    0.000    0.000    0.000    0.000
    8.1    6.01    0.044    0.003    0.018    0.023    0.000    0.000    0.000
   15.9    6.01    0.105    0.008    0.048    0.049    0.000    0.000    0.000
   25.5    5.99    0.159    0.016    0.092    0.051    0.000    0.000    0.000
   35.2    6.01    0.148    0.022    0.114    0.012    0.000    0.000    0.000
   45.2    6.00    0.125    0.029    0.096    0.000    0.000    0.000    0.000
   54.6    6.00    0.155    0.048    0.106    0.002    0.000    0.000    0.000
   65.3    6.01    0.116    0.057    0.059    0.000    0.000    0.000    0.000
   75.5    6.00    0.084    0.057    0.027    0.000    0.000    0.000    0.000
   85.3    6.01    0.080    0.065    0.015    0.000    0.000    0.000    0.000
   95.2    6.00    0.058    0.053    0.005    0.000    0.000    0.000    0.000
  120.7    6.01    0.171    0.169    0.003    0.000    0.000    0.000    0.000
  168.2    6.02    0.036    0.036    0.000    0.000    0.000    0.000    0.000
  170.5    6.01    0.029    0.029    0.000    0.000    0.000    0.000    0.000
    7.9    6.20    0.039    0.003    0.016    0.021    0.000    0.000    0.000
   16.5    6.20    0.107    0.008    0.047    0.052    0.000    0.000    0.000
   26.3    6.19    0.134    0.010    0.058    0.061    0.005    0.000    0.000
   34.2    6.20    0.159    0.018    0.105    0.036    0.000    0.000    0.000
   44.4    6.20    0.140    0.022    0.111    0.007    0.000    0.000    0.000
   54.7    6.20    0.253    0.045    0.178    0.029    0.000    0.000    0.000
   65.6    6.20    0.118    0.036    0.082    0.000    0.000    0.000    0.000
   75.4    6.20    0.119    0.047    0.072    0.000    0.000    0.000    0.000
   85.2    6.20    0.106    0.054    0.053    0.000    0.000    0.000    0.000
   95.4    6.20    0.089    0.056    0.033    0.000    0.000    0.000    0.000
  121.7    6.20    0.294    0.255    0.039    0.000    0.000    0.000    0.000
  168.0    6.21    0.102    0.101    0.000    0.000    0.000    0.000    0.000
  170.4    6.21    0.052    0.052    0.000    0.000    0.000    0.000    0.000
    7.6    6.40    0.027    0.002    0.011    0.014    0.000    0.000    0.000
   16.3    6.40    0.089    0.006    0.038    0.045    0.000    0.000    0.000
   27.4    6.38    0.148    0.010    0.060    0.068    0.011    0.000    0.000
   35.5    6.40    0.115    0.011    0.064    0.039    0.002    0.000    0.000
   44.1    6.40    0.111    0.013    0.077    0.020    0.000    0.000    0.000
   54.3    6.40    0.184    0.026    0.137    0.021    0.000    0.000    0.000
   64.6    6.40    0.127    0.025    0.100    0.002    0.000    0.000    0.000
   74.9    6.40    0.147    0.036    0.111    0.000    0.000    0.000    0.000
   84.9    6.40    0.127    0.038    0.088    0.001    0.000    0.000    0.000
   95.9    6.42    0.144    0.047    0.093    0.005    0.000    0.000    0.000
  110.9    6.47    0.209    0.038    0.156    0.015    0.000    0.000    0.000
  122.8    6.40    0.405    0.249    0.156    0.000    0.000    0.000    0.000
  163.5    6.39    0.050    0.042    0.007    0.000    0.000    0.000    0.000
  170.3    6.41    0.203    0.187    0.015    0.000    0.000    0.000    0.000
    7.3    6.60    0.034    0.002    0.014    0.018    0.000    0.000    0.000
   16.2    6.60    0.047    0.003    0.020    0.024    0.000    0.000    0.000
   25.9    6.59    0.094    0.007    0.041    0.043    0.004    0.000    0.000
   35.2    6.59    0.138    0.009    0.057    0.056    0.015    0.000    0.000
   44.9    6.60    0.100    0.011    0.064    0.024    0.001    0.000    0.000
   54.8    6.60    0.102    0.014    0.078    0.010    0.000    0.000    0.000
   64.7    6.61    0.257    0.028    0.141    0.087    0.001    0.000    0.000
   74.4    6.59    0.159    0.027    0.109    0.022    0.000    0.000    0.000
   84.1    6.60    0.112    0.025    0.078    0.009    0.000    0.000    0.000
   98.2    6.60    0.572    0.079    0.346    0.147    0.000    0.000    0.000
  107.6    6.62    0.267    0.032    0.176    0.059    0.000    0.000    0.000
  112.3    6.56    0.432    0.061    0.310    0.061    0.000    0.000    0.000
  124.3    6.61    0.437    0.206    0.218    0.013    0.000    0.000    0.000
  142.1    6.63    0.020    0.004    0.016    0.000    0.000    0.000    0.000
  153.8    6.59    0.026    0.006    0.019    0.001    0.000    0.000    0.000
  167.2    6.61    0.156    0.113    0.043    0.000    0.000    0.000    0.000
  172.5    6.60    0.187    0.125    0.062    0.000    0.000    0.000    0.000
  186.1    6.61    0.109    0.045    0.064    0.000    0.000    0.000    0.000
    6.9    6.80    0.024    0.002    0.010    0.012    0.000    0.000    0.000
   15.1    6.80    0.039    0.003    0.016    0.020    0.000    0.000    0.000
   25.5    6.80    0.075    0.006    0.033    0.036    0.000    0.000    0.000
   35.8    6.79    0.101    0.006    0.038    0.042    0.014    0.000    0.000
   45.7    6.80    0.084    0.008    0.049    0.027    0.000    0.000    0.000
   55.5    6.80    0.094    0.011    0.064    0.020    0.000    0.000    0.000
   64.3    6.81    0.295    0.022    0.130    0.132    0.011    0.000    0.000
   74.8    6.80    0.098    0.015    0.076    0.007    0.000    0.000    0.000
   84.5    6.80    0.096    0.017    0.074    0.005    0.000    0.000    0.000
   97.8    6.78    0.966    0.081    0.442    0.441    0.001    0.000    0.000
  107.6    6.84    0.020    0.001    0.009    0.010    0.000    0.000    0.000
  113.8    6.77    0.471    0.043    0.249    0.180    0.000    0.000    0.000
  125.1    6.80    0.472    0.148    0.321    0.003    0.000    0.000    0.000
  144.0    6.78    0.023    0.003    0.015    0.005    0.000    0.000    0.000
  153.6    6.84    0.031    0.005    0.024    0.003    0.000    0.000    0.000
  168.3    6.80    0.204    0.103    0.096    0.005    0.000    0.000    0.000
  174.6    6.80    0.289    0.102    0.173    0.015    0.000    0.000    0.000
  185.4    6.84    0.160    0.035    0.116    0.008    0.000    0.000    0.000
  192.6    6.77    0.031    0.007    0.024    0.000    0.000    0.000    0.000
   15.6    6.95    0.019    0.001    0.008    0.010    0.000    0.000    0.000
   24.8    6.95    0.025    0.002    0.011    0.012    0.000    0.000    0.000
   34.1    6.96    0.067    0.003    0.019    0.028    0.015    0.001    0.000
   45.1    6.95    0.036    0.003    0.019    0.014    0.000    0.000    0.000
   54.6    6.95    0.042    0.004    0.025    0.013    0.000    0.000    0.000
   64.0    6.99    0.123    0.008    0.050    0.051    0.014    0.000    0.000
   75.4    6.95    0.044    0.006    0.032    0.006    0.000    0.000    0.000
   85.5    6.95    0.044    0.006    0.035    0.003    0.000    0.000    0.000
   97.8    6.96    0.451    0.029    0.166    0.243    0.014    0.000    0.000
  109.5    6.98    0.100    0.005    0.033    0.059    0.002    0.000    0.000
  113.5    7.04    0.593    0.034    0.202    0.336    0.022    0.000    0.000
  126.1    6.97    0.340    0.071    0.251    0.018    0.000    0.000    0.000
  135.9    7.05    0.015    0.001    0.006    0.008    0.000    0.000    0.000
  143.6    7.00    0.054    0.004    0.026    0.023    0.000    0.000    0.000
  154.1    6.95    0.015    0.001    0.006    0.008    0.000    0.000    0.000
  166.5    6.95    0.162    0.045    0.105    0.012    0.000    0.000    0.000
  173.8    7.03    0.409    0.081    0.253    0.076    0.000    0.000    0.000
  183.8    6.97    0.229    0.031    0.153    0.044    0.000    0.000    0.000
  191.6    6.96    0.075    0.013    0.062    0.001    0.000    0.000    0.000
   32.5    7.17    0.026    0.001    0.004    0.010    0.010    0.002    0.000
   98.0    7.18    0.094    0.004    0.026    0.052    0.011    0.000    0.000
  109.4    7.22    0.219    0.010    0.057    0.127    0.025    0.000    0.000
  110.9    7.25    0.020    0.001    0.006    0.011    0.001    0.000    0.000
  127.7    7.18    0.274    0.028    0.150    0.089    0.006    0.000    0.000
  134.9    7.24    0.541    0.027    0.162    0.320    0.032    0.000    0.000
  141.4    7.25    0.072    0.004    0.023    0.042    0.004    0.000    0.000
  153.4    7.15    0.064    0.004    0.026    0.032    0.001    0.000    0.000
  164.8    7.25    0.177    0.011    0.067    0.095    0.004    0.000    0.000
  173.2    7.20    0.263    0.042    0.166    0.055    0.000    0.000    0.000
  182.3    7.15    0.450    0.041    0.233    0.176    0.000    0.000    0.000
  193.3    7.26    0.076    0.006    0.038    0.032    0.000    0.000    0.000
   97.9    7.40    0.070    0.003    0.016    0.034    0.017    0.000    0.000
  117.3    7.35    0.058    0.002    0.014    0.033    0.010    0.000    0.000
  122.0    7.35    0.403    0.019    0.108    0.221    0.055    0.000    0.000
  132.6    7.43    0.661    0.035    0.207    0.333    0.086    0.000    0.000
  144.7    7.35    0.022    0.001    0.006    0.013    0.002    0.000    0.000
  153.3    7.45    0.029    0.001    0.008    0.018    0.002    0.000    0.000
  174.5    7.35    0.494    0.044    0.241    0.199    0.010    0.000    0.000
  181.2    7.40    0.368    0.021    0.128    0.205    0.014    0.000    0.000
  191.8    7.38    0.029    0.002    0.013    0.013    0.000    0.000    0.000
   97.7    7.60    0.498    0.015    0.089    0.222    0.166    0.006    0.000
  108.3    7.60    0.130    0.004    0.024    0.060    0.041    0.001    0.000
  113.0    7.64    0.044    0.001    0.008    0.021    0.013    0.000    0.000
  135.7    7.59    0.843    0.033    0.195    0.424    0.192    0.000    0.000
  155.5    7.55    0.045    0.002    0.011    0.025    0.007    0.000    0.000
  173.0    7.57    0.123    0.011    0.063    0.043    0.005    0.000    0.000
  185.4    7.53    0.208    0.010    0.062    0.122    0.013    0.000    0.000
  194.0    7.58    0.048    0.003    0.015    0.027    0.003    0.000    0.000
   97.7    7.78    0.733    0.020    0.117    0.295    0.278    0.023    0.000
  116.9    7.76    0.056    0.002    0.010    0.024    0.019    0.001    0.000
  136.9    7.77    0.200    0.006    0.037    0.093    0.063    0.001    0.000
  194.9    7.73    0.014    0.001    0.004    0.008    0.002    0.000    0.000
   98.1    7.94    0.242    0.006    0.037    0.094    0.091    0.015    0.000
   98.2    8.11    0.014    0.000    0.002    0.005    0.005    0.001    0.000

Summary statistics for above 1.0s PSA  deaggregation, R=distance, e=epsilon:
Contribution from this GMPE(%):   25.6
 Mean src-site R=  103.0 km; M= 6.72; eps0=   0.25. Mean calculated for all sources.
Modal src-site R=   97.8 km; M= 6.78; eps0=   0.41 from peak (R,M) bin
 MODE R*=  97.6km; M*= 6.78; EPS.INTERVAL: 1 to 2 sigma  % CONTRIB.=  0.442

Principal sources (faults, subduction, random seismicity having >10% contribution)
Source Category:                 % contr.  R(km)    M   epsilon0 (mean values).
California B-faults Char            5.35   131.6   7.19    0.10
Extensional Zones gridded          10.70    68.2   6.17    0.38
Individual fault hazard details if its contribution to mean hazard > 2%: 
Fault ID                         % contr.   Rcd(km)  M   epsilon0 Site-to-src azimuth(d)
Death Valley (No) Char              0.72   134.8   7.32   -0.05     -68.0
Owl Lake Char                       0.54   110.8   6.62    0.83    -112.4
Death Valley (Black Mtns Frontal    0.73   109.6   7.19   -0.10    -102.6
Death Valley (So) Char              0.88    98.2   6.80    0.38    -124.6
Death Valley (No) GR                0.47   160.0   6.99    0.68     -64.5
Death Valley (Black Mtns Frontal    0.65   111.2   6.88    0.41     -91.0
Death Valley (So) GR                0.56    99.4   6.65    0.64    -119.4
Death Valley Connected GR           0.70   124.8   7.26   -0.05     -86.5
#*********End of deaggregation corresponding to Chiou-Youngs 2008        *********#

******************** Intermountain Seismic Belt***********************************
