*** Deaggregation of Seismic Hazard at One Period of Spectral Accel. ***
*** Data from U.S.G.S. National Seismic Hazards Mapping Project, 2008 version ***
PSHA Deaggregation. % Contributions. Site: LA long: 117.910 d W., lat: 33.900 N.
Input Vs30 (m/s) = 760.0 (some WUS atten. models use Site Class not Vs30).  
NSHMP 2007-08 update. See USGS OFR 2008-1128. Analysis on DaMoYr:07/01/2009
Mean Return Period: 975   years. 3.00 s. PSA =0.10498  g. Computed rateEx 0.101E-02
#Pr[at least one eq with median motion>=PSA in 50 yrs]=0.00389
DIST(km) MAG(Mw) ALL_EPS EPSILON>2  1<EPS<2 0<EPS<1 -1<EPS<0 -2<EPS<-1 EPS<-2
    5.2    5.81    0.101    0.077    0.024    0.000    0.000    0.000    0.000
    5.9    6.01    0.218    0.141    0.077    0.000    0.000    0.000    0.000
    6.8    6.21    0.427    0.239    0.188    0.000    0.000    0.000    0.000
   13.2    6.24    0.104    0.104    0.000    0.000    0.000    0.000    0.000
    5.3    6.44    1.516    0.375    0.916    0.224    0.000    0.000    0.000
   13.9    6.42    0.856    0.796    0.061    0.000    0.000    0.000    0.000
    3.9    6.59    6.303    0.663    3.525    2.116    0.000    0.000    0.000
   15.0    6.59    1.522    1.199    0.323    0.000    0.000    0.000    0.000
   25.3    6.62    0.147    0.147    0.000    0.000    0.000    0.000    0.000
   31.4    6.61    0.146    0.146    0.000    0.000    0.000    0.000    0.000
    4.7    6.79   10.587    1.065    5.998    3.518    0.007    0.000    0.000
   15.1    6.76    1.096    0.598    0.498    0.000    0.000    0.000    0.000
   24.6    6.79    0.317    0.315    0.002    0.000    0.000    0.000    0.000
   31.5    6.77    0.520    0.519    0.001    0.000    0.000    0.000    0.000
    5.0    6.99   17.599    1.347    7.934    8.095    0.222    0.000    0.000
   15.7    6.94    0.297    0.123    0.172    0.002    0.000    0.000    0.000
   25.0    7.02    0.952    0.776    0.176    0.000    0.000    0.000    0.000
   32.2    6.98    0.762    0.690    0.072    0.000    0.000    0.000    0.000
   55.3    7.04    0.286    0.286    0.000    0.000    0.000    0.000    0.000
   63.2    6.99    0.058    0.058    0.000    0.000    0.000    0.000    0.000
    5.1    7.18    5.893    0.376    2.225    3.062    0.229    0.000    0.000
   25.3    7.19    1.075    0.635    0.440    0.000    0.000    0.000    0.000
   32.4    7.20    1.004    0.740    0.264    0.000    0.000    0.000    0.000
   55.6    7.24    0.758    0.683    0.075    0.000    0.000    0.000    0.000
   65.5    7.21    0.188    0.188    0.000    0.000    0.000    0.000    0.000
    5.2    7.39    1.084    0.057    0.338    0.612    0.077    0.000    0.000
   13.8    7.41    0.068    0.009    0.042    0.017    0.000    0.000    0.000
   25.6    7.36    1.062    0.457    0.586    0.019    0.000    0.000    0.000
   33.0    7.36    1.044    0.550    0.494    0.000    0.000    0.000    0.000
   44.4    7.37    0.160    0.133    0.027    0.000    0.000    0.000    0.000
   55.9    7.43    1.949    1.604    0.345    0.000    0.000    0.000    0.000
   66.8    7.40    0.317    0.297    0.020    0.000    0.000    0.000    0.000
   74.0    7.40    0.357    0.346    0.011    0.000    0.000    0.000    0.000
    5.2    7.61    2.059    0.092    0.547    1.142    0.278    0.000    0.000
   13.9    7.62    0.186    0.018    0.095    0.072    0.001    0.000    0.000
   23.9    7.55    0.902    0.201    0.608    0.093    0.000    0.000    0.000
   33.3    7.59    1.174    0.439    0.714    0.020    0.000    0.000    0.000
   44.8    7.55    0.095    0.062    0.033    0.000    0.000    0.000    0.000
   55.7    7.61    4.043    2.832    1.210    0.000    0.000    0.000    0.000
   65.3    7.60    0.784    0.594    0.191    0.000    0.000    0.000    0.000
   74.0    7.57    1.026    0.866    0.160    0.000    0.000    0.000    0.000
  104.4    7.67    0.179    0.166    0.013    0.000    0.000    0.000    0.000
  115.5    7.56    0.139    0.139    0.000    0.000    0.000    0.000    0.000
  123.2    7.60    0.059    0.059    0.000    0.000    0.000    0.000    0.000
    4.9    7.77    2.193    0.086    0.511    1.165    0.428    0.004    0.000
   23.7    7.71    0.100    0.014    0.066    0.020    0.000    0.000    0.000
   32.4    7.76    2.199    0.499    1.503    0.197    0.000    0.000    0.000
   55.9    7.80   11.263    4.660    6.603    0.000    0.000    0.000    0.000
   63.8    7.81    0.229    0.122    0.107    0.000    0.000    0.000    0.000
   74.1    7.73    0.086    0.068    0.018    0.000    0.000    0.000    0.000
  108.4    7.84    0.229    0.175    0.054    0.000    0.000    0.000    0.000
  113.6    7.80    0.199    0.199    0.000    0.000    0.000    0.000    0.000
  121.9    7.70    0.121    0.121    0.000    0.000    0.000    0.000    0.000
    4.9    7.96    0.210    0.007    0.042    0.103    0.057    0.001    0.000
   32.7    7.91    0.355    0.058    0.233    0.064    0.000    0.000    0.000
   56.2    7.99   11.076    3.606    6.982    0.487    0.000    0.000    0.000
   56.4    8.19    1.445    0.328    0.929    0.188    0.000    0.000    0.000
   56.4    8.39    0.054    0.007    0.030    0.017    0.000    0.000    0.000
  887.6    9.00    0.107    0.107    0.000    0.000    0.000    0.000    0.000

Summary statistics for above 3.0s PSA  deaggregation, R=distance, e=epsilon:
 Mean src-site R=   29.6 km; M= 7.29; eps0=   1.07. Mean calculated for all sources.
Modal src-site R=    5.0 km; M= 6.99; eps0=   0.45 from peak (R,M) bin
Gridded source distance metrics: Rrup(Rcd) and Rjb   
 MODE R*=   4.9km; M*= 6.99; EPS.INTERVAL: 0 to 1 sigma  % CONTRIB.=  8.095

Principal sources (faults, subduction, random seismicity       having >10% contribution)
Source Category:                % contr.   R(km)    M   epsilon0 (mean values)
California B-faults Char           18.24    16.2   7.00    1.08
California A-faults                70.17    33.0   7.46    1.04
Individual fault hazard details if contrib.> 2%: 
Puente Hills Char                   3.39     5.9   7.06    0.43
Puente Hills (Coyote Hills) Char    5.85     3.5   6.72    0.48
Puente Hills GR D2.1 & D2.4         2.07     6.5   6.83    0.83
Puente Hills (Coyote Hills) GR      3.90     3.5   6.61    0.59
Elsinore; Whittier aPriori          9.49     4.9   6.96    0.50
SSAnd;PK+CH+CC+BB+NM+SM aPriori     4.83    56.4   7.91    1.40
Elsinore; Whittier MoBal           13.78     4.9   6.95    0.52
Elsinore aflt, unsegmented          4.24     7.3   7.52    0.08
S. San Andreas Unsegmented A-flt    2.38    56.8   7.89    1.43
******************** Southern California ****************************************
