*** Deaggregation of Seismic Hazard at One Period of Spectral Accel. ***
*** Data from U.S.G.S. National Seismic Hazards Mapping Project, 2008 version ***
PSHA Deaggregation. % Contributions. Site: EOreg long: 121.500 d W., lat: 43.000 N.
Input Vs30 (m/s) = 760.0 (some WUS atten. models use Site Class not Vs30).  
NSHMP 2007-08 update. See USGS OFR 2008-1128. Analysis on DaMoYr:13/08/2008
Mean Return Period: 4975  years. 1.00 s. PSA =0.3239   g. Computed rateEx 0.200E-03
#Pr[at least one eq with median motion>=PSA in 50 yrs]=0.00143
DIST(km) MAG(Mw) ALL_EPS EPSILON>2  1<EPS<2 0<EPS<1 -1<EPS<0 -2<EPS<-1 EPS<-2
    5.3    5.21    0.067    0.053    0.013    0.000    0.000    0.000    0.000
    5.6    5.41    0.129    0.080    0.050    0.000    0.000    0.000    0.000
    5.9    5.60    0.192    0.084    0.106    0.003    0.000    0.000    0.000
    6.2    5.80    0.236    0.079    0.135    0.022    0.000    0.000    0.000
    6.6    6.01    0.332    0.096    0.205    0.031    0.000    0.000    0.000
   13.2    6.02    0.085    0.078    0.007    0.000    0.000    0.000    0.000
    7.4    6.21    0.510    0.124    0.318    0.068    0.000    0.000    0.000
   14.2    6.19    0.115    0.098    0.016    0.000    0.000    0.000    0.000
    7.9    6.40    0.653    0.115    0.411    0.126    0.000    0.000    0.000
   16.0    6.41    0.144    0.107    0.037    0.000    0.000    0.000    0.000
    6.2    6.60    0.889    0.096    0.494    0.276    0.023    0.000    0.000
   13.8    6.59    1.790    0.646    1.074    0.070    0.000    0.000    0.000
   23.7    6.60    0.257    0.245    0.013    0.000    0.000    0.000    0.000
    8.3    6.84    2.015    0.137    0.801    1.023    0.054    0.000    0.000
   13.1    6.83    5.622    1.103    3.412    1.107    0.000    0.000    0.000
   23.5    6.82    0.682    0.565    0.118    0.000    0.000    0.000    0.000
   33.7    6.80    0.074    0.073    0.001    0.000    0.000    0.000    0.000
    9.4    7.04    5.565    0.291    1.738    3.156    0.379    0.000    0.000
   12.2    7.04   12.199    1.352    6.086    4.596    0.164    0.000    0.000
   22.7    7.00    0.343    0.207    0.135    0.000    0.000    0.000    0.000
    9.6    7.22    6.237    0.288    1.722    3.525    0.702    0.000    0.000
   11.8    7.22   12.803    1.023    5.415    5.930    0.436    0.000    0.000
   47.2    7.25    0.062    0.062    0.000    0.000    0.000    0.000    0.000
    9.6    7.40    2.162    0.092    0.552    1.176    0.342    0.000    0.000
   11.5    7.40    4.065    0.271    1.527    2.073    0.195    0.000    0.000
   46.4    7.43    0.061    0.057    0.004    0.000    0.000    0.000    0.000
   55.8    7.36    0.050    0.050    0.000    0.000    0.000    0.000    0.000
    9.6    7.58    0.233    0.009    0.055    0.122    0.046    0.000    0.000
   11.5    7.57    0.518    0.029    0.165    0.277    0.047    0.000    0.000
  189.7    8.00    0.148    0.148    0.000    0.000    0.000    0.000    0.000
  189.4    8.16    0.558    0.373    0.185    0.000    0.000    0.000    0.000
  230.9    8.15    0.138    0.128    0.010    0.000    0.000    0.000    0.000
  247.4    8.16    0.082    0.082    0.000    0.000    0.000    0.000    0.000
  267.3    8.15    0.076    0.076    0.000    0.000    0.000    0.000    0.000
  188.8    8.41    3.053    1.390    1.664    0.000    0.000    0.000    0.000
  215.7    8.49    0.182    0.078    0.104    0.000    0.000    0.000    0.000
  226.8    8.42    0.520    0.233    0.287    0.000    0.000    0.000    0.000
  230.4    8.37    0.472    0.271    0.200    0.000    0.000    0.000    0.000
  246.9    8.42    0.591    0.313    0.278    0.000    0.000    0.000    0.000
  267.2    8.41    0.456    0.303    0.153    0.000    0.000    0.000    0.000
  272.2    8.46    0.209    0.120    0.089    0.000    0.000    0.000    0.000
  320.9    8.50    0.093    0.075    0.018    0.000    0.000    0.000    0.000
  332.1    8.30    0.067    0.067    0.000    0.000    0.000    0.000    0.000
  353.0    8.40    0.091    0.091    0.000    0.000    0.000    0.000    0.000
  390.7    8.50    0.055    0.055    0.000    0.000    0.000    0.000    0.000
  188.8    8.65    2.600    1.289    1.311    0.000    0.000    0.000    0.000
  216.5    8.65    0.379    0.187    0.191    0.000    0.000    0.000    0.000
  229.4    8.64    0.507    0.198    0.309    0.000    0.000    0.000    0.000
  230.8    8.68    0.108    0.108    0.000    0.000    0.000    0.000    0.000
  246.6    8.65    0.569    0.271    0.298    0.000    0.000    0.000    0.000
  268.4    8.65    0.363    0.196    0.167    0.000    0.000    0.000    0.000
  272.3    8.65    0.237    0.127    0.110    0.000    0.000    0.000    0.000
  321.0    8.63    0.135    0.108    0.026    0.000    0.000    0.000    0.000
  376.2    8.60    0.059    0.059    0.000    0.000    0.000    0.000    0.000
  188.8    8.80    2.346    1.135    1.210    0.000    0.000    0.000    0.000
  216.4    8.80    0.206    0.060    0.146    0.000    0.000    0.000    0.000
  227.8    8.80    0.540    0.276    0.265    0.000    0.000    0.000    0.000
  230.3    8.80    0.195    0.195    0.000    0.000    0.000    0.000    0.000
  246.9    8.80    0.437    0.240    0.198    0.000    0.000    0.000    0.000
  268.1    8.80    0.338    0.182    0.156    0.000    0.000    0.000    0.000
  188.1    9.00   11.787    4.540    7.247    0.000    0.000    0.000    0.000
  229.0    9.00    2.710    1.695    1.015    0.000    0.000    0.000    0.000
  247.1    9.00    2.117    1.387    0.729    0.000    0.000    0.000    0.000
  265.4    9.00    0.825    0.553    0.271    0.000    0.000    0.000    0.000
  188.1    9.20    5.063    1.517    3.546    0.000    0.000    0.000    0.000
  229.0    9.20    1.184    0.607    0.577    0.000    0.000    0.000    0.000
  247.1    9.20    0.929    0.604    0.325    0.000    0.000    0.000    0.000
  265.4    9.20    0.363    0.272    0.091    0.000    0.000    0.000    0.000

Summary statistics for above 1.0s PSA  deaggregation, R=distance, e=epsilon:
 Mean src-site R=   94.0 km; M= 7.80; eps0=   0.95. Mean calculated for all sources.
Modal src-site R=   11.8 km; M= 7.22; eps0=   0.36 from peak (R,M) bin
Gridded source distance metrics: Rrup(Rcd) and Rjb   
 MODE R*= 188.1km; M*= 9.00; EPS.INTERVAL: 1 to 2 sigma  % CONTRIB.=  7.247

Principal sources (faults, subduction, random seismicity       having >10% contribution)
Source Category:                % contr.   R(km)    M   epsilon0 (mean values)
Cascadia M8.3-M8.7 Floating        10.97   221.0   8.52    1.67
Cascadia Megathrust                29.12   206.2   9.02    1.58
Wash-Oreg Extensional faults       53.04    11.8   7.11    0.41
Individual fault hazard details if contrib.> 2%: 
Chemult graben FS (west), 50d di   21.35    11.3   7.17    0.30
Chemult graben FS (west), 40d di   14.44     9.6   7.16   -0.06
Chemult graben FS (west), 60d di    3.55    12.7   7.17    0.64
Chemult graben FS (W),GR. 50d di    6.36    14.7   6.91    1.01
Chemult graben FS (W),GR. 40d       4.40    13.0   6.91    0.81
******************** Southern Oregon site ************************************
