-50               !Use with hazFX. Characteristic-M fault file 
24.6 50. 0.05           !site grid. Using M=M(SRL) Wells and Co. except special situations 
-125. -100. 0.05
760.0 2.0          ! Vs30 and depth (km) to 2.5 km/s rock
1.0 300.
3       !3 spectral periods.  M<6.5 sources are in a separate file
0. 1. 0. PGA. 
0.370 0.220 0.220
0.250 0.230 0.230
0.400 0.360 0.330
DET/2014WUSgeo.65.pga
20
.005 .007 .0098 .0137 .0192 .0269 .0376 .0527 .0738 .103 .145 .203 .284 .397 .556 .778 1.09 1.52 2.2 3.3
5
35 0.22 1000.   0.0 0 CY2013
34 0.22 1000.   0.0 0 CB2013
33 0.22 1000.   0.0 0 BSSA2013
36 0.22 1000.   0.0 0 AS2013
37 0.12 1000.   0.0 0 ID2013
0.20 1. 0. PSA
0.370 0.220 0.220
0.250 0.230 0.230
0.400 0.360 0.330
DET/2014WUSgeo.65.5hz
19
.005 .0075 .0113 .0169 .0253 .0380 .0570 .0854 .128 .192 .288 .432 .649 .973 1.46 2.19 3.28 4.92 7.38
5
35 0.22 1000.   0.0 0 CY2013
34 0.22 1000.   0.0 0 CB2013
33 0.22 1000.   0.0 0 BSSA2013
36 0.22 1000.   0.0 0 AS2013
37 0.12 1000.   0.0 0 ID2013
1.00 1. 0. PSA
0.370 0.220 0.220
0.250 0.230 0.230
0.400 0.360 0.330
DET/2014WUSgeo.65.1hz
20
.0025 .00375 .00563 .00844 .0127 .0190 .0285 .0427 .0641 .0961 .144 .216 .324 .487 .730 1.09 1.64 2.46 3.69 5.54
5
35 0.22 1000.   0.0 0 CY2013
34 0.22 1000.   0.0 0 CB2013
33 0.22 1000.   0.0 0 BSSA2013
36 0.22 1000.   0.0 0 AS2013
37 0.12 1000.   0.0 0 ID2013
1.  1.
1               !3 branches on Magnitude epistemic variability
0.
1.
0.12 5          !M aleatory variability, sigma=0.12, 5 steps on either side of 0, each sigma*0.4
     1    3    1    1   865 Mount Hood fault                              
   6.290000      4.4446075E-04  0.6000000      1.3577945E+15
   50.00000       19.58112      0.0000000E+00   11.06647    
           5
      45.33090     -121.80624
      45.32901     -121.81756
      45.33431     -121.83058
      45.35453     -121.85808
      45.38588     -121.91854
    1    3    1    1   834 Paulina Marsh fault                           
   6.260000      8.4111799E-04  0.6000000      2.3166342E+15
   50.00000       19.58112      0.0000000E+00   10.41728    
           5
      43.23120     -121.03912
      43.18924     -121.00515
      43.17613     -120.99725
      43.15771     -120.99518
      43.14855     -120.98421
    1    2    1    1   890 ' thrust and reverse faults        
   6.290000      1.3347843E-03   1.000000      4.0776666E+15
   60.00000       17.32051      0.0000000E+00   10.96146    
           3
      43.28849     -124.29931
      43.27761     -124.31117
      43.19487     -124.33597
    1    2    1    1   885 Yaquina faults                                
   6.140000      1.6188847E-03  0.5000000      2.9458875E+15
   60.00000       17.32051      0.0000000E+00   8.183013    
           3
      44.64147     -123.98667
      44.63195     -124.03321
      44.60868     -124.07742
    1    3    1    1   1733 Eglington fault                              
   6.290000      4.6499999E-04  0.6000000      1.4205403E+15
   50.00000       19.58112      0.0000000E+00   10.99656    
           6
      36.23076     -115.22067
      36.24720     -115.21735
      36.26185     -115.20738
      36.26661     -115.18806
      36.28952     -115.15536
      36.30291     -115.14907
    1    3    1    1   1644 Peavine Peak fault zone                      
   6.360000      8.3330000E-04  0.6000000      3.2419143E+15
   50.00000       19.58112      0.0000000E+00   12.67924    
           7
      39.58701     -119.91092
      39.59420     -119.91056
      39.60579     -119.91846
      39.62573     -119.94335
      39.63319     -119.96375
      39.63238     -119.97444
      39.66849     -119.99798
      1    3    1    1   648a Red Rock Hills fault                         
   6.270000      4.8975786E-04  0.6000000      1.3963084E+15
   50.00000       19.58112      0.0000000E+00   10.71093    
           3
      44.94772     -112.79269
      44.90801     -112.75200
      44.87360     -112.70627
    1    3    1    1   667 Georgia Gulch fault                           
   6.420000      7.1402872E-05  0.6000000      3.4175588E+14
   50.00000       19.58112      0.0000000E+00   14.37637    
           5
      45.62593     -112.26820
      45.58343     -112.25507
      45.56088     -112.26118
      45.53770     -112.24834
      45.50015     -112.24016
    1    3    1    1   1003 Dutchman Draw fault                          
   6.490000      1.5529983E-04  0.6000000      9.4660945E+14
   50.00000       19.58112      0.0000000E+00   16.45904    
           5
      37.00043     -113.34864
      36.98705     -113.36535
      36.95165     -113.42887
      36.93988     -113.46777
      36.91886     -113.50119
    1    1    1    1   1307 Indian Head fault                            
   6.450000      1.2898716E-04   1.000000      6.8477033E+14
   90.00000       15.00000      0.0000000E+00   15.21712    
           5
      38.66859     -118.37451
      38.64362     -118.36706
      38.61559     -118.35169
      38.56537     -118.29797
      38.55180     -118.28907
    1    1    1    1   1304 Rattlesnake Flat fault                       
   6.460000      1.2654565E-04   1.000000      6.9542278E+14
   90.00000       15.00000      0.0000000E+00   15.45384    
           4
      38.32460     -118.47900
      38.32047     -118.44666
      38.35057     -118.33849
      38.35362     -118.30910
1    1    1    0   1660 Spanish Springs Peak fault                   
   6.000000      1.9699172E-04   1.000000      2.2102796E+14
   90.00000       15.00000      0.0000000E+00   4.911732    
           3
      39.60579     -119.61211
      39.59096     -119.63663
      39.57470     -119.65208
    1    3    1    1   698 Jocko fault                                   
   6.470000      1.7155163E-04  0.6000000      9.7587885E+14
   50.00000       19.58112      0.0000000E+00   15.90746    
           4
      47.14798     -113.97453
      47.12525     -113.98396
      47.05608     -114.04640      
      47.01825     -114.05458
    1    3    1    1   696 Thompson Valley fault                         
   6.220000      2.4481845E-04  0.6000000      5.8728000E+14
   50.00000       19.58112      0.0000000E+00   9.573047    
           2
      47.76645     -114.97842
      47.68272     -114.94868
   1    3    1    1   903 Acala fault                                   
   6.090000      3.2740910E-04  0.6000000      5.0129355E+14
   50.00000       19.58112      0.0000000E+00   7.428555    
           2
      31.41141     -105.93845
      31.36011     -105.88831
    1    3    1    1   1116 Black Hills fault                            
   6.180000      3.2281983E-04  0.6000000      6.7446576E+14
   50.00000       19.58112      0.0000000E+00   8.795383    
           3
      35.89002     -114.96812
      35.92281     -114.94853
      35.95794     -114.91862
    1    3    1    1   1472 Duck Flat fault                              
   6.490000      2.0505686E-04  0.6000000      1.2498968E+15
   50.00000       19.58112      0.0000000E+00   16.29930    
           4
      41.14822     -119.94858
      41.11561     -119.94076
      41.03511     -119.94866
      41.00259     -119.94382
    1    3    1    1   1134 Dunn Glenn fault                             
   6.480000      2.0987136E-04  0.6000000      1.2358155E+15
   50.00000       19.58112      0.0000000E+00   16.11568    
           7
      40.87323     -117.90430
      40.86191     -117.93629
      40.85382     -117.94608
      40.82148     -117.95371
      40.78860     -117.97303
      40.77081     -117.97456
      40.75105     -117.96692
    1    3    1    1   1634 Eugene Mountains fault                       
   6.240000      3.0016276E-04  0.6000000      7.7153678E+14
   50.00000       19.58112      0.0000000E+00   10.06124    
           4
      40.87107     -118.23421
      40.84826     -118.23402
      40.82095     -118.24409
      40.78168     -118.24660
    1    3    1    1   1711 Northern Butte Valley fault                  
   6.490000      2.0845620E-04  0.6000000      1.2706171E+15
   50.00000       19.58112      0.0000000E+00   16.56951    
           6
      40.36567     -114.94562
      40.30943     -114.96493
      40.29703     -114.97562
      40.28391     -114.97482
      40.25723     -114.98532
      40.23145     -115.01641
    1    3    1    1   1158 Northern Simpson Park Mountains fault zone   
   6.370000      2.4611203E-04  0.6000000      9.9113403E+14
   50.00000       19.58112      0.0000000E+00   12.92490    
           6
      40.08805     -116.34679
      40.06218     -116.37248
      40.05688     -116.39323
      40.05967     -116.42369
      40.04861     -116.45065
      40.04331     -116.47598
    1    3    1    1   878 Grant Butte fault                             
   6.210000      3.4148953E-04  0.6000000      7.9136906E+14
   50.00000       19.58112      0.0000000E+00   9.381696    
           5
      45.49836     -122.43135
      45.48821     -122.45605
      45.48812     -122.47205
      45.47797     -122.49882
      45.47608     -122.54401
    1    2    1    1   886 Waldport fault                                
   6.430000      2.4699370E-04   1.000000      1.2237299E+15
   60.00000       17.32051      0.0000000E+00   14.56820    
           4
      44.33863     -124.08981
      44.42164     -124.06519
      44.45119     -124.06142
      44.46620     -124.05190

